7.117677499999999768e-02
1.719266499999999934e-02
-1.349180200000000066e-02
-8.043076999999999172e-03
-3.007189099999999990e-03
6.705118000000000189e-02
1.423248199999999943e-02
1.953823299999999860e-02
8.245340000000000308e-03
8.029415999999999290e-03
3.068484399999999931e-02
4.512449699999999952e-02
1.120727900000000055e-02
5.858545999999999893e-02
3.187249600000000016e-02
-6.913596999999999625e-03
3.392378199999999955e-02
2.938839600000000066e-02
-3.239305299999999804e-02
-3.038106999999999960e-02
-1.755837000000000023e-02
-6.351862599999999991e-03
1.694906900000000020e-03
-3.774390700000000015e-02
3.282936300000000029e-02
-1.400596649999999964e-02
-3.273535499999999897e-03
-1.277736100000000097e-01
2.476642700000000058e-02
-4.818742000000000164e-02
3.434337999999999974e-02
4.763284300000000110e-02
9.021594000000000835e-03
-2.851333299999999835e-02
3.404630699999999788e-02
4.443530999999999870e-02
-7.340687000000000254e-03
-1.014375700000000107e-03
2.500046400000000002e-02
-3.737642199999999942e-02
1.180506100000000037e-02
1.556287500000000032e-02
-1.033365600000000009e-02
3.452412400000000325e-02
-2.432348200000000044e-02
-4.755468699999999826e-02
-3.386066000000000076e-02
1.853234000000000131e-02
-5.676325399999999910e-02
3.979222999999999788e-02
2.350990099999999972e-02
3.450154500000000152e-02
-5.765506299999999945e-02
1.468795999999999990e-02
-1.666361099999999831e-02
-8.556128999999999818e-02
-4.494059499999999985e-02
-5.436487999999999737e-02
5.075000999999999818e-02
-2.355508900000000128e-02
-2.075470000000000093e-02
-5.061423799999999890e-02
8.337990000000000679e-02
-5.970281399999999988e-02
4.381753499999999774e-02
-4.217580700000000266e-02
-7.362173999999999975e-03
-1.063134099999999983e-04
-4.535896700000000004e-02
4.924451999999999996e-02
-1.016868599999999970e-02
2.462210999999999914e-02
-1.252923300000000073e-02
8.001101000000000046e-03
-3.478533799999999898e-02
1.852612000000000009e-02
-3.070129300000000103e-02
4.306205999999999814e-04
-4.108313500000000326e-03
1.581355400000000050e-02
-4.919633000000000339e-02
-8.775503999999999943e-03
2.500268599999999966e-02
2.908854599999999985e-02
-3.643416199999999910e-02
4.364112400000000336e-02
4.692423300000000269e-02
-7.498271299999999598e-03
-3.485508600000000040e-02
2.495918800000000021e-02
1.748428599999999888e-01
1.692536799999999966e-02
1.197712700000000061e-02
-8.930614999999999387e-03
6.133119399999999860e-02
-2.224082999999999963e-02
-7.869515600000000222e-02
-9.610952000000000384e-02
7.041150200000000428e-03
-1.440311900000000069e-02
4.234424600000000205e-02
-2.478263199999999888e-02
-2.818063300000000007e-02
-2.116147599999999851e-02
4.050491999999999981e-02
1.599314300000000133e-02
2.419231500000000156e-03
-6.604216999999999727e-02
-6.819901000000000435e-02
5.713267299999999840e-03
6.153321300000000327e-02
2.112541999999999892e-02
1.955937400000000090e-02
-2.281642899999999918e-02
-1.682379499999999903e-02
-9.967678000000000649e-03
-1.993262800000000085e-02
1.027925199999999914e-02
3.430731000000000058e-02
2.481740600000000035e-05
5.033226300000000208e-02
8.709445999999999855e-02
-2.870564299999999944e-02
4.910278700000000190e-02
2.263857600000000053e-02
-1.172058400000000047e-03
2.480764799999999942e-04
-1.097746599999999996e-02
-3.044535799999999875e-02
1.243258400000000000e-02
3.393141599999999897e-02
-1.467273699999999993e-02
1.426821799999999918e-02
4.003920000000000222e-03
-4.481944999999999679e-02
-2.325524400000000130e-02
8.666596599999999706e-02
-1.868384099999999964e-02
-1.434293950000000047e-02
3.761921499999999752e-02
-3.850895000000000012e-02
-2.903276700000000099e-02
-2.488756699999999933e-02
2.185624300000000089e-02
8.348026000000000361e-04
-6.474567999999999990e-02
4.336356000000000238e-02
3.276514999999999983e-02
3.206035000000000135e-02
1.831806999999999880e-02
4.527249399999999820e-03
-2.427626999999999910e-02
3.178875999999999924e-02
-2.335065199999999952e-02
-1.664115099999999986e-02
2.568569600000000092e-02
2.726098299999999905e-02
-3.513633000000000034e-02
2.392876700000000009e-02
-1.678067000000000100e-02
4.499460400000000054e-02
-5.186737699999999923e-02
-6.441426000000000096e-03
6.332032399999999728e-02
-1.646501200000000109e-02
4.930209399999999770e-03
3.707572100000000159e-03
-7.497640999999999334e-02
3.049659299999999806e-03
1.583131200000000016e-02
-7.875682999999999989e-02
-7.244962500000000361e-02
-4.238981800000000272e-02
-3.503225000000000089e-02
7.044162999999999987e-03
2.582925399999999832e-04
-1.660224000000000075e-02
-4.606152000000000163e-02
-2.044887000000000093e-02
7.167362000000000039e-04
8.865997999999999934e-02
1.850521200000000005e-03
2.297817400000000052e-02
-8.966963999999999144e-03
3.214273100000000164e-03
5.407450999999999751e-03
6.136075400000000346e-02
4.080303799999999981e-02
3.624866000000000199e-02
4.773841399999999985e-02
1.245868099999999923e-02
-2.463156199999999921e-02
-1.593235900000000010e-02
3.374848500000000168e-02
-5.343073500000000003e-03
6.148061999999999971e-02
1.926886499999999960e-02
-7.545877999999999787e-03
3.359739400000000178e-03
-3.141465400000000019e-02
1.832877100000000065e-02
8.933857000000000603e-02
1.565814999999999915e-02
-3.144493300000000130e-02
-2.429427799999999901e-02
6.648785999999999585e-02
-2.345955599999999946e-02
-3.051143499999999995e-02
-1.345663100000000015e-02
4.820147999999999794e-02
-1.794862399999999983e-02
-4.314327200000000334e-02
-5.327845700000000129e-02
-6.813899600000000202e-03
8.817711000000000646e-03
2.283763499999999849e-02
3.105267299999999939e-02
4.654798999999999742e-02
4.226490499999999845e-02
-4.413876700000000236e-02
5.469903699999999896e-02
2.983972000000000013e-02
-4.522392000000000079e-02
4.001825299999999669e-02
-5.719942500000000166e-03
-1.134098700000000029e-02
-8.226998000000000644e-02
9.884106000000000142e-03
3.199510299999999696e-02
-4.966977999999999671e-02
-7.804045499999999642e-03
3.897865999999999831e-02
1.458245050000000001e-02
1.310324950000000058e-02
-5.987522800000000256e-02
7.385461000000000283e-03
4.806441799999999764e-02
-1.269695099999999972e-02
-1.524088799999999931e-02
-1.484874450000000026e-02
-1.073787500000000046e-03
-8.603998999999999328e-03
5.600145000000000123e-02
-1.349128699999999938e-02
2.570063599999999893e-02
-7.301964999999999671e-03
8.499436000000000491e-02
3.269989999999999702e-02
-1.217202199999999936e-02
1.075276000000000010e-02
-1.650974300000000033e-02
-1.870538100000000009e-02
-7.986263000000000389e-02
-3.850033300000000203e-03
-6.149443999999999744e-02
1.826037800000000072e-02
3.565810999999999981e-02
2.616792700000000055e-02
8.685251000000000169e-04
2.799185699999999846e-03
5.982675400000000282e-02
-3.831456999999999918e-02
1.590700299999999942e-02
-1.464064099999999938e-02
-2.528266399999999983e-02
-6.270911499999999583e-02
1.293030849999999947e-02
2.220828600000000069e-02
8.456266000000000477e-03
-3.745088700000000215e-02
7.165684599999999627e-02
-4.030769000000000019e-02
-3.838157700000000006e-02
-2.267964399999999880e-02
-4.366726399999999730e-02
4.148211000000000259e-02
-1.873127999999999946e-02
1.275013200000000083e-02
-2.014933699999999980e-02
-1.993277099999999843e-02
5.724421500000000107e-02
-2.248409800000000097e-02
1.546874500000000076e-02
-2.600350599999999915e-02
3.102220199999999872e-02
-3.617346300000000292e-02
3.895134699999999988e-03
2.751017999999999823e-04
-1.676797099999999957e-02
-3.930576499999999945e-02
5.367746200000000217e-02
3.915346399999999893e-02
-4.369035999999999753e-02
-3.294762999999999858e-02
2.398371700000000162e-02
2.259550199999999995e-02
7.220885000000000498e-02
6.623709999999999321e-02
-5.624863499999999822e-02
-3.142145600000000039e-02
1.073628199999999934e-03
2.208675400000000011e-02
-4.557763399999999882e-02
3.331370000000000164e-02
-2.532149499999999942e-02
2.172922700000000026e-02
-1.522121400000000027e-02
4.369779299999999866e-02
-1.763418900000000150e-02
-3.722474400000000058e-03
2.310755199999999909e-03
5.436959999999999710e-02
-2.350571599999999942e-02
-1.051800299999999973e-02
-3.271828000000000236e-02
-3.622514799999999868e-02
-1.622269899999999876e-01
-3.585995000000000155e-02
3.013383000000000034e-02
1.576199400000000139e-02
-1.292493699999999919e-02
2.386880300000000094e-02
-3.095729800000000115e-02
3.901132200000000105e-02
1.016091099999999990e-02
-2.398411599999999977e-02
2.236896999999999844e-02
-2.244475500000000026e-02
6.475410600000000572e-02
3.798280300000000248e-02
5.431079500000000199e-02
1.580535299999999985e-03
3.400024799999999681e-02
-2.076949599999999840e-02
6.086971600000000253e-03
9.300324000000000438e-03
-6.631639000000000284e-02
5.758835000000000343e-03
7.534686999999999635e-02
-3.173120299999999949e-02
2.858076000000000019e-02
4.444501400000000144e-03
4.031351200000000273e-02
3.004448499999999925e-02
1.817837400000000062e-02
-6.874315000000000286e-02
-5.231274000000000340e-02
2.332759800000000060e-03
2.364188199999999948e-02
-1.856219400000000061e-02
3.520128499999999883e-02
5.165506999999999738e-02
-6.258892400000000411e-03
-1.953861900000000013e-02
1.398205850000000007e-02
3.106465400000000057e-02
2.776902499999999926e-02
3.496423700000000218e-02
3.286341200000000157e-02
8.196198599999999796e-04
7.719931000000000189e-03
6.274348000000000425e-02
2.753407999999999897e-02
2.570215600000000031e-02
4.018108000000000096e-02
9.839646500000000240e-03
2.861586400000000127e-02
5.907330300000000062e-02
-7.218233699999999486e-04
3.058672000000000127e-03
5.960227499999999970e-03
4.087469999999999992e-02
4.646925300000000203e-02
-3.042210600000000084e-02
1.931098700000000168e-02
-4.305401400000000156e-02
-3.158571599999999979e-02
-2.399660799999999913e-02
-3.490928199999999981e-02
-3.566278999999999977e-02
-1.777114299999999966e-02
-1.693622800000000109e-02
-2.976059500000000080e-02
1.421030050000000010e-02
2.595885000000000033e-03
9.291024999999999978e-02
-7.910778400000000044e-02
3.237919599999999898e-03
-4.729051499999999825e-02
2.242017299999999897e-03
7.160694300000000102e-03
6.360171000000000574e-02
-9.109084499999999668e-03
-4.627189999999999992e-04
-4.498886299999999699e-02
6.938743599999999678e-02
5.755264999999999687e-02
-1.957011000000000167e-02
-1.697219700000000137e-02
-2.024753400000000106e-02
-5.227630500000000208e-03
-1.637887199999999918e-02
3.434439999999999715e-02
-1.877240800000000084e-02
2.436303299999999922e-02
-4.211966000000000321e-02
4.689908999999999745e-02
6.868413999999999769e-03
-3.101799599999999907e-02
5.733189999999999814e-02
1.064204300000000034e-02
-4.092447500000000182e-02
-1.881212700000000140e-02
-2.546210000000000140e-02
-5.603456999999999882e-02
1.618693499999999995e-03
3.930898399999999820e-02
-4.266159000000000270e-03
2.447233500000000131e-02
5.003685499999999814e-02
-5.572212400000000135e-04
3.836951799999999829e-02
2.120384399999999947e-02
5.445881999999999980e-03
-5.196353799999999662e-02
-4.085683500000000107e-02
9.315575499999999287e-03
-2.169992600000000132e-02
3.615767000000000286e-02
-6.374577999999999668e-04
2.832360000000000086e-02
-5.324457000000000322e-03
-4.004564000000000387e-03
6.151548800000000011e-02
3.633751999999999815e-02
5.924471500000000335e-02
2.441928299999999996e-02
-1.302920299999999962e-02
-3.896608199999999911e-02
4.484337599999999729e-02
2.304120200000000021e-02
2.616706099999999841e-02
6.495824000000000042e-02
-2.648729299999999856e-02
1.106247999999999954e-02
2.430476200000000059e-03
-2.306443299999999877e-02
-2.774409700000000055e-03
1.159709599999999945e-02
-3.968676000000000148e-02
1.788094600000000173e-02
1.903099399999999899e-02
-7.761632000000000080e-03
-3.390415399999999885e-02
-5.318949399999999689e-02
7.253637999999999753e-02
1.322661699999999954e-02
9.934498000000000374e-04
-2.380884000000000125e-02
-1.020976600000000033e-02
-3.697905700000000268e-02
-1.218859899999999961e-02
-2.964977699999999869e-02
2.072192200000000026e-02
-4.309165000000000217e-02
2.998255400000000154e-02
-2.214916800000000033e-02
1.369122599999999948e-03
2.037829899999999902e-02
2.384163400000000044e-02
6.269837999999999800e-02
1.458276000000000017e-02
6.907581499999999874e-02
3.787882299999999897e-02
-1.349516700000000062e-02
-3.673314599999999886e-04
2.194495100000000073e-02
1.364050500000000068e-02
9.467833000000000152e-03
-7.710159799999999689e-03
-4.219795400000000279e-02
-1.672822599999999882e-02
8.716863000000000042e-03
3.180214800000000230e-02
7.478981000000000214e-04
-3.981092000000000311e-03
-6.918517400000000032e-03
8.836385999999999893e-03
-9.815926000000000859e-03
-5.677146400000000238e-03
8.346488000000000865e-03
5.795787600000000366e-03
-2.765051300000000156e-02
4.708852500000000195e-04
1.434133400000000072e-02
-2.162502999999999995e-02
3.733117500000000116e-02
-2.854137899999999867e-02
-1.703262700000000157e-02
5.587322599999999806e-02
7.968738999999999684e-02
1.711094399999999946e-02
-1.083196200000000053e-02
-5.353045499999999762e-02
-3.018944499999999878e-02
-1.231576399999999988e-02
-5.052776600000000173e-02
-1.123287599999999928e-02
-6.390355500000000077e-03
3.036060000000000147e-02
2.359036999999999940e-02
-2.732431700000000074e-02
3.076851699999999870e-02
1.460685599999999966e-02
-6.014823500000000128e-02
-4.523220000000000018e-02
-1.127832299999999939e-03
-7.005211400000000040e-03
-3.229739499999999958e-02
-1.895879400000000103e-02
2.581671599999999997e-02
-5.412286499999999917e-02
-1.611317899999999831e-02
-4.999777300000000056e-03
2.787740500000000093e-02
1.764024000000000147e-02
8.460747000000000406e-02
-5.538661999999999752e-03
1.831104000000000065e-02
1.101609100000000042e-02
-1.002458900000000042e-02
5.914053999999999839e-02
2.983817000000000066e-02
3.596687999999999968e-02
4.790117199999999881e-02
3.842759999999999926e-02
7.701833499999999333e-02
1.079574699999999964e-02
5.612756700000000321e-02
2.581245999999999888e-02
2.994573500000000110e-02
1.594893400000000142e-02
5.017441699999999893e-03
3.217292000000000068e-02
2.009646000000000002e-02
1.976008300000000120e-02
1.853142699999999962e-02
5.887272000000000338e-02
-2.239472199999999885e-02
4.173807999999999685e-02
-4.334239000000000147e-02
-4.449071000000000276e-02
-4.329771999999999788e-02
-2.560130500000000128e-02
3.538476000000000121e-02
-4.390771999999999731e-02
5.778008700000000081e-02
-2.129199500000000106e-02
-2.852905000000000024e-02
-2.253031700000000109e-02
3.966134000000000326e-02
-5.664101999999999852e-03
-5.140253299999999678e-04
-4.110530800000000012e-02
-4.090954000000000118e-02
-3.111182900000000057e-02
-1.000610600000000072e-02
4.282224999999999920e-02
2.332882799999999937e-02
1.948718299999999994e-03
4.401339199999999841e-02
-2.643114300000000069e-02
9.441145999999999219e-03
-3.091208999999999971e-02
3.098620800000000119e-02
-4.730380700000000327e-02
-8.116170000000000329e-02
-1.633849199999999960e-02
-2.754017200000000165e-03
3.796893200000000038e-03
-2.405724299999999899e-02
-2.576601900000000112e-02
2.463053499999999854e-02
3.208270299999999714e-02
1.251141449999999995e-02
-2.432774000000000048e-02
3.140541000000000166e-02
-4.970709599999999923e-02
-3.250950600000000051e-02
-1.208227549999999948e-04
1.271465700000000074e-02
1.548481999999999897e-03
1.944651500000000102e-02
-2.596030400000000002e-02
5.762405699999999936e-02
-2.212897700000000106e-02
-2.158580699999999852e-02
-2.053810799999999936e-02
4.976118999999999681e-02
1.940143999999999896e-02
3.125859999999999750e-02
-1.947994100000000018e-03
6.220415199999999867e-02
-7.662073699999999953e-03
-6.711449499999999624e-02
-5.211040399999999906e-02
-4.993667000000000245e-02
-7.735839499999999647e-02
-2.355405299999999841e-02
2.158625000000000127e-02
1.332076199999999988e-02
9.779545500000000335e-03
-3.423524599999999696e-02
-3.650981999999999839e-02
-6.549682499999999463e-02
-3.407588599999999968e-02
-3.278492400000000001e-02
-7.666226499999999333e-02
3.466069299999999936e-02
-3.170012299999999932e-03
3.567454999999999932e-02
-2.100536399999999859e-02
-1.159369399999999987e-02
-7.238733600000000004e-03
-4.939128500000000005e-02
2.123998699999999837e-02
3.481973700000000338e-02
-1.100680400000000024e-02
4.689962799999999876e-02
-2.832931299999999833e-02
1.397845699999999969e-02
3.164460899999999889e-03
5.977926399999999862e-02
1.207669100000000008e-03
-5.411552599999999713e-02
-2.795499400000000037e-02
-5.061638000000000248e-02
1.192969399999999937e-02
1.996203299999999882e-03
-1.825246399999999949e-02
1.106426700000000003e-03
3.417234499999999980e-02
9.515582999999999680e-02
2.672995800000000158e-02
-4.271595999999999727e-02
-1.910041800000000095e-02
1.065095500000000014e-02
-6.648440999999999379e-02
3.809769900000000049e-03
3.883637999999999674e-02
1.887507399999999863e-02
2.028717099999999968e-02
-3.893380600000000136e-02
3.968094499999999872e-03
-1.542234900000000013e-02
-1.570540700000000109e-02
1.116512599999999918e-02
-7.008271000000000639e-02
-2.349047699999999919e-02
-3.733677999999999997e-02
3.130983200000000272e-02
-1.815777200000000095e-04
-4.781998300000000340e-02
2.699296699999999966e-02
1.991445999999999841e-02
-1.622820800000000091e-02
-7.883511999999999464e-02
-2.122268299999999913e-02
-1.921670099999999923e-02
-7.543503499999999751e-02
3.386714700000000022e-02
-5.237962300000000015e-02
1.763830000000000085e-04
-7.452806499999999924e-03
-3.213650700000000165e-02
-1.106473200000000073e-02
5.026330999999999855e-02
9.506561999999999651e-03
-3.423618999999999968e-02
5.708188999999999798e-03
4.056073000000000317e-02
-1.180824400000000073e-02
1.810018999999999864e-02
-7.858927000000000274e-02
8.999983499999999548e-04
-1.204676600000000042e-02
5.234217299999999878e-02
-1.016291100000000017e-02
-3.481656699999999965e-02
-1.571372299999999889e-02
-1.327516400000000076e-02
-5.386724700000000005e-02
-6.600072999999999921e-04
5.586838000000000221e-02
2.332207600000000061e-02
7.676083999999999685e-02
-2.318521000000000123e-02
-3.537900000000000073e-03
-2.775715900000000000e-02
3.915625799999999934e-02
-2.707542900000000155e-02
-4.423564300000000157e-03
-5.747429999999999900e-02
-3.393282699999999874e-02
2.647359599999999941e-03
1.902678699999999900e-03
5.630589999999999901e-02
3.589708700000000113e-02
-8.304720999999999284e-03
7.041884600000000195e-03
-2.724144599999999902e-02
3.606938199999999706e-02
2.160901999999999962e-02
-3.860417399999999805e-02
1.246398300000000009e-03
1.933045900000000122e-02
4.187687999999999827e-02
2.607344799999999907e-02
-5.917662000000000399e-04
-1.461177100000000083e-02
1.490605000000000055e-02
2.813792799999999955e-02
3.387772000000000006e-02
4.583991999999999928e-02
6.191551699999999804e-03
5.432541999999999927e-02
-2.482624699999999920e-02
-2.207308800000000112e-02
-2.883756000000000166e-02
7.967869000000000687e-03
1.369737000000000038e-02
2.004969300000000038e-02
-4.523245199999999938e-02
3.144921400000000311e-02
-1.023835499999999933e-02
1.353998200000000075e-02
4.035416000000000003e-02
-3.447538199999999886e-02
-1.556509499999999928e-02
3.430966299999999719e-02
3.670546799999999804e-02
-1.520491199999999925e-02
1.432109800000000085e-02
-1.819472600000000134e-02
-1.957712099999999941e-02
2.777551300000000167e-02
-9.005423999999999721e-03
1.367132300000000085e-02
5.292767700000000110e-03
-1.389919600000000081e-02
-6.703473999999999544e-02
4.740495999999999751e-04
-2.342903600000000031e-02
2.315479000000000148e-02
4.059372499999999717e-02
1.640377700000000014e-04
1.250902199999999985e-02
-6.444853000000000387e-03
-4.999454599999999735e-03
-5.258302999999999762e-03
1.147588599999999938e-02
1.108462800000000054e-01
-3.031962000000000025e-03
-2.837536499999999962e-02
2.479916799999999991e-02
1.490122500000000058e-02
5.724181999999999881e-02
6.863687999999999734e-03
