6.509252000000000093e-02
1.285551700000000033e-02
-1.453316699999999961e-02
2.744469199999999970e-02
2.056208600000000025e-02
6.355769999999999476e-02
1.860204999999999845e-02
1.427680500000000005e-02
7.541382699999999925e-03
3.540782600000000335e-02
1.525605699999999995e-02
9.379969500000000238e-02
6.066153600000000201e-02
-2.297810999999999864e-03
9.399579999999999394e-03
-2.816933199999999832e-02
4.925180600000000214e-02
-2.074679999999999927e-02
-4.485315499999999872e-02
-2.431864900000000121e-02
-3.335590000000000083e-02
-8.205788999999999792e-03
-1.161084499999999985e-02
2.619185699999999895e-02
-1.465957900000000071e-02
-3.596313999999999761e-02
-2.485945800000000094e-02
-9.474491000000000163e-02
-1.241331300000000047e-02
-3.563497000000000192e-02
5.174332499999999974e-02
4.425892199999999915e-02
1.928616999999999831e-02
-4.699919999999999792e-03
1.635728200000000077e-02
-2.110621400000000161e-03
-5.665579999999999922e-03
-2.547239499999999837e-02
2.493545599999999994e-03
-7.704580599999999446e-02
-4.754101400000000296e-03
-5.153852999999999906e-02
-3.037176299999999954e-02
4.964366600000000296e-02
-1.578240300000000040e-02
-5.517837999999999909e-02
-2.904922500000000143e-02
-1.476189500000000057e-02
-3.184018300000000107e-02
2.863633999999999971e-02
1.522804999999999992e-02
4.612300500000000164e-02
-9.736016999999999588e-04
1.169395999999999977e-02
3.520853000000000003e-03
-8.720506999999999564e-02
-8.873142000000000529e-03
-3.306056200000000167e-02
3.013610300000000089e-02
-1.646120100000000169e-02
-2.484955999999999970e-03
1.304460300000000010e-03
4.666378699999999824e-02
-7.300993999999999540e-02
1.604633999999999922e-02
-1.613045899999999977e-02
-1.230548799999999984e-02
-1.055039099999999924e-02
-5.921260600000000096e-02
1.449123800000000004e-02
4.527029000000000122e-03
4.262971499999999858e-02
-5.620185300000000300e-03
3.972147000000000178e-02
-2.845657799999999973e-02
3.324861599999999907e-03
-4.009653000000000175e-03
-8.082920000000000382e-03
2.699210000000000064e-03
8.331517999999999563e-03
-4.443068800000000290e-02
-2.027369099999999993e-02
3.269753599999999927e-02
2.741789799999999958e-02
-3.389992599999999690e-02
3.144212999999999869e-02
5.399496499999999893e-02
-1.840978100000000006e-02
-5.891505999999999826e-02
-5.645392999999999939e-02
1.397190199999999993e-01
-4.747993399999999751e-04
-1.535369999999999964e-02
1.285991300000000059e-02
3.735394799999999793e-02
-4.933558999999999861e-02
-8.353618499999999891e-02
-1.203040900000000024e-01
2.921624899999999969e-02
2.586338900000000052e-02
-5.828579999999999872e-03
2.496713199999999952e-02
-2.988504200000000055e-02
2.716019000000000072e-02
3.416662300000000013e-02
-7.472282000000000229e-03
2.779589299999999947e-03
-2.773578999999999975e-02
-5.301592499999999847e-02
5.859988599999999687e-02
4.365938999999999931e-02
-5.094594000000000032e-03
1.608521399999999937e-04
1.155893099999999972e-02
-5.133138200000000179e-02
4.284508499999999803e-02
-1.112850200000000019e-02
3.575071700000000217e-03
1.196225799999999992e-02
4.802979000000000276e-02
2.690151899999999874e-02
6.441009000000000317e-02
-2.968170700000000162e-02
7.031761999999999735e-02
5.306926399999999794e-02
4.084676999999999752e-02
5.586538500000000004e-03
-3.540567299999999862e-02
-3.842024000000000133e-02
-1.526123700000000041e-02
3.058400600000000039e-02
-2.274669299999999839e-02
-1.007884300000000052e-02
4.758319300000000279e-02
7.394660299999999617e-03
3.981420000000000098e-02
6.883056499999999633e-02
1.421071900000000013e-02
-1.860761299999999854e-02
2.413823000000000010e-02
-1.083774199999999917e-02
-1.063868400000000068e-02
-5.470898700000000059e-02
3.285996599999999740e-02
4.867075999999999694e-03
-7.668643399999999777e-02
4.317500400000000293e-02
1.880184400000000158e-02
7.933740999999999710e-02
1.837079200000000037e-02
-3.046635800000000067e-03
-1.290044000000000086e-02
1.624493700000000096e-02
-6.776444000000000391e-03
-1.587299799999999927e-02
1.815822500000000006e-02
1.945656499999999858e-02
-7.285543999999999354e-02
4.794627399999999706e-02
-3.537417999999999813e-02
4.985292999999999669e-02
-4.529050999999999910e-02
1.690108300000000077e-02
2.093283599999999980e-02
-2.348239800000000068e-03
1.215818999999999928e-02
1.293068500000000036e-04
-4.050500700000000259e-02
-1.297688800000000066e-02
6.238076999999999858e-03
-3.698692499999999689e-02
-6.226922000000000013e-02
-4.100811000000000039e-02
-2.786146999999999929e-02
1.105837150000000060e-02
-1.289040200000000046e-02
8.462410000000000071e-03
-4.061551000000000050e-02
-2.820428499999999908e-02
8.845787500000000525e-03
1.087046339999999944e-01
-1.271104600000000102e-03
3.480773799999999779e-02
-4.051322999999999730e-02
2.321484500000000131e-03
6.217106699999999826e-03
2.013815000000000049e-02
3.724347800000000347e-02
4.670198600000000089e-02
4.298455600000000015e-02
-5.626762999999999904e-03
-3.507832499999999961e-03
-9.178258999999999376e-03
4.977957499999999952e-02
-2.144555199999999967e-02
1.035158299999999927e-02
2.285867700000000086e-02
-7.598797700000000472e-04
2.500401400000000149e-02
-3.418636299999999739e-02
2.850389000000000048e-02
7.696055999999999730e-02
6.292843299999999890e-03
-1.221561900000000048e-02
-3.443365000000000314e-02
2.920377000000000042e-02
-2.712741499999999847e-02
-4.301963400000000104e-02
5.693575000000000198e-03
2.487257899999999883e-02
3.985963000000000353e-03
-4.720070999999999989e-02
-1.443936600000000035e-02
-1.997001799999999910e-02
8.722317000000000264e-03
1.697385499999999950e-02
2.280089299999999916e-02
2.222700600000000054e-02
3.812729000000000118e-02
1.511265500000000088e-03
3.967669599999999741e-02
2.000591300000000017e-02
-3.405790000000000206e-02
2.896385300000000121e-02
-6.859128999999999834e-04
-5.849614000000000376e-03
-6.509284999999999377e-02
6.263909399999999933e-03
6.244157599999999864e-02
-8.332932999999999313e-02
-1.157778200000000000e-02
-1.070063700000000069e-02
2.955142800000000111e-02
-1.336467400000000000e-02
-4.764589699999999955e-02
-2.316627500000000006e-02
4.761519000000000168e-02
-3.658611300000000344e-02
-1.422149800000000082e-02
-4.346446000000000337e-02
2.157738999999999838e-02
-2.050566700000000173e-02
2.976602000000000067e-02
-5.112765400000000154e-03
4.389136300000000268e-02
6.834055999999999811e-03
7.271431999999999896e-02
-6.107057600000000142e-04
-4.568624000000000296e-02
-1.651842099999999841e-02
-2.983531700000000009e-02
8.748997999999999151e-03
-3.905091399999999907e-02
2.042306799999999908e-02
-4.544909700000000080e-02
4.457721500000000163e-03
1.017212900000000024e-02
8.888079000000000118e-03
-7.626140499999999739e-03
2.512139799999999965e-02
5.671843000000000024e-02
-3.746635499999999980e-02
1.174204499999999957e-02
8.310519000000000586e-03
6.010113000000000087e-03
-7.166358000000000450e-02
-2.213856599999999841e-02
6.655713500000000338e-03
6.233011999999999581e-03
-3.377821999999999769e-02
2.126015399999999986e-02
-2.608964399999999864e-02
-2.761000799999999838e-02
-1.827779800000000135e-02
-1.768087200000000025e-02
2.072825999999999835e-02
-1.451534300000000000e-02
-2.037451100000000053e-03
-3.486377699999999857e-02
-2.322874800000000045e-02
7.734836999999999962e-02
1.933928999999999856e-02
2.853730000000000155e-02
-4.831842699999999713e-02
1.205316399999999989e-02
1.556659300000000010e-02
1.686275600000000088e-03
1.394150200000000102e-03
1.927415000000000031e-02
-7.508312000000000319e-02
3.467528999999999750e-02
3.141373399999999871e-02
-7.994312000000000640e-02
-5.927389500000000006e-02
2.179740200000000044e-02
-2.021843100000000090e-04
1.718716099999999941e-02
6.675003999999999660e-02
-3.559814399999999823e-02
1.990814899999999998e-02
1.264410099999999960e-02
4.803295999999999955e-02
-4.877327399999999841e-02
3.145427600000000323e-02
-4.871989000000000181e-02
-8.755237000000000783e-03
-7.422485999999999841e-03
3.311711999999999989e-02
-9.954743999999999746e-03
3.771793600000000052e-03
3.219353400000000281e-02
2.060827599999999829e-02
-2.476468999999999893e-02
-3.562659800000000238e-02
-4.025163500000000089e-02
1.153853900000000043e-02
-1.120898500000000048e-01
-3.355866300000000246e-02
2.623852999999999949e-02
2.751516600000000062e-02
8.419647000000000589e-03
2.351053999999999991e-02
-1.550290300000000017e-02
1.221580000000000062e-02
4.289043299999999864e-02
-2.927434599999999797e-03
1.775674099999999950e-02
1.574413100000000149e-02
5.163754499999999997e-02
2.871088100000000060e-02
3.220959799999999901e-02
-5.381322499999999752e-03
3.162989799999999657e-02
-4.460036800000000135e-02
-2.326570000000000027e-02
3.325632600000000272e-02
-3.691747000000000084e-02
1.880597499999999908e-02
6.434511399999999492e-02
3.147874499999999895e-03
2.365278599999999856e-02
-1.092114949999999952e-02
7.525408999999999571e-02
1.278734500000000031e-02
5.815380700000000007e-03
-3.465765700000000143e-02
-3.464911999999999853e-02
-3.217567500000000080e-02
4.526176700000000136e-02
-2.402402500000000093e-02
3.417260200000000331e-02
6.296039000000000496e-02
-2.776645999999999975e-02
-3.896490999999999844e-02
-1.654666000000000123e-02
4.322837000000000207e-02
-2.433922099999999856e-03
3.135964299999999955e-02
4.599820999999999771e-02
-4.045782000000000371e-03
5.185635800000000344e-03
7.228867999999999405e-02
4.716727999999999893e-02
3.526115400000000288e-02
2.454908399999999880e-02
3.275563000000000086e-02
2.115865200000000002e-02
5.840225500000000014e-02
-3.035491499999999968e-02
1.395929999999999914e-02
-8.534790000000000432e-03
2.517071699999999870e-02
3.338227800000000134e-02
-1.837482199999999942e-03
4.200715000000000005e-02
-5.343693000000000054e-02
-8.604095000000000840e-03
2.626881499999999918e-03
1.602264900000000035e-03
-2.916377800000000131e-02
2.214630999999999891e-02
-2.476225199999999849e-02
-6.662793000000000188e-02
1.059715900000000009e-02
3.376128200000000010e-03
5.581966399999999801e-02
-8.253799000000000552e-02
1.138263400000000085e-02
-1.292571900000000044e-02
-2.426370400000000052e-02
-3.435873700000000009e-04
5.395697399999999783e-02
-1.628211000000000068e-03
2.190385200000000143e-02
-3.752303800000000075e-03
5.703951000000000160e-02
5.109933800000000109e-02
2.039195200000000138e-02
-1.828233699999999920e-02
-4.620294999999999958e-03
-7.544122000000000328e-03
-1.808650599999999872e-02
3.821440799999999832e-02
-5.451236300000000118e-02
2.681727000000000069e-02
-3.562313999999999758e-02
8.424130999999999980e-02
-3.757139200000000120e-03
-4.581424199999999808e-02
5.954944699999999841e-02
1.543442400000000041e-02
8.883734000000000769e-03
-3.495261999999999675e-02
1.146600299999999892e-03
-4.187588400000000211e-02
1.530470100000000042e-02
8.621421999999999419e-02
1.438920399999999919e-02
5.030847299999999939e-02
7.271555999999999853e-02
-2.200606800000000016e-02
2.943546999999999830e-02
3.038440800000000164e-02
2.100515000000000021e-02
-3.125387799999999883e-02
-5.477088699999999727e-02
-6.556539000000000117e-03
-1.050182149999999946e-02
3.604812000000000294e-02
-1.581519799999999906e-02
1.825332799999999922e-02
4.802190999999999925e-03
-1.792853999999999975e-02
2.077091899999999880e-02
3.442353000000000079e-02
4.869800800000000096e-02
-2.887279999999999881e-03
-4.566422500000000273e-02
-1.972973299999999930e-02
1.932857400000000114e-02
2.289128299999999838e-02
1.145086900000000067e-02
5.897944799999999682e-02
-2.071399199999999932e-04
3.170027599999999945e-02
-1.014254300000000039e-02
-9.579143000000000033e-03
5.319353200000000170e-02
1.057713000000000056e-02
1.091840099999999945e-02
4.296156999999999754e-02
-7.174652999999999586e-03
-1.369932849999999994e-02
-7.026427999999999841e-02
-7.840384499999999979e-02
4.465167200000000336e-02
2.906015599999999845e-03
4.398347000000000259e-04
1.559524299999999952e-03
-4.661613000000000215e-03
-4.968293000000000015e-02
1.422558200000000050e-03
3.139680999999999722e-02
2.579862299999999969e-02
-3.302592000000000028e-02
-4.686524600000000276e-03
-2.386581899999999992e-02
2.420835199999999895e-02
5.627077400000000257e-02
2.676821700000000040e-02
4.168367399999999695e-02
2.125791800000000065e-02
8.074736000000000413e-02
-2.059035999999999852e-02
-1.928188299999999966e-02
-9.624811000000000477e-03
1.887118299999999971e-02
1.266054200000000032e-02
-8.480731000000000033e-03
-1.072549400000000035e-02
-3.189133999999999719e-02
-1.442967199999999929e-03
-6.973485999999999574e-02
4.902383300000000277e-02
4.724923999999999791e-02
-1.290905000000000004e-02
-2.060539499999999857e-02
1.951800399999999982e-03
2.198700799999999886e-03
-7.779979000000000235e-03
4.286240999999999662e-02
1.052785300000000021e-02
-4.204092499999999982e-02
-1.768764900000000125e-04
3.091722699999999852e-02
-6.557874000000000429e-04
8.017865999999999882e-02
-3.318451299999999882e-02
-4.173761000000000138e-02
5.692940199999999701e-02
3.205775999999999765e-02
1.662443799999999833e-02
-1.210231299999999996e-02
-2.891149000000000149e-02
-4.132436200000000337e-02
2.113795300000000099e-02
-5.762112500000000220e-02
1.181400900000000032e-02
5.502228800000000253e-02
2.968310600000000077e-02
4.074200000000000044e-02
-2.606308800000000162e-02
4.919439999999999924e-02
3.158757700000000123e-03
-3.106588299999999900e-02
-4.566378000000000104e-02
4.194579599999999700e-03
8.134900000000000464e-03
-1.354956600000000073e-02
2.797901800000000133e-02
1.324246899999999933e-03
-5.576230599999999760e-02
-3.115001300000000070e-02
-3.832308599999999926e-02
5.344857299999999922e-02
2.475767599999999929e-02
5.745631500000000086e-02
-4.589874299999999879e-02
8.720468000000000316e-03
-3.031317799999999792e-03
2.668485400000000091e-02
2.799388200000000118e-02
3.308551400000000337e-02
4.402478800000000220e-02
2.849845399999999945e-02
8.523917000000000299e-02
6.497896999999999701e-02
-1.395450699999999924e-03
5.662741500000000039e-02
4.239952000000000304e-02
2.988607600000000100e-02
4.277904300000000271e-02
-2.305963399999999899e-02
4.437111700000000158e-02
1.348005900000000083e-02
2.391575799999999877e-02
8.446561999999999473e-03
2.934319700000000142e-02
-5.000588999999999729e-03
6.909700500000000301e-02
-5.816533700000000272e-03
-4.892457299999999898e-02
-3.040188599999999949e-02
-1.974450200000000058e-02
1.193330599999999943e-02
-5.158671399999999879e-02
4.595225299999999846e-02
-1.130560299999999914e-02
-1.994289999999999952e-02
-5.326651999999999776e-02
4.356428600000000068e-02
-1.881514899999999976e-02
1.385918600000000077e-02
-3.841523499999999897e-02
-5.535715399999999869e-02
-1.050334699999999968e-02
-4.620719699999999847e-02
1.526100399999999989e-02
-3.525894499999999987e-02
1.501496599999999938e-02
-5.039696599999999964e-03
-1.983718599999999971e-02
5.063317700000000143e-02
-2.510870600000000147e-02
3.029388200000000114e-02
-5.193427999999999933e-02
-4.313160500000000341e-02
-1.702238799999999941e-02
1.767221799999999995e-02
4.322029699999999607e-03
-4.310784000000000230e-04
-1.793735299999999963e-02
5.014717999999999953e-02
3.944266200000000333e-02
1.874910000000000031e-03
-2.075186999999999865e-02
4.895991000000000232e-02
8.534468999999999389e-03
6.577390199999999867e-03
1.066963750000000065e-02
-1.389936200000000018e-02
-1.326010749999999988e-02
-6.516408000000000443e-04
-5.506153400000000225e-02
4.702412300000000100e-02
-5.445942299999999986e-02
-1.751681799999999997e-02
-2.303605699999999867e-02
4.212409300000000134e-02
-6.313823400000000445e-04
2.312475100000000068e-03
-1.840685699999999869e-02
5.567762300000000247e-02
6.142683000000000344e-03
-5.901347500000000273e-02
-6.484028000000000014e-02
-2.476568300000000014e-02
-9.693380000000000052e-02
4.518671999999999619e-03
1.156921900000000038e-02
-1.470410599999999977e-02
3.380028999999999673e-02
-4.130076600000000264e-02
4.141437999999999890e-03
-3.551606000000000207e-02
-9.670061000000000628e-03
-1.086699900000000045e-02
-5.836059500000000122e-02
9.983786999999999176e-03
6.373096299999999638e-03
1.797609400000000149e-02
4.688735000000000298e-03
1.919745000000000132e-02
-1.003917399999999967e-02
-1.032111599999999997e-02
4.769179199999999674e-02
-1.337811799999999961e-02
-4.081562799999999790e-04
5.326351000000000002e-02
-2.679078500000000099e-02
-1.961896199999999934e-03
2.165018000000000151e-02
7.595222999999999558e-02
-3.957558800000000182e-02
-3.385748999999999703e-02
2.167815000000000020e-03
-4.436148699999999806e-02
4.300927999999999696e-02
3.375159999999999966e-02
-4.561293999999999765e-02
4.103190500000000046e-02
6.183656700000000200e-02
8.491951000000000360e-02
1.706455999999999945e-02
-1.441578599999999988e-02
-3.443563399999999969e-02
8.956522999999999221e-03
-4.140884000000000231e-02
7.979352999999999793e-03
4.508361200000000207e-02
7.233257000000000532e-04
3.101353700000000074e-02
-5.957601600000000247e-02
1.712015799999999990e-02
-2.187303000000000164e-02
-7.399618600000000546e-02
-2.505201800000000142e-03
-4.999653600000000114e-02
-2.366815499999999975e-02
-2.838194700000000112e-02
1.031641200000000050e-02
-1.168891000000000027e-02
-3.675690399999999823e-03
4.469375300000000273e-02
-7.096823999999999841e-03
-5.397762700000000025e-02
-7.999654999999999960e-02
1.615416299999999916e-02
-1.656533400000000100e-02
-2.225660900000000011e-02
5.110733600000000321e-02
-3.814299399999999951e-02
-1.879693400000000125e-02
2.045653399999999844e-02
1.561811400000000065e-02
-3.655151699999999865e-02
4.187375299999999967e-02
2.361458199999999855e-02
-4.014425700000000263e-02
-1.500570199999999967e-03
1.309325450000000009e-02
-6.349009999999999983e-04
3.274953700000000217e-02
-8.225345600000000257e-02
-2.640075799999999986e-02
2.346831699999999896e-02
4.863951400000000175e-02
-2.575097000000000150e-02
2.032079399999999966e-02
-1.326851100000000019e-03
2.696509999999999879e-02
-4.995781600000000211e-02
-1.347738100000000008e-02
2.989904599999999857e-02
5.065095800000000287e-02
1.247679000000000010e-01
-2.156828200000000112e-02
-7.431661200000000064e-03
-2.215373899999999868e-02
4.959580999999999712e-02
-2.987043699999999968e-02
-5.013059400000000401e-03
-1.192287300000000050e-02
-1.689090400000000172e-02
2.287003200000000194e-03
-4.542755700000000035e-02
4.940732199999999658e-02
1.304754800000000083e-02
-9.282289000000000859e-03
4.299814999999999887e-02
-1.280742999999999986e-02
1.873450499999999852e-02
1.916264999999999896e-03
-1.927142199999999986e-02
2.755425900000000108e-02
-3.889726999999999768e-02
6.555807600000000679e-02
1.423115200000000038e-02
3.625166400000000289e-02
2.874892799999999998e-02
6.645235400000000514e-02
7.511900999999999648e-03
2.761537199999999914e-02
4.574645299999999942e-02
1.493413900000000079e-02
2.874716199999999972e-02
-3.880394000000000204e-02
-3.763390999999999958e-02
-7.051757000000000164e-02
5.268260999999999777e-02
3.236827600000000138e-02
3.766589599999999732e-02
-1.497056599999999939e-02
4.495712699999999951e-02
-5.536977999999999692e-03
-3.418104999999999755e-02
3.017174800000000170e-02
-1.397391100000000032e-02
-1.495883899999999982e-02
6.917457000000000120e-03
2.030167399999999872e-02
-6.216478300000000123e-02
-1.343166800000000077e-03
-6.234800399999999854e-02
-6.113391000000000138e-03
3.610399999999999721e-02
2.240595399999999876e-03
-2.369843199999999844e-02
-1.116048900000000087e-02
-1.895199700000000168e-02
-5.521287799999999996e-02
-1.173833200000000063e-03
-5.884490500000000290e-02
3.591668600000000322e-02
1.356276799999999935e-02
-1.215541000000000017e-02
-3.513621000000000105e-02
-3.711661000000000127e-02
2.119437600000000088e-02
3.432858400000000226e-02
-1.939133599999999860e-02
1.013460759999999933e-01
-2.278452699999999886e-02
-2.470441199999999938e-03
-6.274241999999999320e-02
9.295219000000000398e-03
3.232630999999999699e-02
-2.264684600000000173e-02
