5.372973500000000069e-02
6.488588500000000425e-02
7.514612000000000375e-03
1.036573600000000039e-02
3.974388000000000226e-02
1.947168399999999952e-02
5.919033700000000259e-02
3.549797500000000106e-02
6.281492999999999972e-03
2.047960600000000089e-02
6.864923000000000206e-03
7.554699500000000567e-02
6.840860999999999470e-02
3.689876999999999740e-02
2.185199800000000095e-02
-1.855424299999999934e-03
5.584946999999999828e-02
2.572206599999999829e-02
-1.623503700000000077e-02
-4.136593300000000056e-02
-7.129099999999999326e-02
-1.634548200000000145e-02
-2.257877699999999953e-03
-8.996418000000000817e-03
4.797203499999999621e-03
-2.022034099999999932e-02
1.986336500000000088e-02
-6.991804999999999548e-02
2.700482499999999966e-02
-4.257849200000000250e-02
9.358121000000000494e-03
3.643043700000000301e-02
-5.463809399999999946e-04
-2.488420900000000088e-02
6.538489000000000106e-02
-6.394928000000000244e-03
-1.166130100000000065e-02
-1.973122399999999860e-02
-5.680726999999999999e-03
-4.750671000000000060e-02
-4.005484299999999970e-02
-4.233453000000000216e-02
-4.526642699999999797e-02
2.755485100000000173e-02
-4.226032999999999873e-02
-5.300040000000000306e-02
-3.547275800000000007e-02
-1.798968199999999990e-02
-3.674332999999999766e-02
1.419687499999999943e-02
1.852621700000000107e-02
8.566061999999999288e-03
2.324202499999999949e-02
1.507790500000000082e-02
-2.674264299999999997e-02
-1.568287800000000079e-02
-4.052539499999999878e-02
-6.044195599999999807e-02
4.738241800000000253e-02
-1.115354149999999919e-02
-5.915230599999999825e-03
-2.085051699999999897e-02
3.154648499999999911e-02
-4.166176500000000338e-02
1.237292499999999990e-02
-2.631351399999999965e-02
-1.062318299999999958e-02
2.213170199999999962e-02
-6.576029999999999376e-02
-1.769392299999999942e-03
-4.108418500000000223e-02
4.522370500000000293e-02
-5.574283699999999994e-03
1.468740800000000075e-02
6.909931999999999706e-03
-3.405676500000000013e-03
2.511371299999999931e-02
1.826086500000000112e-02
1.249111900000000018e-02
3.282145799999999780e-02
-5.285114999999999952e-02
-2.807172200000000034e-02
2.366260300000000080e-02
4.718778700000000187e-02
-1.265354900000000005e-02
2.616113800000000045e-02
4.981527000000000177e-02
3.551652699999999999e-03
-1.993672399999999942e-02
-2.759164799999999987e-02
1.364984700000000106e-01
3.430624699999999978e-03
6.969744299999999608e-03
5.169689699999999687e-03
3.809908399999999834e-02
-3.522076500000000110e-02
-1.183902800000000005e-01
-1.084631000000000067e-01
4.811871399999999993e-02
-6.109330300000000158e-03
-2.370125000000000010e-02
-2.452957400000000104e-03
-4.244335999999999942e-02
1.343724500000000044e-02
4.571390499999999912e-02
-3.934659000000000073e-02
-2.024230999999999947e-02
-5.356201499999999754e-02
-6.851630000000000220e-02
1.853865000000000027e-02
3.657595400000000080e-02
1.164605099999999928e-02
4.762621999999999689e-02
-2.105856000000000047e-02
-7.038937500000000402e-02
2.988964900000000077e-02
-2.909913700000000061e-02
1.391585700000000023e-02
-4.456548799999999794e-04
8.095843999999999610e-03
8.328072999999999726e-02
8.937918999999999725e-02
-3.818331300000000345e-02
9.643578999999999346e-02
5.177467699999999812e-02
1.826597199999999838e-02
1.953743399999999936e-02
-5.312079599999999791e-02
6.123926499999999759e-03
-9.572696999999999803e-03
2.372565499999999827e-02
-2.773327399999999873e-02
2.432868300000000025e-02
1.188441500000000060e-02
-3.208236400000000210e-02
6.614232400000000407e-03
3.847694000000000114e-02
-1.279887099999999986e-02
-3.836528599999999845e-02
5.201586700000000035e-02
-1.771988199999999930e-02
-3.542531299999999994e-02
-5.587567799999999807e-02
2.131502299999999891e-02
-1.782809999999999950e-02
-4.071223999999999676e-02
3.771922700000000100e-02
3.411071699999999873e-02
1.150725300000000027e-02
-2.551939699999999922e-02
-8.553576000000000235e-03
-1.569285000000000124e-02
2.528311899999999973e-02
7.463113399999999654e-03
-3.580552000000000040e-02
3.754911699999999904e-03
4.302358699999999855e-03
-3.085235100000000008e-02
3.736514600000000186e-02
-7.334338000000000142e-03
1.585343400000000045e-03
-9.570834000000000286e-02
6.819562500000000103e-03
7.835693000000000519e-02
4.383918399999999806e-03
1.031448700000000065e-02
-6.766308000000000392e-03
-2.994397500000000115e-02
8.155087999999999573e-03
-3.005411700000000172e-03
-4.749092500000000328e-02
-6.445468000000000031e-02
-2.859493700000000083e-02
-4.682427000000000117e-02
-4.523619000000000424e-03
2.628620499999999999e-02
5.308195499999999664e-03
-2.427762199999999870e-02
-1.305127000000000023e-02
-4.273162999999999961e-02
3.986555700000000285e-02
-1.645978000000000024e-02
1.737468699999999977e-02
-3.873946500000000071e-02
-3.023719999999999880e-02
-9.498519000000000406e-03
1.338466399999999924e-02
5.118345500000000270e-02
2.904445699999999922e-02
5.090709000000000206e-02
-1.997480199999999984e-02
-1.145800699999999922e-02
2.284659400000000132e-02
5.325785999999999715e-02
-2.723014699999999969e-02
5.323616999999999932e-02
9.224180999999999700e-03
1.354775949999999923e-02
-1.278992699999999955e-02
-3.465343299999999738e-02
4.962136200000000219e-02
5.218630700000000122e-02
4.806608399999999677e-03
-2.791188000000000002e-02
-2.291475200000000004e-02
6.210097700000000165e-02
2.130398299999999856e-02
-2.123458300000000132e-02
-4.990693000000000212e-02
4.871554699999999793e-02
8.057687699999999597e-04
-7.094968000000000108e-02
-2.699761999999999995e-02
2.912371199999999952e-02
2.915342300000000123e-02
1.720195600000000088e-02
5.008927700000000149e-02
1.971453699999999986e-03
2.038563399999999970e-02
-6.283004999999999840e-02
1.602722300000000016e-02
-9.457662000000000360e-03
9.381415000000000370e-04
4.694091000000000236e-02
-3.620884600000000286e-02
-1.071697400000000064e-02
-8.493724499999999455e-02
-1.775702300000000025e-02
2.451023600000000122e-02
-4.697619399999999890e-02
-2.927625699999999997e-02
-1.696350199999999966e-03
1.310600399999999922e-02
6.491459399999999907e-03
-3.783209199999999772e-02
3.385981999999999881e-02
2.046421199999999899e-02
-3.682860999999999774e-02
-6.208592599999999961e-03
-2.953141199999999994e-02
-1.020546900000000000e-02
-5.055418199999999959e-03
2.961305200000000082e-02
-1.140169400000000041e-02
2.920267500000000085e-02
-2.195929500000000020e-02
3.226397999999999766e-02
2.682583200000000084e-02
1.766101099999999990e-03
-5.679869599999999921e-03
-3.334849699999999778e-02
4.564201500000000106e-02
-4.461455300000000124e-02
-9.736846999999999863e-03
-4.631477999999999984e-02
1.021196899999999956e-02
-1.316984650000000041e-02
1.559791500000000039e-02
-8.079261000000000775e-03
1.064123699999999957e-02
5.193683500000000064e-02
-1.272873400000000023e-02
-5.258689599999999756e-03
-3.349257600000000307e-02
-1.970600200000000024e-02
-9.439356999999999609e-02
-3.566961700000000068e-02
1.965095299999999878e-02
1.225455100000000068e-02
-4.346860200000000202e-02
2.818336000000000105e-02
-7.329233000000000275e-02
-4.507049999999999945e-02
-1.115107100000000025e-02
-8.011216999999999644e-02
3.404902700000000254e-02
-1.276299600000000041e-02
3.726819299999999807e-03
-3.513285799999999945e-04
-8.560747999999999969e-02
2.677334799999999890e-02
-4.584746399999999750e-02
2.372198400000000151e-02
-3.623027000000000192e-02
4.381021499999999957e-02
1.842120499999999952e-02
4.116644000000000032e-03
-4.342225999999999725e-02
2.295203900000000047e-02
-6.047729000000000299e-02
4.860682999999999671e-02
2.582968999999999890e-02
-3.723748999999999809e-02
-7.044395999999999991e-02
3.719680399999999998e-02
4.189055800000000135e-02
4.658534400000000075e-02
8.699155000000000082e-02
7.562636000000000185e-03
-2.416494300000000123e-02
-4.444318000000000053e-03
2.486161099999999874e-02
-6.246284399999999654e-02
4.379379399999999700e-02
-4.430815200000000342e-02
2.023949300000000076e-02
-4.511381700000000050e-02
1.605503800000000064e-02
-1.881782499999999983e-03
-9.021493599999999558e-04
2.717982799999999963e-02
6.271382000000000345e-02
-1.754871599999999893e-02
-4.762882000000000227e-02
-4.402265999999999818e-02
-1.086458700000000020e-02
-1.120327039999999968e-01
2.572874800000000007e-03
-1.981023199999999793e-03
1.339119000000000073e-02
1.396524700000000008e-02
2.998586699999999938e-02
-5.701554999999999818e-02
3.176191599999999855e-03
3.648922999999999750e-02
-5.525055299999999739e-03
4.963670000000000538e-04
-2.986270600000000099e-05
4.218071000000000320e-02
3.156608000000000330e-02
3.228166300000000211e-02
3.483496600000000193e-03
2.838537699999999983e-02
-4.295215000000000144e-02
-8.177355000000000734e-03
2.289440900000000098e-02
-4.375148000000000231e-02
3.554725999999999719e-02
3.527032000000000084e-02
8.612059000000000034e-03
2.071859100000000148e-02
-8.066086999999999563e-03
2.070208499999999854e-02
3.319525999999999727e-02
-8.850892000000000828e-03
-5.297880199999999845e-02
-1.256750000000000055e-02
-6.478341799999999713e-03
3.169137000000000343e-02
-2.840540999999999899e-02
6.086418400000000173e-02
5.298237499999999822e-02
1.560162749999999959e-02
-4.937684599999999681e-03
-1.740126499999999909e-02
5.218655999999999989e-02
2.354645000000000002e-02
1.614832299999999915e-02
2.594583899999999832e-02
2.226191599999999965e-03
-1.537823399999999931e-02
2.904357800000000045e-02
3.320034000000000179e-02
2.428445200000000151e-02
3.417235200000000306e-02
8.798382999999999898e-03
3.604658000000000168e-02
5.545039499999999955e-02
-1.670130300000000068e-02
1.428139299999999987e-02
-3.612630399999999797e-02
5.013036700000000206e-02
2.372638700000000156e-02
-1.035595560000000033e-04
2.873178300000000206e-03
-3.259632999999999975e-02
-1.543462800000000058e-02
-1.471353599999999928e-02
-7.393901199999999667e-03
-1.504474199999999984e-02
-3.288798400000000205e-02
-2.121133500000000130e-02
-4.988914400000000332e-02
2.550024199999999935e-02
8.595277000000000125e-03
7.668469999999999454e-02
-1.016871560000000008e-01
-3.337855299999999831e-02
9.563466499999999371e-03
-3.661115000000000202e-02
-1.863126500000000102e-02
4.581964000000000176e-02
-3.539902399999999855e-03
2.098777900000000154e-02
-1.201590200000000018e-02
4.906010999999999705e-02
5.049156800000000056e-02
1.925878599999999996e-02
-3.342807799999999996e-03
3.133824999999999805e-02
-1.301383499999999964e-02
-6.813445999999999392e-02
6.653108400000000422e-02
-3.314639300000000316e-02
3.579613200000000134e-02
-4.361078000000000177e-02
5.222174999999999734e-02
2.019117800000000060e-02
-4.242689000000000182e-02
2.579782900000000129e-02
-2.772061900000000016e-03
-2.648837299999999909e-02
-7.416143000000000041e-03
-2.332267400000000157e-02
-3.468357999999999858e-02
-2.814259099999999979e-03
6.846595599999999449e-02
5.014425599999999643e-03
2.599365999999999829e-02
5.973654999999999937e-02
-1.735803899999999872e-02
6.167526000000000258e-02
2.625784499999999841e-02
2.044772200000000151e-02
2.207020799999999915e-03
-6.160595600000000338e-02
-6.435093499999999973e-03
-2.778002400000000038e-02
1.128799200000000016e-02
-2.229698000000000097e-02
5.513846000000000025e-02
1.404982799999999988e-03
-1.104206899999999984e-02
5.982440700000000305e-02
6.146276999999999904e-04
2.192540499999999851e-02
2.898464499999999985e-02
-2.224392999999999856e-02
-3.329421999999999937e-02
4.065067299999999828e-02
1.713045900000000066e-02
1.154061299999999991e-02
8.163568400000000003e-02
-2.073651599999999998e-02
-7.947436000000000431e-03
1.565105099999999916e-02
8.581791000000000072e-03
4.975207999999999714e-02
5.226317000000000289e-03
-2.193789599999999840e-02
3.567229000000000233e-02
-2.988954000000000047e-04
-2.490632200000000157e-02
-9.250215400000000310e-02
-7.937985000000000180e-02
4.888249000000000066e-02
3.095704700000000142e-02
6.302156500000000335e-03
-2.715365000000000140e-02
-7.891139000000000139e-03
-5.105943200000000182e-02
-2.935770199999999941e-02
9.967403499999999417e-03
3.909014499999999975e-02
-2.014438799999999918e-02
-1.215589499999999989e-02
-4.084969699999999732e-02
5.459148400000000262e-02
1.079900399999999920e-02
2.305890600000000054e-02
4.285568399999999806e-02
5.601067000000000372e-03
9.044707600000000125e-02
8.026840999999999837e-03
3.972846599999999917e-04
3.683849799999999730e-02
-1.254555700000000102e-03
6.614046000000000161e-03
-3.946402300000000085e-02
-2.730095600000000122e-02
-6.502937999999999774e-02
-4.935065800000000037e-03
-1.762369500000000172e-02
5.592406500000000197e-02
2.671440300000000115e-02
2.680570999999999995e-02
-2.187283199999999830e-02
-2.351007699999999815e-03
-3.347835300000000236e-02
-1.637993800000000014e-02
3.111384600000000056e-02
2.361572500000000061e-02
-1.677311399999999869e-02
-5.669303400000000456e-04
4.325810399999999861e-02
-3.105867699999999981e-02
7.063165000000000415e-02
-1.766159200000000026e-02
-3.212046999999999992e-03
4.570607000000000142e-02
5.785549799999999826e-02
5.015077999999999897e-02
-3.185478600000000299e-02
-1.392776400000000046e-02
-7.233176000000000015e-03
5.249680999999999965e-03
-5.374501599999999962e-02
-1.810353799999999888e-02
5.738612600000000258e-02
-5.948077399999999668e-03
-1.808453200000000038e-02
-2.156108799999999909e-02
6.513164999999999927e-02
1.243867350000000052e-02
-2.135525599999999954e-02
-4.236041399999999901e-02
5.667913000000000118e-03
9.511333999999999761e-04
-2.811019299999999860e-02
6.460836500000000093e-02
-2.188755400000000004e-02
-6.106150500000000203e-02
5.904099999999999800e-03
-1.476336099999999915e-02
1.055759099999999985e-02
1.147826300000000070e-02
7.583562000000000636e-02
-3.981870400000000337e-02
3.012211799999999981e-02
1.929447800000000032e-02
-1.108908999999999936e-03
6.472036999999999929e-02
1.457442999999999933e-02
5.844574999999999770e-02
4.654607499999999926e-02
6.977479000000000320e-02
7.910638999999999865e-02
-2.424126000000000059e-02
6.441152999999999462e-02
2.551188299999999909e-02
4.708604000000000261e-02
2.603462200000000032e-02
2.615457599999999883e-02
4.203372999999999832e-02
2.078759100000000110e-02
4.310954399999999964e-02
3.943131500000000150e-02
3.950549700000000053e-02
-8.379837500000000556e-05
4.757584000000000118e-02
9.328134999999999552e-04
-3.998860299999999757e-02
-2.528730400000000003e-02
6.485788000000000143e-03
-2.318996100000000123e-04
-3.886633599999999786e-03
4.635362700000000141e-02
-3.332833600000000007e-02
-1.649342100000000116e-02
-3.276909000000000072e-02
2.388469699999999987e-02
-2.919850499999999960e-02
2.236669499999999894e-02
-4.553385499999999808e-03
-3.928274300000000191e-02
-4.379338399999999770e-02
-7.669175000000000297e-03
2.295643600000000020e-02
-4.607556000000000151e-02
1.483776900000000065e-02
5.064811599999999997e-02
-2.277694599999999930e-02
1.630208600000000035e-02
-1.865417299999999959e-02
1.950246300000000113e-02
-1.515409000000000027e-02
-7.095901999999999765e-02
-6.506824999999999935e-03
5.041472599999999998e-02
2.571920000000000109e-02
-2.589666799999999856e-03
-2.241955099999999937e-02
4.620957700000000168e-02
3.294990600000000103e-02
2.470312300000000044e-02
-3.374161199999999722e-02
1.998389899999999941e-02
-3.014713700000000093e-02
-2.153174399999999850e-02
-8.047578999999999150e-03
8.261239000000000082e-03
-1.250843800000000020e-02
-8.292983999999999772e-03
-3.885526200000000152e-02
5.583840200000000226e-02
-2.534883500000000012e-02
-5.967061000000000066e-03
-4.017527399999999693e-02
7.076050999999999869e-02
1.785261999999999960e-02
1.837691500000000061e-02
-5.242643000000000303e-02
5.920646699999999873e-02
-3.367212199999999921e-04
-2.539180599999999940e-02
-5.434606000000000159e-02
-3.185193199999999947e-02
-1.039415149999999982e-01
-1.174963700000000028e-02
2.591384799999999974e-02
-1.552728199999999989e-02
2.576679200000000017e-02
-2.558126000000000150e-02
-3.397371200000000313e-02
-3.052292399999999989e-02
1.204251700000000085e-02
-3.362813600000000291e-02
-6.555956599999999967e-02
2.212973899999999897e-02
-1.205668399999999980e-02
3.623965999999999993e-02
7.674223699999999787e-03
2.047437200000000110e-02
-5.645667699999999851e-03
-2.638833399999999940e-02
-1.370956899999999958e-02
5.555295600000000056e-02
-1.126350700000000073e-02
-6.416293299999999665e-03
-6.735707999999999973e-02
3.679613999999999802e-02
1.580300600000000139e-02
8.034588400000000630e-02
-3.046489700000000120e-02
-5.230282999999999634e-03
-3.241597999999999702e-02
-4.992016600000000366e-03
1.783057999999999909e-03
7.536816400000000138e-03
-9.517882000000000078e-03
2.970619999999999858e-02
6.151676000000000019e-03
9.176956999999999476e-02
-8.417869999999999173e-03
-2.894450200000000042e-02
-4.507994700000000216e-02
-3.943367700000000031e-02
-2.041078199999999884e-02
1.225696599999999935e-02
3.540530800000000339e-02
-8.834249000000000615e-03
4.667518300000000203e-02
-7.137801000000000562e-02
-1.971856699999999935e-03
-2.130830800000000150e-02
-4.033695999999999809e-02
-6.713897499999999657e-03
-4.930020999999999709e-02
-1.887084400000000001e-04
-3.168977399999999695e-02
-1.934480499999999964e-02
-2.200301999999999900e-03
-1.166026199999999936e-02
-1.191737699999999983e-02
-1.185613999999999939e-02
-2.960961999999999969e-02
-8.192947000000000424e-02
-5.658803500000000181e-03
-2.437627300000000038e-02
-3.417520999999999753e-02
2.705870599999999834e-02
-4.221470000000000083e-02
-1.927354200000000115e-02
3.172956999999999861e-02
1.412614249999999926e-02
-3.940959299999999971e-02
2.625462599999999966e-02
3.220844600000000169e-02
-6.109307700000000257e-02
1.316061099999999914e-03
-2.188049599999999928e-02
3.196262000000000061e-03
3.496187600000000284e-02
-2.969594999999999874e-02
-1.291658300000000058e-02
-1.002516500000000081e-02
4.928304299999999860e-02
-1.564974300000000068e-02
-3.856768000000000002e-02
2.352185199999999934e-02
4.533433400000000044e-03
-7.890632000000000201e-02
-2.772853299999999965e-02
2.105577000000000143e-02
2.172877600000000173e-02
7.118887000000000131e-02
-4.281314499999999690e-02
-1.902219700000000110e-02
1.149379399999999989e-03
4.232564600000000149e-02
-3.417831699999999973e-02
-1.232827000000000055e-02
-1.189406699999999949e-02
-1.292529299999999916e-02
1.585166199999999900e-02
-4.726032000000000149e-02
5.348408999999999802e-02
3.290630499999999681e-02
-4.793915499999999719e-02
8.874143500000000739e-03
-3.305315200000000231e-02
2.245164499999999924e-02
7.015890399999999590e-03
-2.786007000000000067e-02
-1.696341499999999905e-02
-3.267519200000000047e-03
4.788212000000000024e-02
5.021724999999999800e-02
2.277046599999999962e-02
6.351413000000000197e-03
3.545594199999999724e-02
1.073117649999999999e-02
6.225336299999999906e-02
3.703027200000000296e-02
1.486333999999999919e-02
7.744153499999999885e-03
-6.358199000000000489e-02
-1.656274500000000025e-02
-1.719505299999999834e-02
3.203549199999999875e-02
2.366472199999999915e-02
4.784300999999999832e-02
-1.260714050000000079e-02
1.107918800000000023e-02
-4.848759600000000433e-03
-3.092842000000000161e-02
3.998150300000000157e-02
-1.756111999999999951e-02
-2.886019500000000168e-02
3.278442000000000162e-02
4.324196300000000132e-02
-2.042922399999999930e-02
-7.683918999999999992e-03
-2.952824899999999947e-02
-5.544845500000000239e-03
3.460239200000000265e-02
-1.370270600000000026e-02
4.048907000000000027e-03
-1.040640900000000015e-02
-4.911202199999999823e-02
-6.322026999999999508e-02
6.585927000000000101e-03
-6.093561599999999800e-02
-4.672567999999999860e-02
3.630835999999999786e-02
7.291480999999999831e-03
-1.150553099999999940e-02
-3.064833200000000035e-02
6.459533400000000425e-02
-7.868017999999999193e-03
8.467564999999999814e-03
7.353650000000000464e-02
4.242243999999999833e-05
9.115349999999999495e-03
-3.446786000000000294e-02
-9.591379000000000571e-03
1.765932699999999897e-02
-2.987720799999999885e-02
