6.447616999999999932e-02
2.179007599999999850e-02
-2.394015899999999905e-02
1.436952499999999931e-02
3.555239999999999789e-02
2.360535000000000064e-02
3.037649799999999831e-02
2.390064100000000025e-02
1.498142000000000050e-02
3.643433299999999844e-03
8.826840000000000727e-03
6.868002600000000513e-02
5.328837399999999946e-02
4.528837000000000140e-02
-1.995532300000000051e-03
-6.249940000000000270e-04
2.696575999999999834e-02
2.431295600000000015e-02
-5.246465299999999998e-02
-8.962087999999999999e-03
-4.911284999999999956e-02
7.846586000000000229e-04
2.690431700000000051e-02
-1.327962100000000057e-03
2.043288199999999943e-02
-4.253498499999999738e-02
4.001282000000000103e-03
-6.601719999999999811e-02
4.044798799999999722e-02
-9.673708999999999780e-02
1.914696600000000137e-02
5.356773000000000090e-02
1.255672700000000017e-02
-3.145016999999999951e-02
6.708786999999999390e-02
1.116955799999999957e-02
5.352639600000000386e-03
-3.321881200000000034e-02
-2.759519200000000103e-02
-5.738576499999999830e-02
-3.053702000000000152e-02
-3.994054699999999986e-02
-1.063737000000000010e-04
5.191195800000000284e-03
-2.680564300000000053e-02
-4.449808599999999920e-02
-2.204990399999999864e-02
-5.217207599999999952e-03
-2.578043199999999896e-02
3.353727199999999992e-02
5.499490499999999844e-03
3.019186700000000070e-02
-7.244094700000000206e-03
1.936082100000000028e-03
-2.507952199999999993e-02
-3.398232000000000336e-02
-7.911892000000000230e-03
-3.030109799999999853e-02
8.683754500000000209e-02
-1.566272999999999971e-02
1.661541100000000007e-02
-1.013276800000000033e-02
1.690940000000000151e-02
-6.023420000000000163e-02
1.535654300000000028e-02
-7.342470399999999342e-02
2.395720800000000067e-02
-7.763551999999999953e-03
-7.466204499999999633e-02
4.628442199999999868e-02
-7.029538499999999843e-03
-2.935671500000000111e-03
-1.642065300000000033e-02
3.249202000000000080e-03
-1.360520349999999948e-02
3.133151700000000317e-02
-2.919780599999999976e-02
3.354820200000000179e-03
1.358159299999999944e-02
-9.253598000000000032e-03
-5.892116000000000020e-02
-1.729810999999999849e-02
3.282334299999999788e-02
3.247536300000000015e-02
3.802290700000000075e-03
4.457336700000000262e-02
3.336051000000000294e-02
-3.294161999999999785e-02
-2.786864000000000008e-02
-1.025231199999999954e-02
1.158077339999999955e-01
3.441721200000000258e-02
2.073136899999999949e-02
1.813510999999999943e-02
3.886852999999999836e-02
-2.137070099999999889e-02
-1.110635700000000003e-01
-1.086804940000000025e-01
1.378986800000000026e-02
1.192067999999999947e-02
-9.346954500000000804e-03
3.387281199999999867e-03
-3.171641399999999833e-02
1.010138799999999934e-02
3.304068400000000072e-02
-2.123056499999999985e-02
-6.346536300000000380e-03
-7.502488000000000212e-02
-7.687387599999999377e-02
7.017953000000000385e-03
5.706145199999999862e-02
2.094566600000000167e-02
3.446671700000000088e-02
-8.084281000000000453e-03
-4.027847600000000056e-02
6.376940299999999881e-03
-4.125242300000000334e-02
3.154508000000000312e-02
-1.442444600000000049e-02
9.661497999999999267e-03
4.984948799999999736e-02
7.130279999999999951e-02
-3.269198000000000243e-02
9.250840999999999925e-02
5.523665199999999720e-02
1.066254099999999934e-02
1.279752200000000041e-02
-4.454551999999999817e-02
-4.418766600000000391e-03
-6.839806999999999831e-03
2.819750500000000118e-02
-3.624900000000000344e-02
3.405819499999999944e-02
3.943495500000000070e-02
-4.446068000000000242e-02
-1.942458600000000063e-02
4.889760499999999677e-02
-1.797989999999999962e-03
-1.384677500000000040e-02
3.080752700000000122e-02
-3.057039699999999915e-02
-5.702270599999999939e-02
-8.220576999999999745e-02
1.735137000000000138e-02
-3.237157999999999702e-02
-4.201049999999999923e-02
2.295805899999999941e-02
2.729118000000000169e-02
2.343641399999999916e-02
-3.201923000000000269e-02
1.345536999999999948e-02
2.893057699999999899e-02
1.661220000000000058e-02
-1.775513299999999933e-03
-1.809337199999999993e-02
3.922963000000000144e-02
-9.536816999999999517e-03
-5.933227999999999593e-03
1.195529499999999946e-02
-9.353550000000000406e-03
6.216322500000000424e-03
-6.904285999999999757e-02
-1.029391099999999934e-02
8.750753999999999477e-02
-5.107384000000000229e-02
-3.384268499999999800e-04
-1.209118200000000067e-02
-2.282868999999999871e-02
-3.422103000000000124e-03
-1.165461599999999959e-02
-5.811642499999999933e-02
-7.803400000000000614e-02
-1.805927800000000152e-02
-7.484560499999999561e-02
-2.806215999999999919e-02
1.239962100000000086e-03
-2.717284000000000019e-02
-4.603424700000000036e-02
-3.545279999999999959e-02
-2.884594700000000025e-02
4.635090000000000043e-02
-4.167163399999999907e-02
1.112071100000000014e-02
-3.401250799999999685e-02
-2.974030399999999866e-02
-2.873542999999999931e-02
3.724500000000000033e-02
4.060694200000000004e-02
1.234809499999999990e-02
4.150133200000000189e-02
-3.237975399999999671e-02
-1.533988099999999966e-02
1.080175400000000022e-02
4.511736000000000218e-02
-8.330997999999999182e-03
6.342773000000000161e-02
-2.641272300000000166e-03
6.370825699999999904e-03
1.846308400000000113e-02
-4.611991299999999849e-02
3.254379300000000141e-02
8.067588000000000537e-02
1.315949500000000022e-02
-2.624597199999999936e-02
-1.535481399999999962e-02
4.177203799999999745e-02
-3.322234400000000001e-03
-2.204500900000000083e-02
-2.001791400000000123e-02
4.842323999999999934e-02
-2.202189300000000072e-02
-4.968856299999999809e-02
-1.999378200000000161e-02
9.175747399999999642e-04
4.210996599999999868e-02
2.999444000000000068e-02
5.126583199999999729e-02
3.106412299999999904e-02
3.539279000000000036e-02
-4.666875699999999821e-02
3.816069300000000247e-02
-6.210052399999999896e-03
-1.829601499999999881e-02
5.544414999999999760e-02
-3.329721499999999806e-02
-4.756311400000000182e-03
-9.426214500000000551e-02
-1.145826800000000062e-02
3.006772500000000001e-02
-5.553621400000000041e-02
-3.802165400000000195e-02
1.568089199999999901e-04
1.511415999999999975e-02
2.177846599999999980e-03
9.642702499999999260e-03
3.569934500000000038e-02
1.826335100000000058e-02
-4.797626700000000299e-02
-1.405135599999999922e-02
-4.003624199999999966e-02
-9.554972999999999592e-03
2.244529899999999842e-02
9.813637999999999095e-04
-6.508513999999999966e-03
3.663214699999999685e-02
-6.494076599999999699e-02
7.221682000000000101e-02
3.583529199999999776e-02
-9.275214999999999849e-03
1.843360000000000137e-02
-2.434242699999999981e-02
1.977085799999999793e-03
-2.376003000000000143e-02
7.053825500000000283e-03
-5.113281299999999918e-02
2.617353399999999830e-02
-3.174889000000000183e-02
4.590894000000000225e-02
-6.182543500000000150e-03
1.017417999999999968e-02
6.143047699999999722e-02
2.738051100000000061e-03
2.281535000000000160e-02
-4.740710000000000063e-02
-5.366150000000000087e-03
-7.037364999999999593e-02
5.309317000000000029e-03
8.184126999999999375e-03
7.248834200000000075e-03
-4.683463999999999683e-02
5.792966499999999824e-02
-5.836988600000000277e-02
-3.274569000000000091e-02
-1.934926000000000007e-02
-3.735339299999999862e-02
3.621455700000000139e-02
-2.583596900000000030e-02
3.432792599999999819e-03
-1.442964600000000083e-02
-3.477956699999999735e-02
1.839676499999999895e-02
-2.623026399999999966e-02
-1.809690999999999991e-03
-1.388844000000000016e-02
2.695548000000000041e-02
-4.628211000000000130e-03
3.420416300000000270e-02
-8.233136999999999747e-03
1.721617400000000075e-02
-4.749220999999999998e-02
4.376745600000000319e-02
4.711064699999999855e-02
-5.460274200000000272e-02
-3.162931000000000076e-02
2.467897499999999883e-02
2.378976299999999849e-02
6.036224600000000134e-02
6.452331000000000039e-02
3.479482400000000024e-03
-2.283578600000000028e-02
5.273048800000000071e-03
4.023458399999999685e-02
-6.694981499999999586e-02
6.108629699999999774e-02
-6.451023000000000174e-02
2.417573099999999892e-02
-1.869755799999999954e-02
3.006908900000000023e-02
5.279757999999999847e-03
-7.640375999999999938e-03
5.065072999999999798e-03
4.156684000000000073e-02
-1.516335299999999921e-02
-4.723408999999999941e-02
-3.498439500000000146e-02
-3.642735300000000259e-02
-1.051586000000000048e-01
-6.772265999999999876e-03
1.386535099999999972e-02
4.579834599999999672e-02
2.640775799999999993e-02
4.238235299999999588e-03
-7.113466999999999707e-02
5.518877400000000294e-03
4.067429499999999920e-02
-4.514233000000000308e-03
1.366192100000000048e-02
-4.203425300000000059e-02
6.538009999999999655e-02
4.251022599999999818e-02
2.937825000000000158e-02
1.499557000000000049e-04
2.847683999999999979e-02
-4.913399400000000028e-02
1.130367300000000019e-02
1.745653499999999872e-02
-7.234955999999999332e-02
2.593551800000000115e-02
5.459770600000000279e-02
-1.154796400000000084e-02
1.462649499999999977e-02
1.044426799999999961e-02
4.395618999999999915e-02
3.035243600000000000e-02
2.564181999999999920e-03
-4.169761000000000301e-02
-2.438441699999999851e-02
-2.584082399999999835e-02
7.685987299999999696e-03
-8.487979999999999137e-03
4.387115999999999932e-02
6.098693200000000064e-02
1.334194600000000036e-02
-1.850411500000000153e-02
5.067167000000000025e-03
3.650561000000000084e-02
4.855030999999999930e-02
3.311671000000000059e-02
5.089299399999999696e-02
1.304546699999999983e-02
2.641650099999999848e-02
3.912504399999999771e-02
2.993269999999999958e-02
3.064365499999999881e-02
4.314264999999999767e-02
2.031980499999999981e-02
2.977973800000000004e-02
5.804424400000000178e-02
5.361050400000000153e-03
-5.388678399999999530e-04
-1.586489599999999986e-02
3.784832700000000105e-02
3.275333999999999884e-02
-3.426843599999999934e-03
4.089807699999999796e-02
-6.539396999999999571e-02
-1.875061999999999909e-02
-5.971003299999999570e-03
-1.472403100000000027e-02
-6.166233000000000131e-03
-2.543971100000000027e-02
-8.555286000000000488e-03
-4.314809700000000331e-02
9.709740999999999164e-03
-9.830742999999999426e-03
7.073187000000000224e-02
-9.799860400000000304e-02
-7.418126300000000249e-03
-7.371464700000000120e-03
-2.371574200000000146e-02
-1.317303600000000081e-02
7.782131999999999938e-02
-1.235593100000000055e-02
-3.032288499999999908e-03
-3.889471700000000226e-02
6.017141799999999735e-02
6.043178600000000122e-02
1.043121299999999994e-02
-9.216303999999999816e-03
-2.117080599999999905e-04
8.307869000000000712e-03
-3.826748600000000333e-02
5.693364499999999800e-02
-3.517838599999999899e-02
2.563559600000000008e-02
-3.369077699999999814e-02
9.208887999999999796e-02
-9.340035999999999478e-03
-5.236230000000000051e-02
6.431225999999999610e-02
3.369442399999999973e-03
-1.617039199999999871e-02
-4.545630400000000293e-03
-1.681760300000000041e-02
-5.336027000000000131e-02
-2.639027500000000123e-02
5.479331999999999953e-02
3.429430800000000078e-03
3.828164600000000251e-02
7.650118999999999669e-02
1.416443899999999916e-02
4.037626999999999883e-02
1.134740600000000085e-02
6.888461999999999710e-03
5.407087999999999998e-03
-5.091248999999999775e-02
-8.094472999999999599e-03
-1.302268900000000049e-02
-5.741101299999999859e-05
-1.456729799999999936e-02
5.846572299999999722e-02
1.472827600000000021e-02
2.178589299999999975e-03
7.705066000000000692e-02
-3.024224099999999870e-05
3.245676000000000117e-02
3.419267000000000140e-02
-4.235532999999999659e-02
-4.449150699999999958e-02
4.541701000000000071e-02
3.446366599999999697e-02
2.814246899999999982e-02
8.082124999999999726e-02
-4.485456300000000181e-03
-6.177120999999999827e-03
1.020681699999999997e-02
-6.664515000000000196e-03
3.677242599999999695e-02
2.469238800000000175e-03
8.846295000000000547e-03
1.550720799999999976e-02
-1.521004399999999982e-03
-1.668849600000000058e-02
-7.076056000000000012e-02
-6.076195499999999944e-02
6.799434000000000033e-02
5.248843999999999906e-03
2.658591000000000079e-02
-3.066931300000000013e-02
-2.518483399999999969e-02
-5.388189499999999910e-02
-2.321360999999999911e-02
7.529491000000000135e-03
3.960206699999999774e-02
-1.736121599999999876e-02
1.037778800000000064e-02
-1.588136899999999935e-02
3.532488000000000294e-02
-1.466863700000000000e-02
1.225509200000000042e-02
4.834287599999999990e-02
6.475552499999999607e-03
1.055377950000000037e-01
1.444132300000000070e-02
-1.202680300000000084e-02
1.139049299999999980e-02
1.448014799999999998e-02
3.549561600000000067e-02
-1.822979400000000055e-02
1.131882399999999990e-03
-4.991325700000000254e-02
-9.645623000000000738e-03
-4.331219000000000041e-02
5.050688600000000084e-02
2.863659899999999869e-02
2.995664299999999981e-03
-1.201008999999999931e-02
7.532310999999999868e-03
-5.324812999999999769e-02
9.032160999999999326e-05
2.851950400000000108e-02
7.026710000000000247e-03
-3.754195200000000343e-02
-1.515951700000000082e-02
1.662786499999999862e-02
-2.429615499999999984e-02
8.247910399999999753e-02
-3.150106999999999907e-02
6.923793299999999803e-03
3.175568000000000141e-02
4.892651700000000270e-02
5.734936999999999674e-02
-5.234827000000000230e-02
3.123065500000000126e-03
-4.176746299999999773e-02
4.270005200000000071e-04
-7.127005999999999619e-02
1.377099000000000031e-02
3.540604599999999658e-02
-1.761757099999999897e-03
-1.172126499999999981e-02
-5.281138999999999972e-02
4.960509999999999919e-02
-2.929077300000000085e-03
-2.579256300000000099e-02
-4.705579000000000012e-02
1.616780799999999879e-02
1.081510299999999952e-02
-2.038668999999999898e-02
1.385149999999999923e-02
2.057124899999999978e-02
-4.342588000000000004e-02
-1.564583199999999841e-02
-2.775927300000000097e-02
1.175882900000000016e-02
1.262752800000000071e-02
8.858406000000000613e-02
-4.243542599999999831e-02
3.912386999999999809e-02
2.566320000000000059e-02
-9.750599999999999892e-03
6.153016499999999778e-02
1.682860799999999837e-02
5.910033700000000279e-02
2.790448800000000160e-02
3.948607999999999979e-02
7.635245999999999700e-02
-6.224659999999999915e-03
5.570263000000000297e-02
2.685869899999999977e-02
5.334951999999999750e-02
2.244011300000000111e-02
2.658276999999999862e-02
3.982943700000000226e-02
2.792853500000000086e-02
5.151755000000000223e-02
3.506821799999999822e-02
4.263705799999999851e-02
-2.902899700000000083e-02
4.174807700000000149e-02
-6.099006599999999903e-03
-6.763677999999999357e-02
9.874877000000000220e-04
-2.146485799999999985e-02
2.170209000000000027e-02
1.274136699999999997e-02
4.228103999999999890e-02
-5.263584000000000318e-02
-1.457005599999999963e-02
-1.122000000000000081e-02
1.785696999999999979e-02
-3.180428600000000106e-02
5.493465299999999996e-03
-2.331066500000000125e-02
-2.856321800000000133e-02
-3.160081399999999791e-02
-9.067679999999999838e-03
3.274363000000000273e-02
-5.736810000000000173e-03
2.398806800000000128e-02
3.936964600000000120e-02
-2.276264000000000065e-02
3.815411400000000286e-02
-2.245808599999999863e-02
2.819155500000000009e-02
-2.495364300000000105e-02
-6.429015000000000424e-02
-1.123217200000000034e-02
4.353895800000000260e-02
2.037916500000000117e-02
-1.557355749999999976e-02
-1.972917299999999916e-02
4.267494000000000148e-02
5.242817999999999784e-02
1.304443700000000074e-02
-1.793991799999999914e-02
5.741972500000000305e-03
-4.723397299999999854e-02
-4.214662600000000300e-03
1.458282099999999928e-02
-1.909794299999999917e-02
-1.243973699999999932e-02
1.908956499999999931e-02
-2.358429500000000165e-02
3.956858399999999693e-02
-5.035969199999999757e-02
-1.854280800000000090e-02
-2.872906299999999913e-02
5.816042400000000223e-02
1.430968200000000065e-02
5.046186000000000248e-03
-4.211574399999999663e-02
4.232832799999999840e-02
-6.434747000000000210e-03
-4.030510299999999838e-03
-4.452615599999999729e-02
-3.924647700000000183e-02
-8.697127999999999803e-02
-8.674480999999999511e-03
5.902883800000000014e-02
5.219060499999999929e-03
3.198751799999999951e-02
-4.921893000000000101e-02
-2.269051199999999949e-02
-4.326150000000000134e-02
-1.889971000000000012e-02
-2.663825300000000063e-02
-5.237982399999999844e-02
-5.049768999999999959e-03
1.366447749999999926e-02
5.088323399999999941e-02
2.882777200000000151e-02
3.174248999999999821e-02
-3.257113700000000001e-02
-5.695369000000000126e-02
-2.358088499999999935e-02
4.803600000000000231e-02
-2.441879500000000008e-02
4.219643800000000278e-02
-6.507988000000000661e-02
1.370468199999999928e-02
2.112927499999999945e-02
5.714070999999999734e-02
-2.855264399999999855e-02
-4.595840999999999815e-02
-4.191610600000000159e-02
-1.454748200000000047e-02
1.419260999999999960e-02
3.355334299999999936e-02
-1.616936700000000046e-02
3.599922400000000328e-02
4.841549700000000178e-02
1.054658140000000049e-01
-1.063663500000000019e-02
-3.254845399999999750e-02
-4.535217200000000309e-02
-1.589471500000000023e-02
-5.248045500000000224e-02
1.317124800000000085e-03
4.694318399999999891e-02
1.436686700000000018e-02
2.081451600000000166e-02
-4.816995999999999778e-02
1.861650700000000089e-02
-6.200579999999999807e-03
-1.844871799999999937e-02
-4.825232599999999816e-03
-5.254334000000000088e-02
5.773801999999999754e-03
-1.304394400000000002e-02
1.469962000000000005e-02
3.023956999999999860e-03
9.843111999999999348e-03
1.499285799999999953e-02
-1.562007999999999929e-03
-2.862546799999999940e-03
-5.391355600000000137e-02
3.506737000000000049e-02
-2.049943200000000146e-02
-2.618519399999999844e-02
1.358589900000000024e-02
-3.637014300000000061e-02
-1.221767799999999918e-02
2.532433499999999990e-02
4.437017800000000317e-02
-1.355895499999999927e-03
2.635330899999999837e-02
2.371955300000000086e-02
-4.163155999999999801e-02
-1.262436599999999971e-02
-1.948359200000000097e-02
-3.890147400000000186e-03
4.454986400000000152e-02
-3.160132000000000219e-02
5.619731299999999874e-03
-3.860062999999999689e-02
5.187928299999999826e-02
-1.958067200000000035e-02
1.204024200000000005e-03
3.661476500000000051e-03
-1.500356100000000033e-02
-7.098690000000000555e-02
-2.786098000000000047e-02
3.771986799999999668e-02
2.026672800000000121e-02
6.861362599999999701e-02
-4.283503400000000100e-02
-1.194291199999999954e-03
1.922340900000000033e-02
3.227072200000000168e-02
-2.586699599999999974e-02
-1.162586999999999995e-02
-3.127416000000000224e-02
-7.442426400000000386e-03
2.274892099999999834e-02
-3.438567000000000012e-02
7.432844500000000687e-02
2.964516999999999847e-02
-6.205343000000000317e-03
2.781562300000000112e-02
-3.705405999999999977e-02
2.580895799999999990e-02
1.710970999999999933e-03
-2.266744199999999945e-02
1.310526900000000099e-03
-1.626856399999999925e-02
5.411085999999999674e-02
5.420148699999999958e-02
5.263988700000000326e-02
-1.712534400000000068e-02
3.404947700000000160e-02
1.147269100000000014e-02
5.560791000000000345e-02
4.196898000000000295e-02
3.270324600000000005e-03
2.251764200000000091e-02
-2.539341499999999904e-02
-2.645911600000000127e-02
-3.270123999999999947e-02
8.743696000000000454e-03
1.031380399999999933e-02
1.482485799999999979e-02
-1.320380399999999954e-02
-1.770445299999999847e-02
-3.898979300000000219e-04
-4.275095500000000021e-02
4.352516000000000024e-02
-9.557503999999999653e-03
-2.298863199999999843e-02
3.442441999999999724e-02
4.092138000000000025e-02
-2.008923099999999906e-02
6.908652000000000369e-03
-5.082884399999999803e-02
-4.169306700000000032e-03
1.495162499999999964e-02
-1.501265799999999991e-02
2.765865299999999832e-02
-7.172133300000000343e-03
-3.600441699999999690e-02
-8.468267999999999629e-02
5.124005000000000053e-03
-6.695352000000000248e-02
-1.478582800000000086e-02
1.914703099999999839e-02
-1.790058200000000169e-02
-3.189978999999999731e-02
-1.538134000000000029e-02
2.544975099999999962e-02
2.322042600000000061e-04
2.593588000000000143e-02
8.852332000000000256e-02
-6.316254999999999786e-03
7.211304299999999647e-03
-1.364554299999999956e-02
2.237887300000000051e-02
1.804160999999999959e-02
-3.542435499999999765e-02
