7.868635000000000213e-02
1.967285400000000004e-02
-3.257667300000000044e-02
5.305321400000000132e-03
3.562285999999999925e-02
4.569221999999999867e-02
-2.356263300000000036e-03
1.711226000000000066e-02
-1.668641900000000095e-02
1.120393000000000083e-02
1.870533300000000107e-02
4.824558999999999792e-02
5.398392999999999942e-02
1.522412000000000071e-02
4.685327000000000242e-02
7.367663000000000207e-04
2.676414100000000171e-02
4.805062699999999853e-02
-2.313956199999999894e-02
-2.009613000000000024e-02
-3.040076400000000026e-02
3.885286699999999926e-02
1.260870499999999957e-02
1.412836699999999931e-02
6.053717000000000126e-03
-1.940470199999999937e-02
-2.007118399999999886e-02
-8.711940999999999435e-02
2.077522999999999870e-02
-4.704666500000000140e-02
2.228346100000000093e-02
5.317422399999999910e-02
4.740609999999999963e-02
-5.444098299999999835e-02
3.759449299999999966e-02
2.886206800000000114e-02
-1.582164299999999982e-02
-4.372738999999999793e-02
2.592979700000000096e-02
-5.639612000000000097e-02
2.382294000000000078e-03
-4.350712000000000329e-02
-1.409207200000000063e-02
3.307808000000000276e-02
-2.908670000000000005e-02
-4.092015999999999709e-02
-3.885837000000000319e-02
-1.818331299999999956e-02
-3.566838399999999742e-02
5.497320399999999774e-02
2.977679899999999963e-02
4.466595000000000287e-02
-3.301334799999999792e-02
-4.495798999999999976e-03
-6.103622700000000192e-03
-5.897009400000000068e-02
-2.940995799999999993e-02
-4.866239800000000254e-02
4.068325500000000150e-02
-2.261944299999999949e-02
-6.800610999999999809e-03
-1.843715599999999968e-02
4.999313500000000104e-02
-4.852150799999999792e-02
5.090246699999999985e-02
-2.356822000000000084e-02
1.380438449999999914e-02
-6.500990600000000098e-03
-8.414813000000000154e-02
2.920238899999999874e-02
-3.630293000000000148e-03
1.421052599999999937e-02
-2.209242000000000150e-02
3.738563500000000039e-03
-2.678994800000000093e-02
-8.298733000000000845e-03
-6.225188000000000423e-03
3.298987400000000236e-02
-7.335298700000000317e-03
7.048862999999999830e-03
-4.427988499999999800e-02
1.151225300000000007e-02
2.163633699999999854e-02
-1.995073600000000190e-03
-5.627504999999999660e-03
2.715840699999999899e-02
3.786115699999999945e-02
-1.558295099999999940e-02
-3.140105299999999822e-02
-9.699064999999999770e-03
1.249583699999999992e-01
4.865050000000000104e-03
4.656363699999999800e-02
1.765557000000000064e-03
6.352884000000000309e-02
-3.028263499999999872e-02
-1.241672560000000036e-01
-1.020946300000000057e-01
2.335894000000000165e-02
1.232630200000000079e-02
2.419349000000000152e-02
2.590032100000000045e-02
-2.471968199999999977e-02
9.168710000000000054e-03
2.957627499999999909e-02
-1.854316699999999929e-02
-4.744947299999999896e-02
-5.702590999999999910e-02
-5.635950299999999830e-02
1.318847000000000075e-02
4.984133300000000155e-02
3.483076999999999701e-02
9.250357000000000718e-03
2.770748500000000045e-02
-5.535295199999999693e-02
1.979152500000000078e-02
1.781451499999999952e-02
3.880784999999999877e-03
-1.454615199999999969e-02
3.199518999999999974e-02
2.739717399999999983e-02
5.632943299999999820e-02
-4.987473800000000179e-02
6.380283999999999955e-02
3.153243299999999860e-02
2.012570400000000120e-02
6.091494999999999722e-03
-1.821335299999999983e-03
-2.595106100000000096e-02
-9.601507999999999918e-03
2.986116499999999854e-02
-2.677228300000000089e-02
2.027941700000000097e-02
5.481196599999999669e-02
-3.809044999999999792e-02
-2.454799000000000130e-03
6.700192400000000437e-02
6.940543700000000212e-03
-4.661458999999999742e-02
2.673646999999999829e-02
-6.078797000000000367e-03
2.802008400000000066e-02
-6.648582000000000103e-02
3.419028599999999942e-03
-2.263044999999999987e-02
-4.691881700000000155e-02
2.906675800000000157e-02
4.603518999999999667e-02
3.394137299999999691e-02
3.359845699999999824e-02
-1.748512399999999946e-03
-2.261196799999999965e-02
1.137752700000000013e-02
-1.914435800000000021e-02
-3.900723500000000121e-02
2.071636699999999942e-02
2.534320799999999901e-02
-5.774259600000000020e-02
2.697983600000000010e-02
-2.565079400000000107e-02
4.542514000000000274e-02
-4.750058000000000058e-02
2.042969000000000035e-02
5.216849600000000170e-02
-4.637975600000000115e-02
-1.278293100000000085e-02
-3.137390400000000020e-03
-4.177301700000000256e-02
5.392647000000000412e-03
1.486184500000000026e-02
-1.673554100000000091e-03
-9.703673000000000159e-02
-6.264082999999999457e-02
-4.804658500000000276e-02
1.590925300000000167e-02
8.103584999999999955e-03
1.308451300000000074e-02
-3.368762000000000145e-02
-1.604383599999999882e-02
8.547120999999999538e-03
7.857656000000000363e-02
-2.048894600000000094e-02
1.418798100000000055e-02
-4.751281400000000044e-02
-2.747527899999999829e-02
-6.105471000000000335e-03
4.672532000000000074e-02
4.990958399999999989e-02
1.861317499999999917e-02
6.890525000000000122e-02
3.747466199999999886e-02
-4.480527699999999752e-02
5.582698599999999858e-03
4.984109500000000192e-02
3.022032799999999856e-03
5.282859000000000166e-02
9.771579000000000723e-03
1.594552499999999902e-03
-4.026836199999999852e-03
-6.709009999999999974e-02
4.167869700000000066e-02
9.244832000000000050e-02
8.412111999999999368e-03
-1.082218000000000069e-02
6.572148300000000415e-03
7.073295999999999750e-02
-2.158381800000000114e-02
-3.003520900000000021e-02
1.026719599999999927e-02
4.792753999999999764e-02
1.306487599999999957e-02
-4.354613599999999918e-02
-2.276266000000000053e-02
-2.499068000000000123e-02
2.103297999999999973e-03
4.232116499999999913e-03
5.565164599999999906e-02
4.879703999999999986e-02
3.504464999999999664e-02
-3.037023700000000132e-02
3.035809700000000055e-02
2.813588499999999937e-02
-1.208702700000000019e-02
5.461973299999999670e-02
-2.416449199999999922e-02
-3.098960200000000151e-02
-5.313978700000000083e-02
-6.394468700000000179e-03
2.398417499999999994e-02
-8.475968999999999864e-02
-2.228845299999999974e-02
-1.962800500000000045e-02
-1.564723899999999942e-03
-1.159434300000000001e-02
-6.647649999999999393e-02
4.420920699999999863e-03
2.545131000000000129e-02
-5.824287000000000214e-02
-2.416341199999999870e-02
-4.430648999999999699e-02
-9.647651000000000143e-03
1.190279399999999953e-02
2.934527399999999845e-03
3.771893399999999823e-03
3.185307200000000311e-02
-2.983221399999999926e-02
3.367971599999999843e-02
2.407525900000000163e-02
-2.940910899999999925e-02
1.233458800000000050e-02
-7.591392399999999895e-03
-5.402157999999999786e-03
-8.984644999999999437e-02
-6.032896700000000070e-03
-6.217857000000000245e-02
3.197153300000000337e-02
-7.540722399999999839e-03
3.091583999999999999e-02
1.040506000000000070e-02
2.452785000000000035e-02
5.342530000000000195e-02
-8.328024999999999317e-03
2.602938399999999916e-02
-4.407880000000000131e-02
2.738499299999999984e-02
-5.759446000000000010e-02
2.646821699999999875e-02
2.046940599999999902e-03
1.328777499999999993e-02
-4.155731000000000008e-02
5.218413499999999955e-02
-5.596049499999999899e-02
-5.273520599999999975e-02
-1.401860100000000033e-02
-1.499571300000000079e-02
1.378363200000000052e-02
-4.094615999999999707e-03
-5.001634999999999935e-03
-4.563346000000000069e-02
-4.900676999999999811e-02
4.733448999999999990e-02
-1.672273499999999899e-02
1.415398200000000072e-02
-2.413391299999999989e-02
5.273009300000000479e-04
-2.022589199999999879e-02
3.716430999999999901e-02
-1.565048300000000084e-04
1.311511999999999921e-02
-3.917379299999999842e-02
5.659236799999999706e-02
7.646553999999999851e-03
-5.569932999999999829e-02
-4.337728400000000206e-02
4.155068999999999950e-03
2.013635000000000078e-02
4.761458600000000041e-02
5.562247299999999867e-02
-2.658309799999999945e-02
-1.013766299999999988e-02
1.375056099999999969e-02
2.699079000000000061e-02
-6.911765000000000270e-02
3.523756000000000110e-02
-4.235467300000000240e-02
1.782992699999999889e-02
-2.823325200000000035e-02
4.744672800000000051e-02
7.723388000000000302e-03
-8.015850999999999903e-06
-2.841911500000000087e-03
3.214991500000000113e-02
-3.258907800000000049e-02
-3.752199199999999707e-02
-5.127652700000000230e-02
2.235181200000000215e-03
-1.309803300000000059e-01
-3.479394000000000237e-02
2.791797700000000007e-02
4.362575300000000322e-02
3.818181600000000123e-03
4.634408300000000119e-02
-3.159275000000000277e-02
1.513681400000000017e-02
3.057808600000000085e-02
-2.722294299999999880e-04
2.287445600000000134e-02
-4.514239700000000077e-02
6.792597000000000218e-02
3.814856300000000339e-02
4.229171200000000214e-02
-4.155418000000000132e-03
2.809316499999999980e-02
-3.746928299999999906e-02
2.542265000000000150e-02
1.530196099999999934e-02
-6.288248999999999922e-02
1.483566400000000014e-02
8.857579999999999620e-02
-1.908618000000000120e-02
6.311884000000000244e-03
-4.396011600000000220e-03
5.192072999999999827e-02
2.039407400000000162e-02
1.133372600000000056e-02
-1.857004099999999894e-02
-4.026334399999999952e-02
-1.621540000000000134e-02
1.653203400000000101e-02
-4.598608600000000110e-04
4.174156500000000131e-02
5.560956499999999969e-02
-7.166471300000000315e-03
1.419439500000000028e-02
9.140871000000000066e-03
3.626549999999999913e-02
1.365985299999999958e-02
1.446710799999999936e-02
4.886296400000000179e-02
4.430726000000000282e-03
1.658515299999999831e-02
6.432064599999999521e-02
1.808999099999999971e-02
2.912801500000000016e-02
2.686405000000000043e-02
1.797914299999999951e-02
2.226441200000000079e-02
4.430283000000000138e-02
1.838265199999999933e-02
-7.013858300000000087e-03
-1.677224199999999971e-02
1.767831500000000000e-02
4.711778399999999936e-03
-1.545525399999999987e-02
2.229738599999999890e-02
-5.850658000000000247e-02
-1.314834099999999915e-02
-3.973991799999999908e-02
-1.866670700000000113e-02
-2.598752999999999827e-02
8.491435000000000302e-03
-2.370633600000000146e-02
-4.931726000000000165e-02
1.143508000000000024e-02
-1.572484700000000013e-02
6.693485400000000196e-02
-8.041457000000000466e-02
1.104514000000000017e-02
-7.906262000000000706e-03
-3.432199999999999834e-02
-3.962528400000000020e-03
8.004073000000000437e-02
-3.790696899999999956e-03
-1.234323499999999928e-02
-2.730277700000000030e-02
5.404002599999999795e-02
2.951629000000000058e-02
-1.454109800000000056e-02
-9.806952000000000724e-03
2.911412400000000077e-03
-2.885275000000000079e-03
-1.090368599999999924e-02
5.504118999999999678e-02
-2.117834400000000172e-02
1.827791299999999980e-02
-3.285747399999999763e-02
7.204001000000000154e-02
-1.276435100000000017e-02
-6.605147000000000101e-02
1.808456500000000036e-02
-1.487266999999999929e-02
-2.562648000000000009e-02
-1.551913899999999950e-02
5.727155599999999604e-03
-6.381153000000000519e-02
7.439865000000000367e-04
7.300357999999999847e-02
2.611870100000000111e-02
5.677707500000000324e-02
3.808758400000000072e-02
1.579552800000000074e-04
2.720279399999999889e-02
3.614802999999999766e-02
1.255932199999999950e-02
-1.163005200000000010e-02
-5.970591699999999724e-02
-2.844857400000000078e-02
-3.741702999999999696e-02
2.818505099999999916e-02
-3.598704600000000170e-02
5.600724399999999770e-02
1.052805700000000039e-02
1.933441300000000168e-02
4.940338799999999947e-02
2.351837999999999845e-02
6.751621500000000442e-02
9.800199000000000757e-03
-1.890264599999999864e-02
-4.041892999999999875e-02
2.036579700000000145e-02
4.097124199999999800e-02
2.265126400000000081e-02
6.673780999999999464e-02
-6.984981999999999823e-03
6.366626999999999703e-03
1.385614599999999974e-02
-1.281496600000000055e-02
1.320923799999999988e-02
2.899684599999999973e-02
1.255332800000000075e-02
1.604862699999999934e-02
-2.780762300000000093e-03
1.444249899999999970e-03
-4.074185300000000148e-02
-7.319265599999999483e-02
7.341981999999999675e-02
1.406559299999999950e-02
-6.196883000000000252e-03
-2.654523599999999983e-02
1.829207700000000034e-02
-4.008007999999999710e-02
-1.207934299999999933e-02
7.645244699999999630e-03
2.249842999999999982e-02
-3.487355000000000316e-02
3.288650500000000337e-02
2.989731700000000051e-03
2.656559600000000035e-02
7.236536000000000357e-02
3.346704699999999977e-02
6.119406200000000046e-02
2.528962699999999855e-02
8.110365999999999409e-02
1.745193800000000017e-02
-2.757814199999999993e-02
-1.271662999999999960e-02
-1.520227549999999921e-02
-9.411191999999999865e-04
1.829142699999999986e-03
-1.167595800000000017e-02
-1.209091999999999979e-02
7.921291500000000180e-03
-4.839572000000000318e-02
3.134798300000000287e-02
5.106420400000000193e-02
7.289410999999999981e-03
1.544369699999999929e-02
2.685904899999999942e-02
-2.364349599999999996e-02
-2.472763099999999992e-02
4.895903000000000060e-02
1.618764400000000103e-02
-1.737704899999999858e-02
-7.313413000000000379e-03
4.633141000000000342e-02
-1.886815999999999841e-02
7.115673999999999610e-02
-3.763780700000000229e-02
-3.779052000000000106e-02
7.276069400000000076e-02
3.741589000000000026e-02
3.686471300000000034e-02
-6.406119500000000133e-02
-2.371959800000000146e-02
-4.416715000000000224e-02
2.982651799999999978e-02
-7.322691000000000616e-02
8.747154999999999514e-03
3.505086999999999786e-02
2.317500100000000063e-02
4.095499600000000046e-02
-6.150507599999999880e-02
3.247130000000000155e-02
9.927181000000000199e-03
-3.282882599999999845e-02
-3.590599399999999664e-02
2.792980499999999852e-02
-8.023985000000000839e-03
-2.878283499999999967e-02
1.662283000000000163e-02
2.744325599999999921e-02
-5.567899700000000091e-02
-2.062597700000000020e-02
-2.064571700000000093e-02
6.073867999999999628e-03
-2.486808699999999879e-03
4.242997600000000119e-02
-4.508552300000000235e-02
2.268799599999999934e-03
2.126313000000000161e-02
1.288127799999999948e-02
6.687263999999999708e-02
3.758638400000000046e-02
6.491938999999999349e-02
5.397025500000000170e-02
4.901512699999999861e-02
8.376241500000000673e-02
8.730127500000000457e-03
5.463795999999999931e-02
4.001661399999999896e-02
3.595916999999999863e-02
4.190262799999999732e-02
-8.294403000000000539e-03
5.923341199999999918e-02
2.088227499999999875e-02
4.860736400000000013e-02
2.324551299999999890e-02
2.096365199999999929e-02
-2.102681799999999920e-02
4.155218000000000106e-02
-2.189888400000000040e-02
-3.631749399999999878e-02
-3.401218000000000297e-02
2.047860800000000144e-03
1.313516399999999952e-02
-3.726981000000000044e-02
2.909112700000000135e-02
-4.391050700000000140e-02
-1.851262000000000003e-03
-3.250832700000000179e-03
4.635914000000000007e-02
-6.848832600000000215e-03
1.852128299999999950e-02
-4.534393999999999925e-02
-6.238881999999999761e-02
2.387462600000000122e-03
-8.791936999999999669e-03
4.699718199999999846e-02
-9.308926999999999827e-03
6.926106799999999855e-03
5.802575000000000094e-02
-2.769769000000000050e-02
5.198017500000000346e-02
-3.519874399999999709e-02
3.155899799999999783e-02
-3.377907000000000132e-02
-7.583302999999999572e-02
-2.161918000000000173e-02
2.836991999999999986e-02
5.461336299999999810e-02
-1.122190200000000061e-02
-2.573449499999999959e-02
3.533872999999999875e-02
4.114676600000000128e-02
2.314485000000000153e-02
-2.029100000000000001e-02
4.355930499999999955e-02
-6.407306000000000112e-02
1.182094399999999990e-02
2.139703399999999880e-02
-5.071296000000000311e-03
-2.178440800000000163e-02
1.267392999999999992e-02
-5.304854999999999987e-02
4.790363000000000260e-02
-3.636747199999999791e-02
-4.582979000000000219e-02
-4.132813600000000143e-02
5.667508000000000268e-02
2.742869399999999999e-02
2.382655300000000032e-02
-3.229805000000000176e-02
4.828753000000000212e-02
-2.164311099999999960e-02
-3.889135600000000192e-02
-5.138379700000000189e-02
-3.446962700000000268e-02
-8.470790000000000264e-02
-1.017266000000000004e-02
1.878161500000000150e-02
7.164952300000000142e-03
3.334978599999999932e-02
-3.686836699999999911e-02
-1.845266300000000022e-03
-5.034585700000000080e-02
-6.061478599999999472e-04
-1.343270100000000002e-02
-3.567771000000000137e-02
2.643631500000000190e-03
1.635818400000000131e-02
4.029283000000000170e-02
-7.422315399999999778e-03
4.479600599999999586e-03
-3.003965899999999981e-02
-5.255760000000000293e-02
1.390027100000000050e-02
3.069844999999999866e-02
8.576534999999999714e-03
4.314272999999999719e-02
-5.319191999999999670e-02
1.099350099999999927e-02
-1.408237799999999956e-02
9.159014000000000044e-02
-3.718753999999999810e-02
-4.951198999999999878e-02
-3.011950500000000128e-02
-4.313158999999999743e-02
2.391929599999999961e-02
3.575256500000000004e-02
-2.109622800000000159e-02
2.780143200000000092e-02
4.084731300000000315e-02
7.756710999999999467e-02
-5.058070599999999785e-03
-7.405435000000000142e-03
1.034030099999999966e-02
1.837374799999999878e-02
-1.686969799999999894e-02
4.680507000000000417e-03
2.983186000000000171e-02
-2.132721099999999946e-04
4.235400599999999960e-02
-5.630576000000000331e-02
1.222398700000000039e-02
-3.119060800000000161e-02
-2.787992699999999879e-02
4.300244600000000146e-03
-3.086671800000000132e-02
-1.924440300000000020e-02
-3.776883699999999955e-02
7.855446000000000303e-03
3.687712999999999907e-04
-1.834427599999999964e-02
5.397925499999999682e-02
2.007995700000000071e-03
-2.138968000000000119e-02
-9.248932499999999723e-02
1.616025099999999918e-03
-2.416776500000000077e-02
-8.557104499999999142e-03
2.509074500000000110e-02
-4.507434700000000072e-02
-1.405982700000000044e-02
-8.642798000000000147e-03
-9.729408000000000153e-03
-2.386930199999999849e-02
7.061431699999999763e-03
2.481056699999999865e-02
-3.687836199999999787e-02
5.425925399999999982e-03
-7.756738000000000001e-03
5.651890300000000228e-03
1.734148300000000129e-02
-5.272853400000000051e-02
-2.944881099999999835e-02
-3.651919199999999893e-02
5.392599499999999740e-02
-1.789620700000000078e-02
-1.284195299999999970e-02
1.380051399999999984e-02
5.860655999999999678e-03
-3.704030800000000095e-02
-2.477623300000000080e-03
2.298363700000000120e-02
6.228313299999999747e-03
9.481022000000000061e-02
-9.114614000000000483e-04
1.874934500000000059e-02
-3.139318499999999706e-02
1.879200199999999862e-02
-2.544298799999999972e-02
-7.699834600000000223e-03
-6.811082999999999894e-03
-1.148837200000000017e-02
5.601731000000000418e-03
-5.094135999999999803e-02
4.246612000000000303e-02
3.793411000000000005e-02
1.821665000000000090e-02
2.715558399999999997e-02
-3.048160899999999979e-02
1.740349000000000063e-02
-2.129028399999999960e-02
-2.719654700000000147e-02
7.519515699999999858e-03
-3.433372999999999980e-03
6.291813000000000267e-02
3.349410399999999677e-02
3.154607499999999981e-02
4.397643700000000364e-03
5.925066999999999834e-02
6.493024000000000018e-03
2.430641999999999872e-02
4.934994000000000186e-02
2.398659499999999944e-02
3.720910499999999926e-02
-2.381697099999999928e-02
-5.946622700000000171e-03
-7.632365000000000677e-02
1.021888200000000031e-02
3.913637299999999861e-03
3.698889999999999817e-02
-2.233912999999999871e-02
3.470770299999999947e-02
-9.949246999999999605e-03
-4.644014300000000317e-02
3.676400300000000343e-02
-2.479887999999999884e-02
-3.634488200000000196e-02
1.815874699999999939e-02
8.567998999999999754e-03
-4.983185200000000287e-02
1.573367000000000168e-02
-1.893009000000000011e-02
-1.481432199999999956e-02
4.933347600000000110e-02
-9.118624000000000521e-03
9.661070000000000768e-03
-3.021703800000000162e-02
-1.234298699999999971e-02
-8.673139000000000542e-02
-1.538169799999999920e-02
-6.320055600000000495e-02
-3.787617000000000067e-03
5.431771000000000169e-03
-1.059126300000000007e-02
-1.280440199999999945e-02
-1.080769300000000016e-02
2.412554499999999976e-04
-4.646960000000000326e-03
-6.060799000000000394e-03
1.173454099999999972e-01
1.117318499999999911e-03
-1.147124100000000008e-02
-3.303153999999999813e-02
1.415543099999999957e-02
1.543334799999999951e-02
-1.073624899999999979e-02
