6.795009000000000465e-02
3.037159299999999881e-02
-6.250741999999999410e-02
-4.491801400000000263e-03
2.873368000000000103e-02
4.593500999999999834e-02
-8.653338000000000002e-03
1.652248400000000048e-02
-6.507235999999999576e-03
-9.285391400000000180e-04
4.367423799999999717e-02
3.267886500000000138e-02
3.641035000000000105e-02
4.714407999999999793e-02
3.270212599999999803e-02
-2.031882900000000006e-02
1.052174699999999970e-02
2.908264500000000072e-02
-3.595838700000000138e-02
-4.680451000000000056e-02
-4.183386000000000049e-02
3.504556000000000338e-02
1.661506499999999831e-02
1.641450399999999990e-02
1.399888900000000047e-02
-2.555052699999999996e-02
-1.889488099999999879e-02
-5.556890999999999914e-02
7.636043700000000149e-03
-8.412861000000000644e-02
6.540806600000000082e-02
6.947745399999999405e-02
5.841670999999999669e-02
-2.612907399999999866e-02
1.781233200000000017e-02
3.097124000000000058e-02
5.602099499999999878e-03
-2.898701999999999876e-02
3.118703100000000047e-02
-8.437620999999999316e-02
8.404504000000000141e-03
-4.442728700000000280e-02
2.699011999999999939e-02
1.167048499999999954e-02
-3.516420499999999873e-03
-3.907486400000000082e-02
-1.658731700000000073e-02
2.566193000000000033e-03
-2.545905999999999864e-02
5.308158699999999952e-02
2.491844400000000140e-02
2.818245399999999914e-02
-3.013379999999999878e-02
-2.988237700000000163e-02
-1.017767900000000024e-02
-4.782796300000000111e-02
1.197389100000000040e-02
-3.343868299999999683e-02
6.819158000000000164e-02
-5.508313699999999730e-02
1.435465999999999999e-02
-3.360317300000000007e-02
2.206431099999999965e-02
-4.905243000000000103e-02
2.116703199999999882e-02
-5.421473999999999738e-02
2.131576500000000041e-02
-3.854665000000000175e-03
-9.496717000000000353e-02
3.234061600000000258e-02
1.859655399999999908e-03
-1.717784400000000114e-02
-2.050446499999999950e-02
1.828331299999999895e-02
-4.683727000000000376e-03
-3.325677500000000144e-03
-2.171573599999999937e-02
3.647978200000000226e-02
3.176012000000000193e-03
1.274096899999999956e-02
-2.317391699999999874e-02
-1.757779699999999917e-02
1.935497099999999859e-02
1.107044400000000090e-03
-2.436434100000000116e-02
3.860117999999999883e-02
1.328617300000000008e-02
6.468483199999999766e-03
-2.703925000000000078e-02
-2.584946499999999855e-02
1.182295800000000008e-01
2.613233400000000012e-02
1.126817899999999970e-02
1.366046599999999958e-02
5.344106600000000235e-02
-3.775529999999999858e-02
-8.998480400000000157e-02
-1.050363200000000025e-01
-1.815277200000000105e-02
1.433713399999999964e-02
1.281980899999999972e-02
3.029375999999999944e-02
-2.185194799999999951e-02
-8.930311299999999907e-04
4.176181000000000337e-02
8.709833999999999632e-03
-2.174740500000000090e-02
-5.260797999999999863e-02
-7.041614999999999680e-02
-9.996588000000000696e-03
6.464209399999999717e-02
5.094190999999999650e-03
5.445217000000000113e-02
2.223062699999999933e-02
-2.971659399999999895e-02
-1.321125499999999987e-02
-1.203038499999999934e-02
8.420626000000000499e-03
-3.086430199999999971e-02
1.551113700000000036e-03
3.121163500000000146e-02
6.410411000000000581e-02
-2.663006299999999896e-02
8.714626999999999790e-02
4.415113999999999844e-02
8.946035999999999225e-03
-1.828364799999999957e-02
-2.950898999999999883e-02
-1.272964499999999950e-02
-2.162977699999999934e-02
5.254418599999999620e-03
-2.992243500000000070e-02
5.362236000000000086e-02
5.553256699999999796e-02
-1.584226299999999879e-02
2.885307700000000128e-02
5.163101500000000232e-02
-1.550492399999999979e-02
1.098006299999999998e-02
1.002154300000000081e-02
-2.926736300000000110e-02
1.482796100000000061e-02
-8.302469599999999506e-02
-7.002488200000000357e-03
-2.541043600000000152e-02
-6.792690999999999313e-02
5.496926199999999790e-02
3.466193800000000325e-02
-6.234296000000000661e-05
-1.877631399999999881e-02
-5.438025700000000129e-02
-6.638394700000000391e-03
4.681473199999999779e-02
-1.539167999999999960e-02
-2.588958699999999863e-02
5.022154000000000201e-02
3.546710000000000140e-02
-3.277327499999999755e-02
1.506106899999999985e-02
-3.090551500000000146e-02
4.659344599999999670e-02
-5.838525299999999807e-02
8.272352999999999651e-03
7.245964600000000255e-02
-5.760201000000000210e-02
-3.829718399999999801e-02
-1.664379399999999995e-02
-6.740503999999999940e-02
5.133628399999999592e-03
-3.905618000000000284e-02
-1.747860199999999933e-02
-5.927115000000000161e-02
-4.348400200000000076e-02
-6.980561999999999878e-02
-5.219244399999999756e-03
-8.838989000000000221e-03
-3.145671699999999862e-03
-5.462722399999999853e-03
-2.072949699999999951e-02
-3.739156600000000108e-02
7.968581499999999318e-02
-2.571352600000000044e-02
5.650979000000000418e-03
-6.082656200000000069e-02
-3.266530499999999865e-02
-2.608317699999999906e-02
5.453809999999999908e-02
3.283511499999999805e-02
8.933520000000000350e-03
4.585292199999999735e-02
3.646846499999999852e-02
-3.708643500000000093e-02
1.524024499999999949e-02
2.710645299999999910e-02
3.296761599999999820e-02
6.406572000000000655e-02
4.348790999999999768e-02
-9.500155999999999185e-03
-1.179415099999999925e-02
-1.787217099999999920e-02
4.884501499999999857e-02
5.251142999999999783e-02
1.098851300000000010e-02
-1.609862000000000098e-02
-1.877018000000000089e-02
6.996760000000000479e-02
-2.631867699999999866e-02
-3.108472400000000108e-02
2.270306999999999881e-02
2.265266499999999891e-02
-3.376140999999999864e-02
-2.247443999999999831e-02
-2.187867999999999931e-03
-3.123694100000000071e-02
1.749423699999999929e-02
1.388714400000000057e-02
4.212897300000000012e-02
3.583952399999999761e-02
5.354053999999999758e-02
-2.093757699999999888e-02
4.128505999999999843e-02
4.217033500000000323e-02
6.486637499999999695e-03
8.684754999999999558e-02
-1.774591000000000016e-02
-5.194615999999999990e-03
-6.155261800000000338e-02
-3.185020299999999881e-03
-2.383631500000000050e-04
-9.288333999999999480e-02
-1.502628800000000049e-02
1.502399700000000074e-02
2.787429599999999893e-03
-2.165472300000000072e-02
-5.158079399999999926e-02
2.117689299999999872e-02
2.678391999999999926e-02
-4.638068800000000325e-02
8.182259000000000754e-03
-3.743181799999999865e-02
-7.957959000000000560e-03
2.373437999999999937e-02
-2.061050400000000171e-02
-1.196939900000000036e-02
6.030985700000000144e-02
-5.217981700000000334e-02
5.179895000000000332e-02
3.627939800000000003e-03
6.118334399999999715e-03
1.157324000000000026e-02
-6.530492000000000154e-04
-3.893592199999999781e-02
-5.306606700000000149e-02
1.757989500000000163e-02
-6.528749999999999831e-02
4.443709600000000232e-02
3.855813500000000206e-03
2.659879399999999852e-02
2.252326699999999959e-02
2.803274600000000075e-02
4.894385999999999876e-02
-2.141611499999999946e-02
2.099477300000000130e-02
-1.691405699999999970e-02
-1.665136799999999972e-02
-2.290196699999999877e-02
2.904902999999999999e-02
-1.966362300000000160e-02
2.530599000000000043e-02
-4.599809299999999684e-02
4.885802399999999990e-02
-5.019834599999999786e-02
-5.984161400000000131e-02
9.049771999999999331e-03
-1.446273300000000019e-02
2.916573199999999977e-02
-1.684461900000000165e-02
-2.626633999999999762e-04
-4.297160700000000194e-02
-3.479676300000000139e-02
4.391166199999999714e-02
8.452011000000000593e-03
-1.742892499999999963e-03
1.903630699999999927e-03
-9.326344000000000301e-03
6.143359000000000146e-03
4.444852500000000262e-02
7.734530000000000094e-04
1.311587399999999959e-02
-3.750605500000000342e-02
3.358331700000000142e-02
5.061053000000000079e-02
-5.676474399999999892e-02
-7.121085000000000609e-02
1.475445400000000018e-02
3.359122999999999970e-02
4.067142700000000305e-02
5.299442000000000041e-02
-2.340084499999999998e-02
-3.057261199999999901e-02
1.823284000000000016e-02
2.021633499999999847e-02
-7.403853000000000517e-02
5.253494499999999956e-02
-4.153537399999999991e-02
4.633813599999999852e-03
-2.370712700000000145e-02
3.396610500000000338e-02
-1.000481800000000039e-02
7.219289000000000261e-03
-7.122233000000000383e-03
3.206661699999999865e-02
-2.461733699999999955e-02
-2.797542999999999905e-02
-5.233800000000000258e-02
-1.936410699999999846e-02
-1.182828840000000048e-01
-3.364862999999999882e-02
3.393722700000000037e-02
5.709025300000000053e-02
2.803948900000000077e-02
1.215531700000000055e-02
-5.534286800000000339e-02
-7.835112499999999716e-03
3.828286799999999768e-02
-6.342396000000000145e-03
2.558323700000000173e-02
-2.709115000000000134e-02
5.025761599999999801e-02
2.205600200000000163e-02
9.453941999999999901e-03
-2.317705999999999933e-02
1.698128000000000137e-02
-3.431362000000000301e-02
3.424706300000000120e-02
-1.165167150000000033e-02
-3.855589999999999712e-02
1.272879900000000071e-02
8.120566599999999580e-02
-1.317600000000000021e-02
1.938513500000000125e-02
8.595083999999999580e-04
6.803778600000000287e-02
9.676324000000000036e-03
2.070157799999999826e-03
-2.090260199999999929e-02
-7.899367999999999668e-02
-4.088316000000000172e-02
1.530428999999999991e-02
5.697604700000000015e-03
2.539452000000000029e-02
3.732747599999999832e-02
1.624170999999999948e-02
6.190223600000000111e-03
4.761360000000000071e-03
3.095514300000000094e-02
3.463554800000000211e-02
3.286349400000000004e-02
6.368802499999999533e-02
2.206748199999999938e-02
4.407774700000000045e-02
4.366390400000000338e-02
1.264967300000000017e-02
6.147574000000000094e-02
3.547561500000000201e-02
2.684372800000000073e-02
3.589988499999999944e-02
5.531268999999999769e-02
3.640480299999999947e-02
-1.739701000000000095e-02
-8.914236000000000729e-03
2.606825999999999935e-02
3.800013299999999844e-02
-2.636022699999999996e-02
1.449113699999999942e-02
-4.618117199999999950e-02
-1.896599300000000043e-02
1.604331999999999980e-02
-8.201686999999999172e-03
-1.732316000000000064e-02
8.009939000000000642e-03
-2.704625000000000085e-02
-3.444348299999999696e-02
1.325325200000000009e-02
-4.353687999999999655e-03
4.598387999999999781e-02
-8.714473000000000358e-02
1.498805450000000039e-02
-1.363617399999999917e-02
-2.555453200000000133e-03
-1.765768200000000093e-02
6.019208200000000092e-02
-8.668257999999999866e-03
-9.434815500000000646e-03
-3.067765000000000075e-02
2.848735800000000082e-02
4.106292999999999749e-02
1.083639100000000077e-02
-3.545908999999999867e-03
6.435208000000000421e-03
-6.282024599999999973e-03
-2.825492599999999965e-02
3.375232999999999706e-02
-4.362744000000000344e-02
1.698427300000000112e-02
-2.822060499999999930e-02
8.766176999999999997e-02
-1.768216699999999864e-02
-4.935241499999999670e-02
4.871935000000000154e-02
2.703474499999999892e-02
-5.634087699999999754e-02
-3.743867000000000028e-02
3.275068500000000160e-02
-4.496080799999999794e-02
-4.076919300000000218e-02
6.470819999999999350e-02
7.658212400000000315e-03
6.340297000000000294e-02
5.859115699999999788e-02
2.085248400000000099e-02
2.803148999999999919e-02
3.759937399999999791e-02
1.288938300000000078e-02
1.053517500000000079e-03
-5.851186800000000160e-02
-2.674097799999999858e-02
-1.268991199999999937e-02
-7.637367600000000145e-03
-1.788429700000000039e-02
3.259390000000000204e-02
1.001839250000000070e-02
1.062833399999999970e-02
5.842691299999999699e-02
-1.157520899999999950e-02
6.405571000000000181e-02
4.887851000000000001e-02
-2.879102000000000050e-02
-1.060192800000000005e-02
3.473757999999999707e-02
2.846920999999999827e-02
2.657357000000000122e-02
7.583383500000000221e-02
-1.098153200000000045e-02
-8.706639000000000392e-03
2.925179699999999952e-02
-3.705492999999999981e-02
6.093260399999999785e-03
2.147682199999999958e-02
1.634552099999999827e-02
5.799521000000000190e-03
1.392909999999999981e-02
3.166423600000000012e-03
-4.595424000000000037e-02
-6.696913000000000171e-02
5.011194599999999749e-02
1.269405699999999991e-02
2.887413800000000058e-02
-2.640003299999999983e-02
-2.024012899999999820e-03
-5.192109599999999991e-02
-1.549168799999999999e-02
1.443675300000000009e-02
2.949797399999999972e-02
-1.870769799999999830e-02
2.973013599999999815e-03
-1.197422100000000017e-02
1.176283600000000047e-02
2.770199599999999956e-02
2.799691600000000016e-02
3.986035699999999904e-02
5.722218700000000075e-03
1.104747699999999999e-01
1.676545499999999855e-02
-2.603424899999999889e-02
-1.028299000000000053e-02
1.407132300000000016e-02
1.551032249999999973e-02
-2.115699999999999872e-03
1.708900699999999981e-02
-2.239997999999999989e-02
9.397379000000000843e-03
-4.887566699999999764e-02
1.669385099999999914e-02
3.958525999999999712e-02
-1.294803899999999973e-02
-7.432649399999999643e-03
2.611457000000000014e-02
-3.392546600000000134e-02
-2.583080899999999971e-02
3.983034600000000258e-02
8.563439000000000814e-03
-2.998944599999999946e-02
-3.391538000000000191e-02
2.359039300000000117e-02
2.185307400000000184e-03
5.965474999999999944e-02
-2.602407899999999857e-02
-4.917586000000000179e-02
4.854079299999999875e-02
6.347727999999999704e-02
4.401328999999999658e-02
-7.601088999999999762e-02
-2.431697400000000162e-02
-6.644087999999999383e-02
2.602521699999999980e-02
-5.522768599999999806e-02
-5.104573999999999744e-03
5.176332000000000155e-02
3.332918299999999921e-03
8.042993999999999491e-03
-4.893378999999999784e-02
4.832337800000000017e-02
1.822852000000000023e-03
-4.025400400000000295e-02
-2.102522600000000103e-02
-2.697733199999999970e-03
2.680160600000000212e-03
-4.245945400000000064e-02
1.741225600000000096e-02
1.559887700000000058e-02
-4.392435000000000089e-02
-3.660490000000000271e-02
9.160180999999999879e-03
8.930909000000000764e-03
1.017111899999999930e-02
2.036699100000000096e-02
-2.314783999999999939e-02
3.592601000000000128e-02
1.074926799999999932e-02
-1.926682999999999868e-02
2.499780600000000089e-02
-2.658490300000000001e-03
7.189096999999999849e-02
2.850902500000000034e-02
6.220533000000000312e-02
6.368917000000000328e-02
-2.639816100000000158e-03
4.261816999999999689e-02
2.861680299999999968e-02
3.958794999999999675e-02
4.856648999999999688e-02
3.395903000000000029e-03
7.638082999999999678e-02
3.654160699999999679e-02
5.234948500000000116e-02
-3.554041500000000142e-03
5.524090699999999882e-02
-2.774910800000000149e-02
4.847426700000000144e-02
-3.755177999999999988e-02
-3.859092699999999709e-02
-2.846002200000000149e-02
-1.624624599999999891e-02
3.014895700000000053e-02
-4.752325999999999773e-02
3.068916099999999952e-02
-3.385661499999999963e-02
-3.260363000000000150e-02
-6.367773999999999657e-03
2.973318000000000141e-02
-4.118088000000000304e-02
3.065385900000000205e-03
-1.526877700000000074e-02
-6.959605000000000652e-02
-2.468650000000000184e-03
-1.949181599999999862e-02
3.524931500000000328e-02
2.832116999999999968e-02
1.048646299999999969e-02
1.641478999999999855e-02
-6.935338000000000093e-03
4.112837999999999911e-02
-3.589285999999999865e-02
2.616400600000000007e-02
-8.294621000000000285e-03
-6.835924999999999641e-02
2.771451499999999860e-02
3.020199399999999937e-02
7.206225299999999799e-03
-3.741884999999999656e-02
-2.048472700000000118e-02
2.015068000000000067e-02
2.294339399999999890e-02
6.710154000000000292e-03
-2.147875499999999868e-02
6.336131000000000055e-03
-3.987401000000000140e-02
1.029582599999999924e-02
-2.198380200000000020e-02
5.939014999999999746e-03
6.832891599999999996e-03
1.636619999999999926e-04
-1.757266000000000036e-02
4.250754000000000338e-02
-1.758159700000000089e-02
-5.242374999999999813e-02
2.846019699999999958e-02
4.219426600000000110e-02
1.526795499999999972e-02
6.870967999999999867e-03
-2.649709199999999987e-02
6.196000399999999908e-02
-3.634906600000000019e-03
-1.714228300000000121e-02
-4.411124400000000084e-02
-5.024641999999999997e-02
-7.366182000000000285e-02
4.942339399999999723e-03
1.306167700000000070e-02
9.984889999999999738e-03
5.090569699999999975e-02
-3.886277999999999955e-02
-3.508996600000000021e-02
-7.523931000000000369e-02
-2.517703500000000212e-03
-3.215777000000000219e-02
-4.050491999999999981e-02
3.353280599999999834e-02
2.194894500000000095e-02
3.188786999999999872e-02
2.155551899999999868e-02
3.344277899999999974e-03
7.879524500000000334e-03
-1.591907399999999834e-02
4.254658399999999840e-04
3.421299500000000299e-02
-9.434497999999999496e-03
3.058708499999999997e-02
-7.908049999999999802e-02
-2.687593400000000063e-02
-8.548171999999999715e-04
7.847125000000000627e-02
-4.232986999999999861e-02
-6.512786399999999365e-02
-6.509173999999999516e-02
-1.777151000000000078e-02
9.256988000000000716e-03
-4.290494299999999942e-04
-2.085984999999999923e-02
2.807845700000000111e-02
7.023548999999999765e-02
8.427518000000000509e-02
1.213184599999999995e-02
-3.281305999999999806e-02
-2.531062599999999926e-02
9.212734999999999674e-03
-5.361665000000000181e-02
3.566834200000000023e-04
6.003438999999999998e-02
-1.727555899999999936e-02
5.408026700000000131e-02
-4.033445000000000086e-02
5.034714000000000030e-03
-3.587759299999999929e-02
2.187466199999999958e-03
4.175980800000000243e-02
-4.343250800000000161e-02
-2.825444200000000114e-02
-3.611241300000000293e-02
1.408504899999999966e-03
-2.886733999999999828e-02
-9.776085999999999804e-03
5.081021399999999938e-02
-2.611074400000000170e-02
-5.434574600000000380e-03
-5.507415499999999964e-02
-2.473225600000000107e-02
-6.123369600000000239e-03
-2.596671899999999922e-02
1.826482200000000000e-03
-4.214230000000000233e-03
-4.027471999999999823e-03
1.496086699999999922e-02
1.971087800000000112e-02
-7.607043699999999770e-03
2.375294799999999942e-02
3.152764200000000155e-02
-2.059714299999999831e-02
1.307620100000000084e-02
-5.383879400000000405e-03
1.181699299999999959e-02
2.992107199999999995e-02
-2.405459600000000100e-02
-3.872116700000000078e-02
-3.233653999999999695e-02
5.434556000000000109e-02
-2.529744800000000016e-02
1.047583799999999990e-03
2.380763699999999955e-02
-1.540894200000000012e-02
-5.757133700000000021e-02
-2.660700100000000165e-02
5.767593499999999762e-02
1.326321249999999966e-02
8.496407000000000265e-02
-4.246821299999999771e-02
2.349730800000000147e-02
-1.560347100000000070e-02
2.296142500000000058e-02
-6.463890499999999650e-02
-1.311521199999999936e-02
-1.402559800000000023e-02
-3.997773699999999930e-02
-1.770059700000000064e-03
-2.468214999999999992e-02
5.753639299999999818e-02
4.009039300000000194e-02
1.447659199999999993e-02
2.318556000000000089e-02
-3.428044999999999703e-02
3.697335300000000047e-02
4.935265000000000311e-03
-4.276592299999999736e-03
2.602714100000000016e-02
1.784401000000000043e-02
5.397238199999999930e-02
3.292405000000000331e-02
4.802062399999999787e-02
-4.096289399999999969e-02
5.460585300000000281e-02
1.557528099999999985e-02
3.046141399999999916e-02
6.155465499999999979e-02
-1.079499000000000083e-02
2.435459400000000024e-02
-1.282770400000000054e-02
-1.011671199999999993e-02
-6.683100999999999625e-02
9.044385500000000008e-03
2.239325299999999838e-02
6.992744000000000390e-03
-2.856602700000000078e-02
5.630849400000000407e-03
-1.535778600000000001e-02
-1.267140599999999964e-02
5.215999000000000330e-02
-6.914858999999999763e-03
-3.480364999999999848e-02
1.881207199999999913e-02
4.210091800000000106e-02
-7.219472999999999863e-02
8.300312000000000662e-03
-9.313873999999999764e-03
-2.111335799999999874e-02
3.290363999999999789e-02
-2.108330799999999852e-02
-1.568044000000000035e-02
1.023150100000000048e-02
-2.534653599999999937e-02
-8.327023000000000064e-02
1.053492500000000054e-02
-7.063917000000000286e-03
2.216363899999999887e-02
-2.553112800000000016e-02
-5.033957999999999836e-03
-2.031958500000000112e-02
-3.934244800000000208e-02
1.052152299999999964e-02
6.577241999999999637e-03
-7.727944300000000148e-03
8.910537500000000055e-02
2.469602200000000150e-02
-4.072394000000000014e-02
-3.514209399999999872e-02
-1.040867200000000076e-03
4.604391800000000312e-02
-3.685303399999999979e-02
