5.720750599999999825e-02
5.787432599999999677e-02
-4.369686500000000140e-02
-5.404876499999999862e-02
3.112211599999999828e-02
7.021249999999999714e-03
5.200378600000000323e-02
3.764760500000000065e-02
-1.268529699999999989e-02
2.773214900000000108e-02
4.145197199999999665e-02
5.978382799999999719e-02
6.830804999999999690e-03
-3.804702000000000084e-02
7.837154000000000689e-03
-1.115715599999999967e-02
3.301642999999999939e-02
-1.491053099999999944e-02
-5.537321800000000183e-02
-6.046099199999999813e-02
-2.340947800000000092e-02
-1.025355300000000032e-02
1.130767100000000004e-02
4.325423800000000041e-02
-3.616683600000000082e-02
-2.836875000000000160e-02
-2.150900299999999876e-02
-6.041183700000000295e-02
1.175082399999999999e-02
-8.465939999999999577e-02
-1.468409099999999981e-02
-4.227014000000000292e-03
-6.974163999999999928e-04
-1.394010400000000004e-02
6.554206499999999658e-02
-1.134809900000000038e-02
-2.345995600000000056e-02
6.742684600000000078e-04
1.670310599999999882e-02
-6.135128000000000109e-02
-3.701088000000000294e-02
3.294989500000000075e-03
-1.381568399999999995e-02
2.893081899999999998e-02
-5.557115399999999761e-02
-1.015435799999999944e-01
-2.474595300000000109e-03
-5.646905600000000011e-04
-4.004528699999999886e-02
4.292014599999999930e-02
-7.990811000000000441e-03
6.580987600000000326e-02
1.568508899999999928e-02
7.286541599999999883e-03
-1.674531599999999967e-02
-2.410846800000000095e-02
6.943231999999999703e-03
-1.535444899999999918e-02
3.930103399999999858e-02
-3.927107500000000251e-02
3.156640799999999719e-02
-4.132490999999999942e-02
1.865338199999999960e-02
-4.141529000000000044e-02
-2.729706200000000214e-03
-5.336163199999999912e-02
5.204191999999999846e-03
-6.142775699999999950e-02
-7.502216999999999913e-02
-3.994211999999999589e-03
-6.166898599999999855e-03
9.677661000000000596e-03
-2.244360399999999894e-02
-4.148841600000000018e-02
5.071271599999999796e-02
3.426275000000000154e-02
-1.270606300000000008e-02
-2.567413799999999913e-02
4.567630599999999985e-02
5.190219699999999714e-02
-3.305533499999999819e-02
-4.982213299999999762e-02
2.928665999999999908e-02
7.989533999999999525e-02
-1.509808399999999946e-02
4.933625500000000247e-02
1.709640200000000013e-02
-6.164613000000000037e-02
-8.291823999999999723e-03
3.366104300000000073e-03
9.994880000000000431e-02
1.637858500000000019e-03
-2.245507000000000059e-02
3.730736999999999942e-02
6.732256000000000351e-02
-1.117373349999999967e-02
-4.324162799999999723e-02
-1.109037600000000040e-01
7.091389600000000404e-02
3.588850999999999847e-02
-1.450786100000000037e-02
1.153566900000000013e-02
-2.465089999999999990e-02
3.139971600000000113e-02
2.086387799999999890e-02
-2.726637000000000158e-02
-5.374837999999999838e-03
-5.425995200000000018e-02
-9.098488000000000409e-02
-3.843002799999999802e-02
5.519287999999999972e-02
1.150541750000000016e-02
4.098611700000000246e-02
-2.844906999999999991e-02
-1.587895099999999879e-02
1.144803699999999945e-02
-3.185829999999999912e-02
1.904103000000000045e-02
-3.270830200000000160e-02
-4.217859699999999823e-02
4.782016199999999939e-02
1.098009600000000030e-01
-1.427485300000000054e-02
4.796551999999999760e-02
4.582101999999999703e-02
-1.851848999999999856e-02
1.756448500000000121e-02
-2.455712499999999823e-03
-4.384466000000000058e-02
1.385383100000000048e-03
7.284572999999999916e-03
-5.547073000000000281e-02
7.695452999999999669e-03
2.862927100000000127e-02
-2.863189400000000148e-02
1.956688999999999998e-02
5.287203000000000042e-02
6.367370999999999448e-02
-9.912396999999999875e-03
5.118142800000000103e-02
-2.742173700000000158e-02
-5.330398699999999712e-02
-7.760613399999999329e-02
1.664097200000000040e-02
-3.531062199999999984e-02
-2.024689699999999981e-02
-1.643607999999999875e-02
2.304880999999999944e-02
-2.831090799999999921e-02
-6.005872500000000377e-03
-4.024204599999999660e-02
-2.257639999999999994e-02
2.829222600000000018e-02
-4.148714199999999769e-02
-8.315498999999999851e-04
2.636856599999999953e-02
-1.370382099999999971e-02
-1.373422300000000026e-02
5.230219299999999683e-02
1.646432800000000030e-03
1.985126200000000146e-02
-5.889988000000000168e-02
-8.072552999999999673e-03
8.333116999999999608e-02
-3.185638799999999937e-02
1.770863099999999898e-02
-2.249339400000000076e-04
-3.005573200000000167e-02
1.015487000000000030e-03
-1.210110399999999968e-02
-4.608866600000000036e-02
-7.674348999999999754e-02
-6.609829500000000135e-02
-6.818997000000000253e-02
-5.827504699999999649e-03
1.607313800000000070e-02
1.871940000000000062e-02
-6.546751600000000164e-03
-4.241000000000000325e-02
7.975101499999999802e-03
8.298126999999999587e-02
-4.346034000000000008e-02
2.803318800000000055e-02
-1.480554599999999929e-02
-2.591530600000000080e-03
-4.418488600000000134e-03
1.296946799999999962e-02
2.016806999999999975e-02
5.222372000000000125e-02
4.442148700000000255e-02
-1.797800700000000071e-02
1.627699700000000138e-02
1.468970200000000066e-02
2.084008399999999830e-02
-1.908403300000000025e-02
1.011499800000000004e-01
6.434888300000000472e-04
1.967095299999999970e-03
-1.186522699999999989e-03
-4.759395000000000292e-02
3.812369699999999806e-02
-3.239663199999999899e-04
2.896473000000000103e-02
2.005195800000000167e-02
-1.281201199999999936e-02
1.895901700000000162e-02
-2.867909799999999922e-03
-8.324642000000000153e-03
5.181062000000000167e-02
-2.116283999999999960e-03
-3.856870999999999911e-02
-5.534637700000000216e-02
-2.745159200000000035e-02
3.072429299999999974e-02
2.023415500000000020e-02
1.052619599999999982e-02
1.132372799999999992e-02
3.437782999999999811e-03
4.098233800000000010e-03
-2.034250799999999873e-02
4.050198199999999887e-02
1.386156300000000036e-02
-3.720282999999999923e-02
3.010687199999999980e-02
4.005094599999999699e-02
-7.806211999999999873e-03
-6.872580999999999829e-02
3.374127700000000007e-02
2.251753400000000137e-03
-5.194395799999999841e-02
-8.910917000000000837e-03
1.199037199999999914e-02
5.439143300000000292e-02
-3.682044000000000289e-02
-2.634090000000000042e-02
5.934340999999999922e-02
8.985052999999999790e-03
-3.236577000000000030e-03
-9.653494999999999784e-03
-1.462427999999999992e-02
1.067949299999999997e-02
-6.872884999999999585e-03
2.736602499999999868e-02
2.755911600000000156e-02
1.282997500000000041e-02
-3.007656900000000091e-02
5.781210199999999716e-02
6.322300399999999931e-02
2.702534700000000165e-03
1.682814399999999974e-02
-5.271214600000000139e-02
2.803463999999999956e-02
-1.889740700000000148e-02
3.994228699999999993e-02
-5.088497699999999790e-02
2.354580699999999846e-02
-2.148093699999999856e-02
1.889852200000000093e-02
1.158623999999999939e-02
2.033948299999999848e-02
1.400150499999999916e-02
2.130561699999999892e-02
1.766779500000000003e-02
-3.330580000000000346e-02
-7.049503999999999493e-02
-6.537645999999999735e-02
-2.610129500000000005e-02
-2.074951900000000099e-02
7.868920999999999208e-03
-7.578864000000000434e-02
4.287795700000000126e-02
-4.875996999999999970e-02
-1.986051399999999925e-02
-2.225118699999999866e-02
-1.983913600000000027e-02
1.176733200000000014e-02
5.123657000000000211e-03
1.171063100000000086e-02
-9.054169000000000800e-03
-5.662476300000000157e-02
2.494214999999999974e-02
-8.189933999999999409e-03
-9.315331499999999348e-03
-2.926183699999999888e-02
1.179412600000000026e-02
5.511557700000000067e-03
-1.341914699999999933e-02
2.367503400000000105e-02
8.276221000000000272e-03
-7.031755000000000644e-02
1.834383599999999878e-02
-2.413951000000000117e-03
-3.470802700000000240e-02
-6.946795999999999527e-02
1.897852100000000167e-02
1.000448800000000062e-02
6.996357400000000060e-02
5.826777999999999819e-02
6.497675999999999973e-03
-1.473469699999999973e-02
-2.996112399999999870e-02
9.139637000000000802e-03
-3.791027000000000285e-02
5.723624699999999704e-02
-4.188006400000000157e-02
4.674696400000000023e-03
-3.828088000000000324e-02
-1.608268399999999987e-02
-6.723381600000000180e-02
2.417976599999999837e-02
3.695199300000000242e-02
2.559005699999999939e-02
-3.294993999999999701e-02
-2.635644700000000160e-02
-2.461104999999999890e-02
-2.185447100000000031e-02
-8.089514999999999900e-02
2.567284599999999917e-02
8.745410500000000073e-03
4.334486000000000241e-03
3.523782599999999987e-02
1.061500299999999959e-02
-3.863384000000000262e-02
5.050363500000000158e-03
2.354311599999999935e-02
-2.857133400000000031e-02
2.800292899999999932e-02
1.142745499999999956e-02
4.349379200000000334e-02
1.039765800000000059e-02
2.769303299999999884e-02
-6.395398500000000225e-04
1.642821400000000001e-02
-5.005276599999999854e-02
-1.662030999999999925e-02
-3.450596699999999850e-02
-6.814215999999999329e-02
-6.576608999999999754e-03
2.719208199999999936e-02
2.714272099999999813e-03
-1.093865599999999973e-02
-1.604226200000000158e-02
6.487454500000000568e-02
4.163569599999999982e-02
-7.728035600000000057e-04
-5.167149000000000048e-02
-4.307219400000000115e-02
-2.948281999999999986e-02
2.372141399999999969e-02
1.476979349999999955e-02
4.197768999999999806e-02
2.797058200000000078e-02
2.552814600000000156e-02
-3.558550399999999697e-02
8.715704300000000218e-04
4.512303299999999989e-02
1.512751900000000073e-02
2.284647700000000045e-02
4.334334699999999735e-02
1.920348800000000120e-02
1.371091500000000060e-02
2.750040000000000123e-02
-1.438231300000000074e-02
2.509901499999999883e-02
7.553181999999999952e-02
3.776672999999999836e-02
3.738762000000000335e-02
3.492492800000000092e-02
-5.696683699999999934e-02
-2.056987999999999872e-02
-1.743131900000000067e-02
3.589485600000000276e-02
3.513170999999999655e-02
3.745103000000000321e-02
4.324316200000000165e-02
-1.419237100000000093e-03
-2.704884999999999928e-02
-2.303247500000000017e-02
-1.678588400000000092e-02
-7.104158400000000310e-03
-5.663325599999999987e-02
-5.163141999999999732e-02
-3.476529999999999898e-02
2.477665199999999970e-02
-5.763109999999999761e-02
3.795772399999999824e-02
-7.103149599999999952e-02
5.387581000000000011e-04
-1.962780500000000077e-03
-2.775779600000000125e-02
-2.288641799999999865e-02
2.142475199999999830e-02
4.423833199999999913e-04
4.444520500000000152e-02
-3.236243999999999926e-02
1.065040750000000036e-01
2.899833799999999850e-02
2.521516000000000035e-02
1.708089700000000113e-02
-1.833254999999999954e-02
1.807355899999999946e-02
-3.444509999999999933e-02
2.604572800000000063e-02
-4.991628199999999932e-02
1.991310200000000110e-03
-4.327509999999999690e-02
5.293173000000000322e-02
5.800647699999999726e-03
-6.535153000000000489e-02
4.410958999999999713e-02
-8.909560999999999870e-03
1.352046900000000024e-02
-3.288585000000000119e-02
2.907290699999999853e-02
-3.079780600000000049e-02
-1.674586200000000025e-02
4.943004599999999832e-02
-9.060762999999999456e-03
3.681654000000000176e-02
5.936103999999999686e-02
2.373191300000000031e-02
2.960807600000000053e-02
-1.556543600000000064e-03
5.764464399999999662e-03
1.694159799999999869e-02
-4.421933399999999903e-02
-4.148468000000000294e-02
1.539429299999999987e-02
-4.591960499999999702e-03
-2.200821999999999848e-02
1.114017900000000005e-02
3.222644999999999676e-02
-2.286179500000000073e-02
3.747236699999999948e-02
-3.485355800000000150e-03
6.338288000000000082e-03
3.493663300000000166e-02
1.059308399999999914e-02
-4.338680000000000141e-03
6.780974600000000407e-02
5.524096600000000246e-02
1.287953300000000030e-02
4.928028999999999743e-02
-5.050238700000000101e-03
-1.616632599999999996e-03
-1.078053749999999950e-02
2.918909999999999907e-02
1.428839099999999925e-02
-1.538289600000000007e-02
-1.416649399999999996e-02
-1.015393000000000025e-02
-2.538548599999999877e-02
-3.133554999999999674e-02
-5.532797400000000199e-02
-5.514562499999999673e-02
2.222350199999999915e-02
-1.769882000000000052e-02
8.500952999999999982e-02
-5.550699299999999753e-02
-1.468857900000000022e-02
-4.066741000000000106e-02
-1.912412600000000171e-02
3.602767700000000101e-02
4.248733000000000197e-03
-1.022058600000000025e-02
-6.251763999999999932e-03
-3.792649000000000020e-02
4.316297499999999926e-02
9.289240000000000691e-03
9.292779500000000747e-03
9.094506500000000201e-03
1.606125199999999982e-03
8.399023999999999379e-02
-1.452964099999999939e-02
-1.712102600000000099e-02
9.898744500000000723e-03
9.572921999999999335e-03
-1.697289999999999910e-02
-1.314134100000000039e-03
-1.368412400000000063e-02
-4.425130800000000308e-02
-3.953455799999999742e-02
-2.292830699999999847e-02
6.368746599999999813e-02
2.422846700000000006e-02
-6.809716000000000380e-03
1.746660300000000068e-02
7.080435000000000374e-03
-3.678724500000000314e-02
1.878907900000000020e-02
4.716369499999999854e-02
1.632614299999999999e-03
-2.615479799999999994e-02
-1.284116299999999919e-02
2.882243699999999936e-02
-2.533105399999999868e-02
4.199961599999999656e-02
-1.971765400000000112e-02
-2.013041000000000136e-02
5.620421500000000181e-02
6.827275500000000441e-02
3.651761299999999738e-02
-2.794990099999999922e-02
-1.078508599999999928e-02
3.008047099999999838e-03
6.847618000000000411e-04
-7.696123000000000547e-02
5.902726999999999974e-03
7.834016500000000327e-02
4.150299699999999981e-02
-9.139637000000000802e-03
-1.372341099999999960e-02
1.228838099999999926e-02
1.162378099999999970e-02
-6.565814999999999846e-02
-1.232496999999999933e-02
-3.866816700000000329e-02
1.092528400000000038e-02
-8.679586999999999719e-02
3.595797700000000208e-02
1.817906299999999878e-02
-3.907916300000000009e-02
-7.820978599999999685e-04
-4.651841999999999783e-02
-6.547240000000000178e-03
4.720390599999999687e-02
7.603215400000000457e-02
-1.383977100000000071e-02
-1.423226899999999965e-03
-3.692429699999999915e-03
2.891677800000000062e-02
5.169684000000000085e-02
-5.054684999999999734e-03
3.280623299999999715e-02
1.270613999999999945e-02
3.115172100000000027e-02
3.955746000000000262e-02
-2.579217799999999807e-03
3.102527700000000041e-02
1.284698599999999948e-02
6.481641500000000222e-02
6.469914000000000220e-02
1.197772100000000020e-02
2.620125200000000126e-02
1.319011299999999984e-02
6.821183000000000107e-02
-2.669532599999999839e-03
5.140005999999999742e-02
-3.495622000000000312e-02
3.685345999999999761e-02
-4.068061700000000225e-02
-3.035539400000000082e-02
-3.578793000000000252e-02
-5.077026800000000034e-02
4.381332000000000282e-02
-9.272713999999999610e-03
7.068364000000000591e-02
-1.798236699999999910e-02
-5.054583800000000265e-02
-3.280426200000000070e-02
4.922263000000000333e-02
-1.815071700000000024e-02
1.256255000000000045e-02
-4.119106799999999735e-02
-4.357716499999999930e-03
-4.501671699999999776e-02
-4.894554599999999950e-02
2.317318499999999892e-02
-4.980582399999999854e-02
-7.684653999999999964e-03
-3.103146999999999850e-02
-2.314935199999999804e-03
1.434197599999999934e-02
-1.996739200000000047e-02
5.864560600000000290e-02
-2.161373399999999903e-02
-5.720735700000000035e-02
2.960462900000000036e-02
8.099934999999999774e-02
4.836689000000000266e-02
3.070611100000000121e-02
-9.288232000000000432e-03
2.899966400000000138e-02
1.963730199999999884e-02
-3.612133499999999747e-02
-1.059936099999999985e-02
7.279224699999999743e-03
-2.223744799999999994e-02
-3.612917999999999685e-02
-3.044826699999999848e-03
-1.757985000000000103e-02
3.209172200000000308e-02
-9.106885000000000327e-03
-3.436628700000000231e-02
-6.583992399999999585e-03
8.652152999999999233e-03
-7.016832000000000624e-02
3.204263000000000055e-04
6.450203999999999660e-02
-2.250949000000000005e-02
2.217173000000000060e-02
-4.250131000000000048e-02
4.196964999999999724e-02
-2.608853800000000139e-02
-3.549030999999999714e-02
-2.578579799999999866e-02
-6.227474300000000046e-02
-5.844567999999999985e-02
-6.381254999999999740e-03
-3.125507000000000025e-03
-8.467452999999999785e-03
5.563705800000000312e-02
-1.110665199999999984e-02
1.547859700000000019e-02
-7.790426999999999769e-02
-5.310002200000000366e-03
-8.906376000000000570e-02
-6.232577200000000150e-02
-3.371799699999999955e-02
4.594016400000000382e-03
2.830463299999999918e-02
1.139827900000000074e-02
4.233783499999999728e-02
-1.537470600000000014e-02
-2.347810399999999964e-02
6.396050000000000346e-03
3.273412600000000228e-02
-6.924379999999999945e-03
9.285699999999999163e-03
-5.733528999999999709e-02
-3.729323999999999834e-02
1.993315899999999891e-02
5.601059299999999741e-02
-4.997453999999999785e-02
-2.024353099999999864e-02
-2.059814299999999931e-02
-9.180066000000000614e-03
2.396504799999999921e-02
3.578064699999999963e-03
-3.643035399999999899e-03
1.922278700000000159e-02
6.927036000000000304e-02
5.461835500000000038e-02
-1.478139000000000015e-02
6.367954000000000322e-03
-1.917036800000000013e-02
2.661879399999999944e-03
-4.148638600000000010e-02
-7.876545999999999895e-03
2.939052899999999857e-02
8.639588000000000129e-03
1.955462000000000172e-02
-4.118608299999999833e-02
3.915757699999999897e-02
-6.015297399999999794e-02
-2.803364399999999992e-02
2.313684900000000100e-02
1.301208000000000095e-03
2.171368300000000098e-02
4.408586400000000238e-02
2.917921399999999846e-02
8.504421999999999329e-03
-1.228326199999999922e-03
6.159020199999999667e-02
-6.541077499999999913e-03
4.085550599999999630e-03
-3.704366500000000340e-02
7.095973000000000211e-03
-3.954003000000000205e-03
-3.593280499999999822e-02
3.280305800000000017e-04
-3.402185800000000204e-02
4.202447399999999916e-03
2.116092699999999951e-02
4.624129299999999929e-03
-2.585343600000000047e-02
3.271181000000000089e-02
3.211049700000000173e-02
-6.566508999999999541e-02
2.576254899999999917e-02
7.337066300000000263e-03
1.928281800000000018e-02
1.853000600000000164e-02
-5.137219299999999655e-02
3.178790000000000240e-04
9.806060000000000124e-03
2.673692600000000114e-02
-3.277528300000000228e-02
3.752496500000000040e-02
4.904311499999999824e-02
-2.199492200000000008e-03
-7.573172000000000237e-02
-4.222172999999999898e-02
1.231726900000000048e-02
5.266471000000000346e-02
9.291029000000000648e-02
-1.644942200000000000e-03
-4.756200299999999853e-02
2.095258399999999979e-02
2.208130800000000088e-02
-2.679814399999999944e-02
-2.836157599999999945e-02
1.470062000000000061e-03
5.530779199999999625e-03
9.920171000000000197e-03
3.700684799999999931e-03
3.628021499999999760e-02
2.084959000000000118e-02
-3.547830500000000165e-02
4.483433800000000136e-02
-7.150368399999999791e-02
3.764446999999999932e-02
5.149256800000000245e-02
-2.426201299999999894e-02
1.168526800000000039e-02
-1.177509300000000037e-02
4.940298600000000290e-02
2.819148499999999877e-02
7.804837000000000233e-03
3.958372999999999753e-02
4.957671500000000037e-02
1.767542600000000103e-02
4.720040400000000136e-02
2.003895500000000066e-02
-1.160703599999999940e-02
-1.468960899999999931e-02
-2.081848299999999874e-02
-1.544061400000000008e-02
-4.410474400000000128e-02
1.574942299999999851e-02
3.143627000000000227e-02
1.721106700000000003e-02
-1.612139300000000122e-02
-1.831201699999999988e-02
-9.976020000000000373e-03
-3.827502599999999672e-02
8.237094999999999834e-03
-4.481860000000000011e-02
2.968366000000000060e-03
3.599833699999999831e-02
2.988570000000000115e-02
-1.715634200000000151e-02
-1.294248549999999984e-02
-4.594732399999999772e-02
5.488379399999999964e-03
4.200041000000000191e-02
-2.970936999999999883e-02
2.578398599999999832e-02
-6.063759000000000163e-03
-6.260186399999999318e-02
-8.154722999999999833e-02
1.098035999999999977e-02
-7.832303000000000182e-02
8.337080999999999659e-03
4.878435999999999884e-02
1.768247800000000147e-02
-1.891850900000000002e-02
9.153040000000000308e-04
2.594027700000000117e-02
1.135465800000000011e-02
1.669545000000000057e-02
7.736777000000000237e-02
-4.095557300000000206e-02
1.404833999999999944e-02
-6.254379999999999662e-02
1.184625700000000066e-02
5.451012400000000008e-02
-3.344198300000000151e-02
