6.741187999999999347e-02
5.350881000000000040e-04
-2.755911999999999945e-02
2.676914799999999955e-02
8.873146999999999632e-03
7.718497500000000289e-02
1.262928450000000077e-02
2.336822499999999941e-02
1.479512099999999962e-02
-1.348565300000000022e-02
2.418963400000000152e-02
4.887341299999999750e-02
1.422639749999999974e-02
3.057897500000000129e-02
1.459630500000000039e-02
-1.286591999999999944e-02
2.701951400000000142e-02
1.122820899999999941e-02
-2.780117000000000005e-02
-3.032856999999999914e-02
-3.083185999999999913e-02
-1.229624699999999973e-02
1.124630599999999932e-02
-5.352932500000000086e-03
1.043282100000000011e-02
-3.750386499999999734e-02
2.034337000000000211e-03
-7.213540999999999703e-02
1.580647199999999850e-02
-9.089674999999999838e-02
6.560892599999999797e-02
5.489399300000000204e-02
2.313805400000000165e-02
-2.839426000000000103e-02
4.689170799999999723e-02
4.112537500000000047e-03
-2.165867600000000170e-02
2.403703700000000068e-02
1.999314900000000172e-02
-6.499280999999999808e-02
1.602583999999999953e-02
-1.116505800000000027e-02
2.209799399999999928e-02
3.843279599999999997e-03
-2.957620099999999988e-02
-6.119840000000000002e-02
-2.832646999999999943e-02
1.536851199999999954e-03
-1.679438000000000111e-02
5.465197599999999795e-02
-1.558537899999999990e-02
8.027108999999999286e-03
-3.232242999999999922e-02
2.795353500000000158e-02
-2.345476499999999895e-02
-8.155339999999999812e-02
-4.049333599999999783e-02
-4.864790000000000086e-02
4.827611500000000139e-02
-3.152932600000000335e-02
5.866771599999999996e-03
-3.887522200000000094e-02
6.366397399999999818e-02
-6.479113000000000233e-02
3.603558999999999929e-02
-4.693232499999999696e-02
-2.844309000000000073e-02
-2.050959700000000094e-02
-5.945405699999999766e-02
7.137438999999999589e-02
1.715831599999999985e-02
2.415818200000000027e-02
-1.263546100000000061e-02
1.797156399999999890e-02
-6.485470399999999913e-02
1.066145949999999960e-02
-2.137334999999999929e-02
-2.792133600000000146e-02
8.915496999999999658e-03
5.005093999999999863e-03
-5.806415000000000187e-02
-1.630271000000000151e-02
4.426080999999999765e-02
4.396311199999999864e-02
-3.033909200000000153e-02
5.579281199999999719e-02
3.418850999999999835e-02
-2.322321300000000123e-03
-3.805315000000000086e-02
5.716056599999999946e-03
1.649112100000000025e-01
7.999256999999999201e-03
2.213885599999999843e-02
-1.533666400000000072e-03
2.194860599999999898e-02
-2.246040499999999926e-02
-8.884749000000000119e-02
-9.755843999999999627e-02
9.475643000000000607e-03
-7.749201699999999637e-03
1.669647000000000145e-02
2.694182999999999995e-02
-1.694960699999999848e-02
7.129382299999999749e-03
2.276622099999999968e-02
2.277604899999999960e-02
1.119446999999999977e-02
-7.944382999999999306e-02
-5.273889400000000144e-02
1.053956900000000037e-02
4.744748000000000021e-02
4.239338299999999976e-02
-1.248509400000000040e-02
2.529185800000000039e-02
-3.654202400000000194e-03
-2.129040400000000149e-03
-1.600676599999999866e-02
1.949697200000000130e-02
-2.745969699999999819e-03
5.027465500000000143e-02
3.894517200000000012e-02
5.095540999999999959e-02
-8.183760999999999466e-03
5.898972200000000138e-02
5.781462400000000196e-02
1.354332599999999963e-02
-4.819513999999999569e-03
-4.737211999999999673e-02
-3.011208300000000129e-03
3.686484399999999991e-03
2.440893300000000071e-02
-1.363794999999999938e-02
-4.375444699999999840e-03
2.247702000000000033e-02
-1.259284400000000061e-02
-4.486366800000000260e-04
5.230840300000000331e-02
7.181037700000000162e-03
-1.619425400000000168e-02
2.402902599999999847e-02
-3.377978999999999704e-02
-3.543697700000000145e-02
-9.905446000000000042e-03
1.486006900000000006e-02
-5.000167500000000410e-03
-6.680091500000000238e-02
3.720612499999999961e-02
2.613148400000000170e-03
3.489450699999999822e-02
-8.967522999999999814e-03
-3.409415999999999836e-02
-4.656753500000000191e-03
3.666364999999999902e-02
-3.543471000000000121e-02
-1.183758199999999927e-02
2.360199600000000009e-02
3.180109700000000039e-02
-4.079802300000000270e-02
3.172896800000000322e-02
-9.412639000000000422e-03
4.466810400000000014e-02
-4.928761000000000253e-02
7.805633999999999663e-03
2.552727399999999910e-02
-4.953756000000000131e-02
-5.241634299999999719e-02
-2.349920800000000060e-02
-4.139235200000000031e-02
-2.147586999999999847e-03
-2.952327700000000055e-03
-5.214698599999999934e-02
-8.091368999999999645e-02
-3.403963499999999864e-02
-4.622433699999999729e-02
1.148298300000000043e-02
-1.687860500000000138e-02
-2.864723000000000009e-03
-5.961794799999999700e-02
-2.921633599999999900e-02
-1.996167000000000080e-02
5.813351299999999777e-02
-4.238486699999999968e-02
3.698963699999999882e-02
-4.580675000000000024e-02
5.496075399999999708e-03
-1.131515699999999930e-02
7.250238999999999989e-02
4.827626000000000139e-02
2.520773000000000111e-02
2.839298000000000169e-02
-1.205009099999999975e-03
-2.694253400000000062e-02
-3.489930599999999800e-02
3.345377399999999862e-02
-2.576477000000000194e-03
6.804237000000000479e-02
-6.150422600000000212e-03
-7.984049000000000007e-03
2.135426499999999901e-03
-4.739340799999999798e-02
2.542794899999999830e-02
7.997239999999999904e-02
3.453035299999999974e-02
-4.163747700000000433e-03
-2.265220000000000081e-02
6.386071399999999898e-02
-2.265712799999999860e-02
-3.832772000000000262e-02
-1.737817200000000076e-02
5.094615999999999728e-02
6.766157000000000074e-03
-3.974180000000000074e-02
-3.323770999999999670e-02
-2.025838400000000081e-02
4.087409399999999970e-02
4.021872199999999842e-02
4.546670600000000256e-02
3.998684999999999740e-02
4.695976500000000053e-02
-4.574855800000000167e-02
4.672032200000000163e-02
2.211480999999999864e-02
-2.898156799999999922e-02
4.612837000000000187e-02
-9.796918999999999420e-03
7.041139000000000078e-03
-7.918735000000000357e-02
2.821020800000000051e-02
6.109247699999999920e-02
-6.898608999999999991e-02
-2.634540000000000146e-02
3.648211999999999983e-02
4.361965000000000287e-02
2.083215500000000150e-02
-4.270957400000000015e-02
2.580337599999999940e-02
1.719508900000000021e-02
1.243418499999999994e-03
-3.036160400000000037e-02
-1.174435799999999988e-02
1.797398400000000101e-03
2.692446700000000054e-02
4.196505200000000269e-02
-2.275576299999999830e-02
3.381028400000000295e-02
1.692761900000000139e-02
7.136325500000000044e-02
2.297093199999999946e-02
-3.415117799999999731e-02
-2.985080999999999846e-02
1.074670699999999944e-02
-2.159683999999999909e-02
-4.179464299999999938e-02
-1.662916500000000131e-02
-4.396135000000000320e-02
3.032986000000000015e-02
2.826836500000000016e-02
5.113753299999999891e-02
-3.627034099999999935e-03
-3.489765000000000141e-03
6.339253000000000249e-02
-4.432948999999999917e-02
3.009197499999999997e-02
1.442184000000000082e-05
-1.303352200000000051e-02
-4.625731699999999919e-02
3.116326999999999986e-02
1.288442600000000091e-03
-3.788221599999999807e-03
-5.116139699999999735e-02
4.775881399999999666e-02
-5.205579500000000193e-02
-3.603146599999999811e-02
-6.445667000000000410e-03
-4.613543399999999600e-03
3.868984999999999785e-02
-4.102782000000000130e-03
7.883050500000000557e-03
-1.902426399999999906e-02
-3.887140000000000040e-02
7.073187999999999698e-02
-5.873274000000000376e-03
-1.465150099999999896e-04
-2.459012899999999877e-02
1.406247499999999963e-02
-2.403490800000000066e-02
6.705551599999999904e-04
-4.636291399999999986e-03
-5.380253300000000308e-03
-7.948647400000000141e-02
4.250154300000000274e-02
4.635522999999999727e-02
-2.453527000000000138e-02
-2.681779899999999980e-02
2.281093600000000041e-02
2.029099900000000054e-02
6.870627999999999458e-02
8.205679000000000445e-02
-4.118342299999999678e-02
-3.022105400000000067e-02
6.312502000000000217e-03
3.752198000000000339e-02
-6.180199200000000004e-02
5.519500399999999890e-02
-1.413194400000000045e-02
2.400599800000000061e-02
3.194990300000000085e-03
4.685298999999999714e-02
-3.356311000000000017e-02
1.396137599999999930e-02
6.054335999999999572e-03
4.727561400000000053e-02
2.881384500000000026e-03
1.451080200000000060e-03
-5.326619999999999966e-02
-1.008498900000000080e-02
-1.321646099999999879e-01
-4.036312999999999923e-04
7.861718000000000178e-03
2.806848699999999960e-02
2.653328300000000126e-02
1.170962199999999939e-02
-4.305952400000000180e-02
8.954237999999999564e-04
2.123148999999999870e-02
-8.597149499999999847e-03
1.492622899999999919e-02
-1.643004799999999918e-02
7.511654500000000678e-02
1.796273699999999945e-02
6.325021000000000115e-02
-1.362458700000000050e-02
2.041476399999999844e-02
-3.798808499999999783e-02
5.789328399999999972e-03
-2.578029600000000116e-03
-4.926745600000000114e-02
7.377038199999999893e-03
6.924397000000000191e-02
-2.329955599999999905e-02
1.628580899999999831e-02
1.160695299999999971e-02
4.195377599999999818e-02
3.947901000000000188e-03
1.100855100000000010e-02
-5.171749400000000274e-02
-7.279855000000000353e-02
1.345526000000000014e-02
6.641376999999999697e-02
8.898747000000000254e-03
5.188080700000000101e-02
6.217193599999999709e-02
-1.165720299999999966e-02
-9.457429999999999309e-03
1.463017200000000032e-02
3.226578199999999980e-02
2.984106699999999890e-02
2.394890800000000139e-02
2.614904399999999976e-02
1.455421799999999984e-03
-6.117278200000000367e-03
7.054077999999999737e-02
9.538985999999999299e-03
3.584366700000000266e-02
3.697572300000000201e-02
2.719277700000000131e-02
3.461440699999999981e-02
3.762196000000000290e-02
1.231296900000000000e-02
1.791963499999999973e-02
7.070520400000000413e-03
3.303760299999999872e-02
3.585041299999999764e-02
-1.437313399999999922e-02
5.808692800000000295e-02
-3.817605000000000304e-02
-3.111812699999999890e-02
6.506205999999999622e-03
-2.799156300000000056e-02
-7.373354999999999840e-03
2.356899299999999989e-02
-1.810338699999999856e-02
-1.480178499999999960e-02
-1.212964899999999929e-02
-4.273116200000000309e-02
8.142196000000000156e-02
-8.641902999999999391e-02
3.163308299999999934e-02
-7.076527999999999985e-02
-8.293154999999999971e-03
-1.375125100000000079e-02
5.251664000000000332e-02
-7.766964399999999602e-03
1.027685300000000072e-02
-5.007558699999999779e-02
5.309882999999999964e-02
5.524540000000000006e-02
-8.632323000000000773e-03
-2.756795100000000026e-02
-1.640622099999999861e-02
1.655945400000000123e-02
-9.028523000000000104e-03
3.364360199999999902e-03
-5.274776400000000254e-02
4.250731700000000279e-02
-3.708933300000000211e-02
4.108324000000000004e-02
-2.108747000000000052e-02
-4.287210500000000063e-02
6.739613399999999643e-02
1.578556500000000010e-03
-8.083661000000000665e-03
-2.596655999999999964e-02
-1.744193000000000132e-02
-5.287686400000000259e-02
-2.284421000000000021e-02
4.854354000000000308e-02
5.856825000000000399e-03
2.730365499999999959e-02
5.538772799999999719e-02
5.625863400000000181e-02
3.547692000000000206e-02
2.741556599999999885e-02
-2.485079500000000018e-03
-4.311741999999999658e-02
-4.985407399999999822e-02
1.532911399999999959e-02
-1.176961959999999954e-04
2.193646499999999874e-02
-9.050087000000000062e-03
4.361827399999999681e-03
-6.793945600000000223e-03
-1.724318799999999957e-02
3.819325199999999698e-02
1.126854400000000013e-02
4.792965200000000314e-02
5.061181000000000013e-02
-3.068098799999999932e-02
-3.842588000000000253e-02
3.891838699999999873e-02
4.033462300000000000e-02
1.334560400000000049e-02
6.178447200000000000e-02
-2.002960800000000083e-02
2.147576600000000030e-02
1.263919800000000079e-02
-1.400123999999999987e-02
3.284217799999999965e-02
2.115995000000000029e-02
-1.118074500000000061e-02
1.108343099999999949e-02
-4.132715500000000083e-03
1.515799599999999954e-03
-3.556481000000000225e-02
-4.680764999999999926e-02
6.224971599999999661e-02
3.750365199999999930e-03
5.372906600000000414e-03
-2.843986299999999925e-02
1.203397500000000057e-02
-5.015383699999999972e-02
-2.295946499999999835e-03
-1.566166000000000086e-02
2.565724600000000161e-02
-3.644088999999999662e-02
3.602389000000000285e-02
-1.024096199999999929e-02
1.551795899999999957e-02
1.644095599999999963e-02
3.901543800000000211e-03
4.610178599999999877e-02
1.836356000000000099e-02
7.319552499999999740e-02
2.546156600000000145e-02
-3.626275400000000121e-02
-2.132598499999999869e-02
3.762207599999999735e-02
1.649002399999999896e-02
2.558141599999999918e-02
-1.016706000000000033e-02
-1.872324400000000000e-02
-2.167478400000000163e-03
-2.776724699999999837e-02
2.028049300000000013e-02
2.438242399999999976e-02
1.236452350000000026e-02
-9.434866999999999559e-03
6.102625000000000410e-04
-3.057077700000000037e-02
6.340258999999999999e-03
2.385371000000000019e-02
-6.077189000000000202e-03
-4.213540000000000341e-02
-4.281571599999999846e-03
1.168523200000000026e-02
-1.529512499999999969e-02
6.806207400000000018e-02
-2.565558600000000106e-02
-5.367973399999999978e-02
6.187718700000000016e-02
6.153342500000000270e-02
1.909755999999999954e-02
-9.787383999999999667e-03
-5.274136000000000102e-02
-3.622708000000000178e-02
-7.082245299999999702e-03
-6.320217000000000196e-02
-1.168360799999999984e-02
1.751110300000000009e-02
-1.437897100000000081e-02
3.216265499999999833e-02
-4.760898000000000213e-02
3.402107000000000048e-02
2.191656299999999828e-03
-4.427587599999999873e-02
-6.952032399999999446e-02
9.572927000000000172e-03
1.435672200000000101e-03
-3.731144200000000022e-02
-1.057381299999999962e-02
3.265025500000000303e-02
-5.363587300000000058e-02
-3.590739999999999904e-02
1.135311400000000095e-03
2.191507399999999967e-02
8.673045000000000754e-03
6.827510000000000523e-02
-2.131059999999999899e-02
1.396123900000000029e-02
-6.555438499999999974e-03
1.085060200000000086e-02
6.461111499999999674e-02
4.481148000000000076e-02
1.988410599999999862e-02
1.749958500000000153e-02
7.063537999999999761e-02
6.453678999999999666e-02
-1.724113999999999855e-02
4.538588999999999818e-02
1.268853699999999973e-02
4.320534699999999811e-02
5.213273300000000054e-02
1.048412299999999971e-02
3.225289299999999776e-02
4.820011600000000118e-02
2.737700200000000098e-02
2.479185999999999977e-03
4.625972999999999891e-02
-1.689872300000000091e-02
6.529577999999999771e-02
-4.356350700000000131e-02
-3.073656699999999936e-02
-2.074363300000000090e-02
-4.533907799999999794e-02
4.131926600000000033e-02
-4.513690599999999747e-02
4.171723000000000098e-02
-4.089166400000000118e-03
-1.265173600000000023e-02
-2.091540799999999992e-02
3.052698599999999901e-02
-4.859620700000000064e-03
1.948542699999999961e-02
-3.424962000000000145e-02
-2.686607300000000073e-02
-1.371634899999999921e-02
-1.340129399999999936e-02
2.582256000000000135e-02
1.755606700000000072e-03
1.061256300000000020e-02
1.793168100000000140e-02
-2.568022699999999992e-02
4.134506699999999924e-02
-3.421332700000000171e-02
6.039468600000000298e-02
-2.950082899999999925e-02
-8.788269999999999416e-02
-1.866415899999999961e-02
4.265835499999999676e-03
1.386483900000000033e-02
-3.586139499999999730e-02
-8.856388999999999234e-03
2.268324799999999961e-02
3.648281999999999914e-02
3.686023899999999950e-03
-1.526995100000000036e-02
2.670405000000000001e-02
-3.834623499999999935e-02
-4.650611399999999944e-03
8.320574000000000719e-03
1.110526000000000048e-02
-1.642106700000000100e-02
5.172223199999999993e-02
-4.291551600000000077e-02
5.235627300000000178e-02
-2.419127500000000167e-02
-3.115933599999999928e-02
1.070971299999999918e-02
5.771001399999999698e-02
5.042534000000000426e-03
2.531502199999999952e-02
-1.274981350000000020e-02
4.311143600000000298e-02
-2.488508400000000089e-03
-3.534779999999999867e-02
-6.419381999999999866e-02
-1.032299799999999990e-02
-7.515915500000000526e-02
-1.896441199999999994e-02
1.999336100000000116e-02
5.435961600000000426e-04
3.135134299999999680e-02
-5.035039999999999655e-02
-2.306469699999999859e-02
-6.259038999999999575e-02
-3.727274800000000138e-02
-2.844670399999999974e-02
-7.366387000000000629e-02
-2.397016899999999950e-03
1.654597600000000043e-02
3.752087800000000056e-02
1.402759699999999929e-02
1.457181899999999974e-02
1.724832299999999943e-02
-5.654981700000000222e-02
2.355230399999999960e-02
1.915843000000000060e-02
-8.989497000000000806e-03
8.570954999999999546e-02
-3.322591999999999907e-02
4.931189700000000313e-05
1.525186400000000039e-02
7.797397000000000356e-02
-1.265558599999999992e-02
-4.563363000000000141e-02
-3.298278999999999794e-02
-4.857070699999999769e-02
2.757463200000000170e-02
1.454831900000000053e-02
-9.488200999999999927e-03
2.423923299999999892e-02
5.085565499999999961e-02
1.013791859999999961e-01
4.224089999999999789e-02
-3.125246599999999958e-02
7.801128600000000260e-03
9.547507000000000216e-03
-8.050646000000000191e-02
-1.165336800000000075e-02
4.600384500000000154e-02
1.662614399999999895e-02
2.987169500000000019e-02
-4.448087500000000305e-02
1.644018300000000057e-02
-9.140535999999999453e-03
-2.838294400000000023e-02
2.223213400000000062e-02
-8.228040000000000354e-02
-2.097268000000000049e-02
-3.321995999999999977e-02
1.362247949999999957e-02
-2.559851700000000119e-02
-1.937165700000000046e-02
2.303260000000000030e-02
2.709815800000000066e-02
-5.387707000000000260e-03
-7.629758999999999847e-02
4.186167000000000186e-03
-7.757571999999999797e-05
-5.850650400000000084e-02
6.637557600000000557e-02
-2.892366799999999960e-02
9.009664000000000561e-03
3.186026200000000030e-02
-6.350302000000000377e-03
-6.920794000000000078e-03
3.991419999999999690e-02
2.856070000000000136e-02
-1.841040899999999911e-02
-9.006633000000000000e-03
4.720373499999999667e-02
1.224462400000000083e-02
2.580852999999999967e-02
-6.420631000000000255e-02
1.466817600000000130e-04
-1.608095299999999853e-02
4.103021999999999919e-02
-2.539544200000000071e-02
-3.461746500000000004e-02
1.475953800000000087e-02
1.021811700000000095e-03
-6.547738599999999853e-02
1.166311000000000084e-02
3.602292800000000267e-02
6.913111500000000166e-03
9.610267000000000115e-02
-2.330354999999999926e-02
5.292613000000000179e-02
2.249743599999999913e-02
2.558056800000000144e-02
-1.527973399999999968e-02
-1.546075799999999979e-02
-5.874043699999999951e-02
-1.293833299999999978e-02
-8.837599999999999276e-03
-2.248079899999999923e-02
4.294219199999999709e-02
2.936522800000000016e-02
2.367802299999999943e-02
2.717808000000000029e-02
-5.354402600000000151e-02
1.524420599999999973e-02
2.819574000000000039e-02
-2.928453099999999906e-02
-1.308899300000000016e-02
1.060902000000000026e-02
4.791945000000000232e-02
3.782653999999999878e-02
2.685351500000000141e-02
-6.646431999999999861e-03
-1.511552700000000013e-03
1.502427100000000050e-02
4.034292300000000275e-02
5.463618800000000220e-02
4.107974500000000084e-03
5.671139399999999831e-02
-4.788010200000000077e-02
-4.352298999999999751e-02
-3.929419399999999757e-02
7.714061000000000355e-03
-1.084208300000000062e-02
2.341231499999999952e-02
-3.926415999999999934e-02
7.069668700000000111e-03
2.186704399999999868e-02
-7.441632999999999581e-03
1.678043800000000169e-02
-8.603556999999999524e-03
-3.200468399999999852e-02
2.115684699999999946e-02
4.104445999999999789e-02
-3.077243500000000076e-02
-1.778009799999999939e-03
-4.368725400000000175e-02
-2.669026700000000016e-02
3.640423699999999901e-02
-1.699828499999999840e-02
1.026978599999999950e-02
1.676911500000000110e-02
-1.222558900000000025e-02
-3.861864999999999742e-02
-2.626519900000000209e-03
-3.493021400000000110e-02
-1.702272900000000033e-02
2.326649399999999868e-02
-2.895715000000000094e-02
1.073219899999999956e-02
-2.589943999999999927e-02
-5.235039599999999696e-03
-1.475487099999999926e-02
1.935065500000000133e-02
9.949853999999999643e-02
-2.276948800000000092e-02
-3.568474600000000330e-02
-3.090077499999999838e-02
1.339091499999999976e-02
3.003025600000000170e-02
-1.476193500000000033e-02
