8.561192500000000538e-02
3.593103000000000269e-02
-4.990796699999999753e-02
6.100002000000000202e-03
4.238917300000000221e-02
5.027237999999999846e-02
4.681098999999999677e-02
6.519189999999999707e-02
-6.706755600000000213e-03
1.799942699999999840e-02
6.105012399999999728e-02
5.624088299999999846e-02
2.969284700000000138e-02
-3.776690000000000082e-03
1.265229699999999985e-02
-2.937394600000000147e-02
9.217793000000000167e-03
2.551484299999999886e-02
-4.343373999999999846e-02
-7.031985999999999619e-03
-2.914350099999999874e-02
-5.118400300000000049e-03
3.502460999999999769e-02
7.275323000000000206e-02
-3.977100000000000123e-04
-5.580398999999999776e-02
-9.729961000000000512e-03
-6.153597000000000233e-02
2.037021099999999918e-02
-9.749623000000000317e-02
5.334384999999999648e-03
2.708455699999999869e-02
6.922565000000000315e-03
-1.696164000000000005e-02
5.353983500000000090e-02
-6.283943000000000167e-03
1.033238400000000045e-03
1.929820100000000094e-02
-1.210279700000000021e-02
-6.644954000000000138e-02
-1.614446799999999906e-03
7.273866000000000359e-03
-2.506204899999999944e-02
1.912886299999999942e-02
-2.702391900000000041e-02
-6.796082999999999985e-02
-2.324092399999999961e-02
-2.936130199999999885e-02
-3.325564999999999771e-02
3.618905299999999881e-02
4.000067199999999580e-03
3.614484999999999920e-02
-7.157145999999999647e-03
-8.854334999999999636e-03
-2.042524700000000054e-02
-3.904914000000000301e-02
3.424823999999999924e-03
-4.337035999999999669e-02
7.366894000000000220e-02
-1.985622399999999871e-02
1.468005099999999952e-02
-3.208293000000000256e-02
-1.321569799999999968e-02
-5.523241699999999893e-02
3.607249600000000077e-03
-7.791966000000000170e-02
9.280773000000000841e-03
-3.175630799999999698e-02
-7.348435000000000383e-02
2.885669000000000081e-02
8.031846999999999945e-03
-7.102890399999999861e-03
-2.433278800000000103e-02
8.693107000000000265e-03
2.843182199999999896e-02
4.650366699999999853e-02
-5.489917000000000408e-03
3.307174700000000203e-03
3.124533200000000066e-02
3.076484200000000058e-02
-5.947121600000000036e-02
-2.720849200000000079e-02
3.292471999999999760e-02
1.332709600000000008e-02
-1.736586500000000116e-02
4.931353000000000125e-02
2.412763000000000060e-02
-4.359885699999999781e-02
-1.147970199999999961e-02
1.184095999999999933e-03
1.263953899999999964e-01
3.828811599999999704e-02
1.037561149999999960e-02
1.877090999999999829e-02
5.456355599999999917e-02
-7.130165600000000145e-03
-6.786161999999999750e-02
-1.223098600000000064e-01
3.653492400000000334e-02
4.982453600000000260e-02
-2.600752699999999903e-02
1.492522299999999962e-02
-4.686056000000000249e-02
9.415596000000000035e-03
-3.057662400000000190e-03
-1.664258199999999951e-02
-9.748111999999999749e-03
-7.170354600000000689e-02
-1.039740900000000051e-01
-1.153999200000000065e-02
4.607419000000000098e-02
2.258574199999999893e-02
4.411993000000000165e-02
-5.255397000000000193e-03
-2.364681799999999827e-03
2.956740999999999883e-02
-4.995253300000000035e-02
4.399039200000000316e-02
-9.545507999999999424e-03
-1.640830399999999942e-03
2.480041200000000085e-02
7.923628400000000405e-02
-1.778690499999999869e-02
6.540847599999999318e-02
3.319772299999999843e-02
-1.566515099999999869e-02
2.302010000000000167e-02
-5.718698300000000026e-03
-1.618753200000000100e-02
2.752244499999999955e-02
1.150211299999999957e-02
-4.191291300000000303e-02
2.378857100000000141e-02
3.175816000000000056e-02
-9.315319000000000724e-03
-7.820198700000000015e-04
5.621720999999999663e-02
4.964842600000000244e-02
-1.294598450000000039e-02
3.571979299999999968e-02
-3.895919999999999939e-02
-3.433175399999999905e-02
-8.918312000000000461e-02
1.291823400000000066e-02
-5.092486400000000024e-02
-2.937355800000000100e-02
1.729189999999999894e-02
2.176687899999999939e-02
-2.283013199999999951e-02
-2.820844999999999950e-02
-2.293744099999999939e-02
1.003843500000000093e-03
1.694939999999999988e-02
-1.501722450000000063e-02
-1.900837999999999833e-02
2.172557500000000044e-02
-1.272391699999999952e-02
1.661905799999999905e-02
5.504632000000000275e-02
4.368328999999999789e-03
-8.286985000000000184e-03
-7.423746600000000195e-02
-6.987997299999999801e-03
1.019640039999999970e-01
-9.010716500000000295e-02
-2.023937400000000095e-02
-3.170355999999999869e-02
-4.545521699999999915e-02
9.198680000000000745e-03
-1.394524100000000058e-02
-3.017736600000000061e-02
-7.135300999999999449e-02
-6.769814999999999861e-02
-8.411944000000000365e-02
6.183134000000000286e-04
1.232660099999999953e-02
-3.018553000000000208e-03
-4.465893700000000271e-02
-2.846183799999999972e-02
-5.376057699999999863e-03
7.789543999999999635e-02
-4.897970000000000101e-02
1.054279900000000027e-02
-4.649177599999999855e-02
-2.086276600000000134e-02
-3.215644499999999878e-02
1.770632999999999929e-02
5.417583499999999858e-02
3.019163000000000055e-02
3.473094499999999918e-02
-1.970395800000000058e-02
6.608128999999999913e-03
2.217198000000000085e-02
2.275235399999999894e-02
3.586073400000000088e-03
4.852789999999999881e-02
-6.443301700000000042e-03
-4.764140000000000041e-03
2.906581600000000126e-02
-5.862732200000000254e-02
3.918183000000000082e-02
5.364297299999999658e-02
2.468458999999999931e-02
-1.184815299999999972e-03
2.007870999999999961e-02
2.353830300000000000e-02
-6.209797999999999664e-04
-3.803436999999999790e-02
1.292374299999999969e-02
2.881663900000000153e-02
-2.308163200000000123e-02
-7.014768000000000392e-02
1.029470499999999948e-03
-1.248165900000000085e-02
1.889117400000000016e-02
1.896734900000000053e-04
3.337849700000000003e-02
5.243664999999999785e-03
4.121266999999999986e-02
-1.100871299999999983e-02
4.932492200000000021e-02
7.857663000000000841e-03
-4.478072000000000302e-02
5.910612600000000189e-02
2.220569400000000151e-02
2.918147000000000102e-02
-7.647719999999999518e-02
2.172353999999999952e-02
3.167403500000000316e-02
-2.639318800000000145e-02
-1.171810400000000002e-02
-5.865612000000000083e-03
4.217682799999999954e-02
-3.326390700000000228e-02
-5.138826600000000189e-03
5.178754399999999786e-02
1.005516600000000080e-02
-1.584782300000000047e-02
-1.538511549999999929e-02
-4.228722299999999878e-02
2.860070400000000110e-02
4.117616599999999820e-04
2.084662400000000110e-02
1.752521500000000024e-02
3.071723000000000162e-02
-5.808944600000000291e-02
5.966409000000000296e-02
4.985060499999999922e-02
-2.066694999999999990e-02
3.466977000000000253e-02
-2.920145500000000116e-02
1.628219599999999965e-03
-3.139110299999999659e-02
1.446078699999999925e-02
-5.700273000000000145e-02
4.035942299999999844e-02
-3.755316499999999946e-02
3.796054000000000095e-02
2.212001599999999929e-02
3.393200400000000172e-02
4.345481000000000343e-02
3.303129499999999871e-03
4.032042300000000107e-02
-3.216308699999999993e-02
-3.148477499999999957e-02
-5.662939699999999799e-02
-2.035058699999999984e-02
-3.390274000000000065e-02
1.058422699999999987e-02
-5.818479000000000012e-02
6.757386999999999422e-02
-4.362615999999999716e-02
-3.077230800000000169e-02
-3.531900000000000144e-03
-3.100244699999999895e-02
4.068087000000000092e-02
-4.020669999999999800e-02
7.067158399999999736e-03
-1.812351099999999840e-02
-4.813178600000000279e-02
4.184455799999999698e-02
3.629925200000000060e-03
-9.255538000000000654e-03
-1.297231499999999989e-02
-1.548393099999999939e-02
-2.655519399999999985e-03
1.512979799999999986e-02
4.475939600000000164e-03
1.497272799999999938e-02
-4.650125699999999723e-02
4.268647999999999887e-02
1.509204299999999943e-02
-2.249815900000000021e-02
-5.605494600000000133e-02
1.751187800000000155e-02
8.878211000000000436e-03
4.322002500000000219e-02
2.563680299999999967e-02
7.806114000000000282e-03
-3.661024599999999907e-02
1.409375600000000069e-02
3.745251499999999872e-02
-5.894064000000000247e-02
6.333329999999999516e-02
-3.797894699999999901e-02
4.005203500000000319e-03
-3.184023500000000145e-02
1.352484500000000062e-02
-2.730135399999999990e-02
-5.687216299999999815e-03
9.134184999999999527e-03
3.726355700000000271e-02
-1.165676400000000001e-02
-3.613185499999999745e-02
-4.548464299999999821e-02
-3.689360199999999756e-02
-9.790037999999999518e-02
-6.320335399999999978e-03
1.940458000000000113e-02
1.637642599999999948e-02
4.791216999999999698e-02
1.153263449999999968e-02
-7.225779400000000019e-02
-2.291293800000000075e-03
2.951548999999999839e-02
-2.198819600000000152e-02
2.973354400000000064e-02
-3.452626200000000201e-02
5.280775599999999737e-02
2.217413099999999970e-02
2.241908199999999990e-02
-1.480051800000000079e-03
5.395036999999999749e-02
-5.937657999999999825e-02
5.434644399999999896e-03
-2.234260199999999960e-02
-7.767768999999999369e-02
-9.554191999999999546e-03
9.094027000000000360e-02
4.443823399999999660e-03
-1.657495299999999991e-02
-2.435899700000000029e-02
5.292480799999999680e-02
2.095893399999999851e-02
-8.453933000000000281e-03
-3.401169999999999888e-02
-5.895978000000000330e-02
-1.663468400000000028e-02
4.502471000000000251e-02
1.370034900000000055e-02
3.786036999999999736e-02
3.780672699999999831e-02
-3.362467399999999763e-04
-4.156698699999999969e-02
2.153802999999999968e-02
4.828365500000000171e-02
2.548285999999999954e-02
4.346140500000000156e-02
3.617828000000000016e-02
1.321132099999999983e-02
2.706124999999999850e-02
3.361274999999999680e-02
-1.376400399999999982e-02
4.212989300000000159e-02
2.916866699999999882e-02
3.163629800000000020e-02
3.768170600000000231e-02
5.625720000000000026e-02
-2.163919200000000154e-02
-1.416114700000000066e-02
1.636351600000000069e-03
2.971914599999999837e-02
1.522678199999999947e-02
6.941446999999999895e-03
4.551064600000000182e-02
-5.132468800000000025e-02
-2.065682599999999966e-02
7.248054299999999971e-03
-1.019579600000000003e-02
-2.195294500000000149e-03
-3.203411999999999926e-02
-4.044103200000000176e-02
-3.345609000000000083e-02
1.924851400000000129e-02
-5.761483299999999724e-02
6.770749399999999307e-02
-6.672995499999999358e-02
-1.683761400000000075e-02
-2.237541399999999972e-02
-2.723001099999999841e-02
-2.002622000000000083e-02
4.536303500000000294e-02
4.047016999999999975e-02
2.745657400000000095e-02
-2.979460199999999989e-02
6.942449000000000536e-02
3.926169499999999923e-02
1.375233699999999989e-02
2.125535900000000145e-02
-8.718609000000000428e-03
-2.784755299999999972e-03
-3.952459600000000212e-02
2.981981800000000141e-02
-2.004968400000000164e-02
2.727320600000000123e-02
-3.919397300000000001e-02
7.420406999999999698e-02
-2.099696800000000127e-03
-5.406927699999999892e-02
4.297623799999999994e-02
-1.763854000000000116e-02
2.036459600000000054e-04
1.239142300000000037e-02
2.032748800000000119e-02
-3.398656500000000330e-02
-3.092103599999999897e-03
3.017842399999999883e-02
2.690532700000000058e-03
3.620804999999999857e-02
8.912771999999999362e-02
4.921682000000000140e-02
3.928203499999999987e-02
1.937081300000000105e-03
-1.276028100000000005e-02
1.291526699999999937e-02
-4.953824999999999895e-02
-1.295666300000000021e-02
2.517812999999999996e-02
-5.149861000000000369e-03
-5.048353000000000215e-03
3.083380700000000127e-02
1.109725999999999942e-02
-1.709921799999999936e-02
4.209383199999999770e-02
-1.587141499999999983e-02
1.345826200000000035e-02
3.778535000000000227e-02
-1.813136599999999946e-02
-3.383768300000000034e-02
5.180538400000000293e-02
2.848810900000000104e-02
2.038176499999999960e-02
6.753731000000000317e-02
2.519426400000000094e-03
-1.150825999999999976e-03
-1.536436800000000021e-03
5.461719400000000432e-03
2.931169200000000030e-02
-4.790027999999999994e-03
1.002579100000000004e-03
5.926113600000000418e-03
-2.221437500000000148e-02
-2.971591599999999847e-02
-6.174832000000000237e-02
-6.212103699999999701e-02
4.151157700000000089e-02
1.071875300000000013e-03
5.358790599999999765e-02
-3.209490999999999733e-02
-1.139138199999999894e-03
-2.296150699999999906e-02
-7.019921000000000147e-03
2.423985500000000112e-02
3.984114500000000142e-02
-1.611204399999999898e-02
2.668610800000000005e-02
-3.483312000000000214e-02
4.093714400000000170e-02
5.299524400000000038e-03
1.360171699999999928e-02
3.223547300000000060e-02
2.237658000000000008e-02
8.480717999999999590e-02
5.119025699999999943e-03
-2.189878399999999840e-03
2.008771700000000146e-02
1.362448100000000079e-02
-1.054249049999999958e-02
-2.612536800000000211e-03
-2.760400400000000143e-02
-5.883070499999999703e-02
-2.867174000000000111e-03
-3.545183699999999993e-02
4.366915300000000222e-02
2.935301499999999966e-02
9.568520000000000497e-03
-2.813152000000000014e-02
9.967050999999999342e-03
-4.960186999999999929e-02
2.903177599999999872e-02
5.055541999999999675e-02
-1.672532100000000046e-03
-2.418879800000000094e-02
-4.717974500000000383e-03
3.071225199999999891e-02
-3.410691799999999996e-02
4.265003299999999692e-02
-9.968203999999999607e-04
-1.274021499999999918e-02
7.147185000000000343e-02
5.275336700000000240e-02
4.598176500000000083e-02
-3.903179600000000055e-02
5.096841999999999866e-03
-2.333926199999999951e-02
6.048324499999999625e-03
-7.603904000000000218e-02
2.328268000000000004e-02
6.328055000000000485e-02
2.223841000000000012e-02
5.503272000000000025e-03
-5.211907300000000187e-02
-1.790701199999999931e-05
9.166407999999999154e-03
-2.519962599999999928e-02
-5.470200000000000062e-02
1.350870700000000001e-02
9.984793999999999527e-04
-3.320124700000000317e-02
1.854737799999999978e-02
1.618223299999999899e-03
-3.674995500000000082e-02
-3.200464299999999929e-02
-4.288001400000000102e-02
-1.133815500000000080e-02
4.056362799999999741e-02
6.405210999999999544e-02
-1.242785799999999996e-02
1.701659999999999978e-02
2.663541399999999962e-02
5.795454999999999704e-03
4.945573999999999804e-02
-1.890464700000000012e-02
4.786852999999999941e-02
2.300214800000000004e-02
1.634207600000000052e-02
5.727289199999999886e-02
1.388698499999999926e-02
6.349936000000000469e-02
9.821800500000000059e-03
7.567492000000000663e-02
5.609990299999999958e-02
1.291886700000000054e-02
2.627692400000000011e-02
8.208872000000000738e-03
6.275893999999999917e-02
4.920657000000000156e-03
3.425065399999999843e-02
-3.109139600000000031e-02
4.518408699999999778e-02
-5.894607999999999792e-02
-3.784073000000000297e-02
-7.925124399999999673e-04
-6.449787999999999355e-02
2.052700299999999853e-02
-1.135421449999999936e-02
6.787176999999999794e-02
-4.277808999999999778e-02
-5.076800299999999905e-02
1.769244099999999972e-02
7.654779999999999918e-02
-2.278221999999999886e-02
1.838193000000000119e-02
-2.978803600000000038e-02
-2.728237000000000023e-02
-2.382150900000000113e-02
-3.338839999999999864e-02
2.753775600000000004e-02
-1.179301299999999976e-02
3.118583000000000119e-02
4.100873399999999889e-05
-1.070003899999999973e-02
4.780086000000000057e-02
-9.005287000000000708e-03
4.819680400000000281e-02
-4.219095999999999957e-02
-5.149666199999999860e-02
5.101569499999999979e-03
6.858493400000000018e-02
3.885142999999999930e-02
5.059715999999999693e-03
-1.374252100000000060e-02
5.187429500000000082e-02
1.405903799999999940e-02
-6.164893999999999756e-03
-1.362604599999999930e-02
1.909399800000000091e-02
-5.751405300000000248e-02
-1.281751400000000034e-02
2.794451499999999963e-02
-1.906052199999999988e-02
2.715369000000000116e-02
2.668371599999999969e-02
-2.697044800000000103e-02
3.481115800000000177e-02
-1.887376600000000015e-02
-3.383245299999999844e-02
8.758428999999999867e-03
6.185329299999999669e-02
-1.103425300000000081e-02
3.915189000000000169e-02
-5.894416000000000239e-02
4.190707199999999660e-02
-9.040027500000000346e-04
-1.760231500000000032e-02
-3.836661000000000238e-02
-4.824486699999999684e-02
-6.989539000000000168e-02
-1.643279200000000162e-02
2.809182600000000030e-02
6.939210000000000343e-03
5.223043000000000130e-02
-2.805999500000000077e-02
-2.148016399999999951e-02
-4.981590799999999902e-02
8.976430000000000520e-04
-3.281392000000000336e-02
-5.279730299999999682e-02
-2.460575499999999999e-02
1.597255499999999939e-02
3.915808300000000325e-02
1.806681799999999838e-02
3.920381500000000297e-02
-3.699656600000000156e-02
-5.330522699999999670e-02
-3.080713699999999833e-02
3.401013499999999690e-02
-4.109030599999999832e-03
3.536459399999999920e-02
-2.748211500000000140e-02
-2.041528000000000093e-02
3.819518300000000147e-03
4.674939000000000178e-02
-3.674563399999999924e-02
-2.262032599999999963e-02
-3.846611500000000211e-02
-1.007134900000000027e-02
1.867852999999999875e-02
3.026168200000000155e-02
-2.754776399999999889e-02
-2.620803200000000176e-03
3.779305499999999901e-02
8.815095000000000569e-02
-6.644386999999999863e-03
6.180106700000000119e-03
-2.765122000000000066e-02
1.371805499999999983e-02
-5.486234300000000091e-02
-1.500936800000000036e-02
3.313316000000000178e-02
1.333348999999999993e-02
4.089500000000000253e-03
-3.319397999999999793e-02
1.967936799999999917e-02
-4.908928600000000281e-02
1.794265399999999885e-02
1.789885399999999877e-02
6.842339000000000233e-03
-2.394854000000000080e-03
2.444538099999999867e-02
4.308908000000000182e-02
-2.507256899999999941e-02
-4.606273000000000138e-03
4.088655499999999804e-02
-1.464788900000000074e-02
4.066278700000000232e-03
-5.484838999999999687e-02
8.792312000000000044e-03
-3.182049300000000156e-04
-3.243661700000000092e-02
1.653893299999999872e-02
-3.863243999999999706e-02
-3.592163599999999984e-03
2.826766500000000085e-02
1.076898500000000002e-02
9.538103500000000420e-04
3.121403000000000025e-02
3.443878000000000217e-02
-4.394483200000000311e-02
-1.556085299999999949e-02
-1.309399099999999970e-03
-4.836385000000000337e-03
1.692274800000000134e-02
-1.732055299999999895e-02
1.360944199999999937e-02
1.799639499999999967e-03
2.450249300000000019e-02
-3.429695199999999861e-02
3.829952000000000183e-03
4.558347000000000093e-02
-2.926660500000000109e-02
-8.683971999999999525e-02
-1.273291650000000011e-02
2.243527999999999842e-02
3.024419600000000097e-02
7.761766999999999972e-02
-6.256630999999999998e-02
-6.530669499999999968e-03
3.578180999999999723e-02
4.459806999999999660e-03
-2.414825699999999936e-02
-1.297796799999999945e-02
1.369839100000000073e-02
-3.165927999999999798e-02
1.687725600000000020e-02
-3.176851599999999665e-02
6.551162000000000651e-02
2.109221600000000044e-02
-1.364433200000000034e-02
5.490478000000000025e-02
-7.771991999999999789e-02
2.759040899999999977e-02
3.932898499999999686e-02
-3.717973499999999848e-02
8.720744000000000759e-03
1.542598899999999933e-03
1.951396000000000033e-02
6.365540599999999771e-02
4.107253000000000293e-02
-1.178386200000000085e-03
5.436242699999999789e-02
1.057307199999999933e-02
5.625827600000000289e-02
3.623473299999999814e-02
-2.071621800000000152e-02
4.260352299999999905e-03
-2.709775199999999839e-03
-3.915663800000000055e-02
-3.814308000000000282e-02
5.211765999999999621e-03
3.494783999999999911e-03
-6.087720399999999726e-03
-4.333053500000000335e-02
-4.280581299999999811e-02
-4.692363399999999879e-02
-4.287575999999999887e-02
4.525279000000000107e-02
-4.386515500000000289e-02
8.123076499999999645e-03
2.629895000000000149e-02
3.873295699999999842e-02
-2.302621499999999918e-02
-1.664063699999999979e-02
-3.104403999999999844e-02
-1.429283100000000063e-02
5.095439000000000218e-02
-3.362696200000000329e-02
2.304530700000000099e-02
1.529124700000000000e-03
-2.962334800000000073e-02
-7.945246000000000253e-02
1.055543100000000054e-02
-4.526347700000000335e-02
-2.619063300000000136e-02
1.182596699999999973e-02
-2.565791799999999831e-02
-1.929953300000000066e-02
5.147656999999999927e-03
1.561591300000000036e-02
-2.172918799999999998e-02
1.658419900000000086e-02
7.353685000000000083e-02
-2.639841700000000041e-02
7.877844000000000166e-03
-5.276307000000000219e-02
1.540551700000000052e-02
4.867889699999999875e-02
-6.381322000000000383e-02
