9.222829999999999917e-02
1.730712900000000096e-02
-4.762562399999999835e-02
2.301825600000000083e-02
-1.215033299999999927e-02
8.044637000000000315e-02
1.076658299999999971e-02
3.679772500000000335e-02
-1.764356699999999889e-02
-2.614167499999999877e-03
6.469073999999999658e-02
5.370967000000000102e-02
6.377489999999999548e-02
2.487651999999999919e-02
6.141517300000000346e-02
-1.098037999999999965e-02
3.170358999999999677e-02
6.202975299999999997e-02
-3.626743999999999801e-02
-2.321709099999999873e-02
-3.678763300000000014e-02
2.264673000000000033e-02
7.503667999999999796e-03
2.337503200000000045e-02
-1.864386999999999989e-02
-3.144269999999999704e-02
-2.489985299999999957e-02
-1.351453399999999992e-02
1.712339699999999854e-02
-9.792568000000000106e-02
5.436691600000000124e-02
6.122737999999999792e-02
4.122784000000000171e-02
-1.429037499999999926e-02
5.362134999999999818e-02
3.282361999999999780e-02
-1.975484200000000162e-02
8.031893000000000019e-03
-6.710273999999999579e-04
-1.005761899999999959e-01
-2.761245000000000019e-02
-2.656711800000000068e-02
-2.528119100000000147e-03
2.941209499999999921e-02
-3.768646300000000338e-02
-2.832468200000000033e-02
-3.107156800000000080e-02
-5.490428999999999796e-03
-4.960820999999999981e-02
3.319182600000000066e-02
-9.112007999999999783e-04
4.170603700000000136e-02
-5.670523599999999914e-02
-8.361086000000000212e-03
-9.805206999999999812e-03
-3.936337000000000169e-02
-2.440448300000000112e-02
-2.488402500000000059e-02
4.306366699999999992e-02
-1.974561400000000161e-02
2.881418499999999910e-02
-3.834486399999999934e-02
-5.950328999999999861e-03
-1.761468100000000009e-02
6.463968000000000491e-02
-4.100209999999999966e-02
3.902135000000000326e-02
-3.150565000000000310e-02
-6.302977999999999359e-02
1.065360849999999991e-02
-2.409972399999999945e-02
1.068696400000000019e-02
-2.874863999999999892e-02
4.273614700000000211e-02
-3.153596299999999932e-03
1.617584199999999930e-02
-4.639224699999999757e-02
-3.610568800000000036e-03
2.353943099999999955e-02
2.210360999999999923e-02
-3.235898999999999720e-02
-2.275722499999999898e-02
3.209040300000000345e-02
3.627365999999999924e-02
2.724309600000000137e-02
2.125673399999999935e-02
-1.261113200000000059e-02
-1.638339300000000043e-03
-5.811469600000000041e-02
2.029264199999999962e-02
1.446799000000000002e-01
2.264590199999999900e-02
2.590276500000000121e-02
5.741112399999999741e-03
6.532660999999999329e-02
-8.594947999999999824e-03
-4.393115000000000214e-02
-6.137358999999999870e-02
-2.329811999999999855e-02
7.980667000000000316e-03
2.309490700000000132e-02
4.490853499999999943e-02
-1.512329899999999977e-02
-4.783218000000000192e-02
3.436784400000000156e-02
2.860733099999999973e-02
-1.748607699999999918e-02
-6.394202000000000219e-02
-5.681787800000000221e-02
2.620610400000000090e-02
3.574652999999999858e-02
1.306346899999999943e-02
3.453095999999999943e-02
1.731765799999999966e-02
-1.883121000000000024e-04
-1.224536799999999953e-02
-2.054961599999999885e-03
1.314628500000000061e-02
-4.023048599999999760e-03
5.342384000000000369e-03
2.648475200000000029e-02
6.425796000000000285e-02
-4.751868000000000064e-02
3.675463999999999815e-02
6.608047000000000226e-02
2.244359300000000126e-03
-2.205996999999999906e-03
-3.323473400000000189e-02
-9.596034999999999288e-03
3.426053599999999855e-03
2.370848899999999926e-02
-1.363766200000000005e-02
3.295478000000000122e-03
3.585201999999999833e-02
-1.394291700000000085e-02
9.519935999999999676e-03
8.723193999999999393e-02
3.242417799999999795e-02
-3.672911000000000058e-03
5.851085500000000050e-02
-1.729866999999999863e-02
-4.645303299999999774e-02
-1.008570399999999950e-01
-6.696773700000000287e-03
-2.788705600000000034e-02
-6.596836400000000156e-02
4.702208599999999766e-02
2.638215000000000005e-02
1.240804199999999934e-02
-2.540725500000000012e-02
-7.700537999999999828e-02
-3.394869999999999832e-02
5.810032400000000180e-02
-6.139918700000000090e-03
-2.498683700000000132e-02
2.770770900000000050e-02
1.424968199999999963e-02
-8.626969999999999431e-03
1.484385499999999955e-02
-2.367744199999999993e-02
2.941132700000000100e-02
-5.213987500000000219e-02
1.475936299999999930e-02
3.713940999999999770e-02
-4.557449000000000222e-02
-4.938563299999999823e-02
-4.410153599999999674e-02
-7.452359999999999540e-02
8.598835000000000853e-03
-3.431999000000000161e-02
-1.739660499999999901e-02
-2.774007599999999893e-02
-7.849681000000000020e-02
-1.106095099999999942e-01
-4.364555299999999666e-02
6.447836999999999666e-03
8.668916000000000469e-03
-2.428768800000000172e-02
-6.602181999999999495e-02
-4.133993999999999863e-02
4.331604000000000010e-02
2.387965400000000059e-04
-2.144740999999999922e-03
-7.840561999999999532e-02
-1.467397250000000014e-02
-1.121309499999999931e-02
3.476309000000000343e-02
6.681670000000000664e-02
7.483789000000000240e-03
3.177137000000000017e-02
-6.170926000000000189e-03
-2.828349399999999930e-02
-1.286010299999999947e-02
-9.013059000000000348e-03
1.705356900000000106e-02
6.714333000000000107e-02
2.430767199999999892e-02
-1.694295200000000071e-02
-2.336071799999999907e-02
-3.747245999999999910e-02
3.810642300000000038e-02
4.307819499999999968e-02
2.868717299999999897e-03
-1.561087400000000028e-02
-3.071203000000000214e-03
4.628207000000000154e-02
-1.019775499999999932e-02
-5.012836300000000217e-02
6.240031699999999855e-03
1.891544300000000053e-02
-1.988963399999999979e-02
-2.654702999999999924e-02
2.625932000000000092e-03
-2.563922299999999918e-02
2.268809800000000029e-02
1.825313599999999967e-02
4.847430400000000278e-02
1.769690599999999836e-02
3.176259199999999921e-02
-1.901032000000000069e-02
1.809429400000000035e-02
-4.615311500000000150e-03
3.466526400000000119e-02
5.686579600000000317e-02
-6.697647299999999818e-03
-3.895021199999999795e-02
-6.058304800000000045e-02
6.013906599999999623e-03
1.101600900000000022e-02
-4.452046999999999949e-02
-9.788211999999999260e-03
3.735068799999999994e-02
-2.339834000000000011e-02
2.798341199999999831e-03
-4.932040000000000035e-02
3.843760999999999706e-02
3.141320000000000223e-02
-4.211734200000000206e-02
-7.191129999999999571e-03
-3.769716199999999934e-02
-8.749200999999999853e-04
5.009338599999999669e-02
-8.123688999999999910e-03
3.083794200000000013e-02
3.225825400000000009e-02
-2.759833000000000078e-02
7.856810999999999656e-02
4.454528000000000133e-03
-1.624663000000000149e-02
1.425515999999999936e-02
-1.119172899999999922e-02
4.292288000000000006e-03
-4.627662500000000179e-02
-9.018016000000000226e-03
-2.888860999999999860e-02
4.335803500000000310e-02
1.393434099999999939e-02
4.634003300000000269e-02
-2.640216099999999951e-03
1.305722000000000100e-04
4.904447499999999710e-02
-1.906349300000000080e-02
1.339662299999999986e-02
-4.124603000000000297e-02
-2.540611300000000100e-02
-6.228045000000000109e-02
1.534451600000000075e-02
-1.390336600000000034e-02
2.619150799999999876e-02
-2.195312500000000042e-02
7.402315999999999931e-03
-3.797342000000000078e-02
-6.111943000000000237e-02
-1.082235099999999915e-02
-8.544153999999999985e-03
1.997437499999999908e-02
1.192112799999999959e-02
9.738352999999999940e-03
-2.221172299999999919e-02
-2.090329900000000019e-02
3.621373700000000279e-02
2.359738299999999890e-04
2.554868299999999912e-02
3.828797699999999908e-03
-5.966610300000000332e-03
-5.642941199999999824e-02
-4.527506399999999855e-03
2.476926999999999948e-02
-1.185050300000000008e-02
-1.497014099999999931e-02
5.523787399999999931e-02
1.298059900000000065e-02
-3.950222999999999929e-02
-6.682686999999999655e-02
2.629425999999999986e-02
1.164839800000000078e-02
6.402483600000000163e-02
3.226072700000000293e-02
-5.321962799999999799e-02
-1.519200899999999937e-02
-1.401648599999999988e-02
8.132749999999999355e-03
-1.052559299999999975e-01
2.409913799999999912e-02
-5.752208000000000321e-02
5.665761000000000061e-03
-1.849453900000000081e-02
2.907606600000000110e-02
-2.448066999999999951e-02
2.876959600000000145e-02
1.355462600000000017e-02
5.969607999999999859e-02
-4.629397999999999846e-03
-1.611681100000000172e-02
-5.106328400000000045e-02
-3.665169000000000066e-02
-1.209583949999999963e-01
-1.457485300000000046e-02
3.227052999999999866e-02
5.433955000000000035e-02
3.684545000000000181e-02
4.350666999999999902e-03
-2.863064800000000160e-02
-1.630717099999999878e-02
4.558885499999999757e-02
5.535379499999999731e-03
3.059283000000000141e-02
-3.340977800000000109e-02
3.560070700000000227e-02
2.351307899999999923e-02
7.398344000000000274e-03
-2.362292300000000053e-02
3.668121600000000260e-02
-6.002561700000000333e-02
-4.125652399999999755e-03
7.396638999999999775e-04
-6.148052999999999851e-02
3.811715399999999945e-03
7.289702000000000681e-02
-5.467589000000000130e-03
1.006207699999999913e-02
-1.149350499999999935e-02
2.422788400000000161e-02
5.705487000000000405e-03
2.469631099999999857e-02
-3.308023999999999687e-02
-5.657151700000000172e-02
-2.881836299999999962e-02
2.183621399999999962e-02
-1.752553000000000097e-02
1.579171999999999867e-02
7.767867999999999995e-02
1.869838999999999876e-02
-3.789512800000000015e-02
9.568257000000000368e-04
1.710505799999999937e-02
4.664366999999999819e-02
2.134609599999999843e-02
5.240036499999999736e-02
2.630305499999999880e-02
8.607718000000000313e-03
-2.268465999999999885e-02
-2.310153100000000154e-02
5.328457799999999911e-02
4.336455000000000171e-02
2.386792000000000080e-02
2.784267299999999834e-02
4.694247000000000003e-02
1.513302899999999923e-02
-4.306759999999999755e-02
-2.303760900000000056e-02
1.694259399999999832e-02
4.539035300000000134e-02
3.838894500000000071e-02
1.850798000000000026e-02
-4.506471000000000088e-02
-4.450795999999999919e-02
-1.455834500000000031e-02
8.522362000000000340e-03
-7.357863200000000145e-03
-5.137110999999999761e-03
-2.264568399999999926e-02
5.953799699999999659e-04
3.935098000000000068e-02
-2.554760699999999995e-02
2.172028999999999974e-02
-8.473709000000000102e-02
6.703710600000000082e-03
-2.366373100000000035e-02
-2.116438199999999895e-02
-2.372036699999999915e-02
5.488601700000000222e-02
4.287968599999999846e-04
2.533010399999999912e-02
-1.727485000000000132e-02
1.863112299999999943e-02
-2.443439300000000043e-03
1.603616799999999995e-02
-6.187409499999999701e-02
-1.433157699999999986e-02
3.173837399999999802e-03
-3.397670400000000340e-02
5.397202000000000249e-02
1.909550499999999873e-02
3.484546799999999750e-02
-3.396271000000000012e-02
7.548862000000000627e-02
-2.165210199999999946e-02
-7.288685000000000302e-02
5.058587300000000342e-02
9.028750000000000317e-04
-3.188905999999999685e-02
-3.225921999999999817e-02
6.077031999999999573e-03
-4.264710000000000029e-02
-2.732295399999999999e-02
3.449206999999999967e-02
1.347953799999999924e-02
2.577235400000000079e-02
3.542693300000000073e-02
5.170664499999999900e-04
1.980030199999999879e-02
3.547387199999999657e-02
5.324049000000000142e-02
-1.427567400000000035e-02
-7.252308000000000365e-02
-6.636949300000000163e-03
5.403848000000000158e-03
-6.012355399999999963e-04
-4.131358000000000252e-02
7.702564000000000285e-03
1.943316499999999877e-02
-1.397272299999999939e-02
4.230189699999999803e-02
-3.064137000000000111e-02
6.858957999999999722e-02
2.667179999999999898e-02
-2.212106000000000142e-02
-2.439040300000000147e-02
2.995579300000000139e-02
2.942271700000000101e-02
3.037940199999999893e-03
2.716477999999999948e-02
-1.422850899999999899e-03
-9.703160000000000604e-03
2.015858000000000146e-03
-8.245351999999999196e-03
1.874464600000000022e-02
9.752653000000000016e-03
-1.199004499999999952e-02
2.065080000000000041e-02
6.925314000000000123e-03
3.444488700000000042e-02
-4.555237699999999806e-02
-4.211847500000000244e-02
3.310568600000000222e-02
-9.373493000000000103e-03
8.156725000000000086e-03
-6.753018000000000388e-03
1.393978700000000036e-02
-6.599726999999999677e-02
1.626511200000000041e-03
-7.664004000000000302e-03
4.795741700000000218e-02
-4.243533600000000058e-03
-5.582357300000000133e-03
-1.292321599999999952e-02
4.112474599999999675e-02
4.506999999999999895e-02
8.982393999999999448e-03
2.553514399999999920e-02
-1.446212550000000076e-02
8.071200000000000596e-02
1.381379800000000040e-02
-3.754375000000000073e-02
-2.167648999999999965e-02
1.746256800000000123e-02
-2.570292500000000147e-02
-3.453094999999999776e-02
-7.144936400000000305e-03
-5.580399999999999944e-02
2.518801799999999952e-02
-1.839569200000000168e-02
8.093830500000000162e-04
3.388346400000000203e-02
-3.059331100000000150e-02
-2.555264299999999988e-02
2.465469400000000130e-02
-5.113459000000000060e-02
-1.289265300000000045e-02
1.955022500000000094e-02
9.898603000000000610e-04
-5.462670000000000199e-03
-2.300278500000000129e-02
2.914085599999999970e-02
-1.852020399999999845e-02
6.322766000000000497e-02
-3.008370100000000089e-02
-4.386761399999999922e-02
7.191425999999999374e-02
5.763987500000000014e-02
2.516660100000000025e-02
-7.411373999999999740e-02
-2.419447900000000137e-02
-4.991141699999999959e-02
-3.486588399999999803e-03
-8.335096399999999961e-02
-2.509529300000000115e-02
1.368073099999999979e-02
1.420615000000000072e-02
7.119969999999999771e-03
-5.437170699999999829e-02
1.316082499999999926e-02
1.704740000000000075e-02
-5.587296600000000307e-02
-3.183670699999999881e-02
-8.850550999999999904e-03
-4.129867500000000344e-03
-9.132443000000000505e-03
4.903434299999999586e-03
-5.905272999999999946e-03
-1.729715399999999861e-02
1.430433300000000067e-02
2.989140300000000042e-02
-1.570258500000000154e-02
-1.605888299999999949e-02
2.178849500000000147e-02
-6.736994700000000294e-03
3.282920500000000106e-03
1.065251600000000076e-02
-2.440097199999999994e-02
7.305375499999999800e-02
2.804684299999999839e-02
3.435918300000000147e-02
4.456141000000000268e-02
4.655456000000000177e-02
6.764153000000000526e-02
-1.340017599999999975e-02
1.086595500000000006e-02
1.315774400000000073e-02
5.383416600000000274e-02
3.302918400000000310e-02
-1.219551450000000078e-02
6.230357699999999888e-02
6.049392399999999753e-02
2.919137999999999941e-02
2.811160000000000048e-03
9.740992999999999874e-03
-1.886727100000000143e-02
5.543863999999999737e-02
-6.891012000000000526e-02
-1.164332899999999914e-02
2.916609599999999899e-03
1.501144899999999865e-04
-4.227693999999999723e-03
-3.495336999999999750e-02
1.018977700000000056e-02
-6.887270600000000229e-03
-7.447929600000000039e-03
-2.580887299999999954e-02
4.911327000000000054e-02
-4.486860000000000154e-02
3.106281500000000056e-02
-1.718416399999999830e-02
-4.304998000000000158e-02
-3.459605200000000214e-02
-2.699570999999999915e-02
4.364608999999999850e-02
5.729281000000000131e-03
2.004581899999999944e-02
4.221062700000000056e-02
-2.053605999999999834e-02
4.965325999999999768e-02
-2.986363699999999843e-02
3.041475800000000007e-02
-3.697936000000000278e-02
-4.884771999999999725e-02
-2.831832700000000078e-02
2.255887499999999907e-02
3.192592799999999925e-02
-2.392201700000000028e-02
-2.446350599999999945e-02
1.107805199999999969e-03
2.177965499999999846e-02
3.005303399999999930e-02
-3.690722600000000131e-02
1.225234849999999945e-02
-2.943252999999999842e-02
3.959514000000000089e-02
2.906208899999999928e-02
-1.984744499999999828e-02
-1.111860500000000015e-02
2.579741400000000115e-02
-7.779753000000000362e-02
6.950272000000000394e-02
-2.007351400000000063e-02
-2.864795399999999978e-02
3.240124999999999950e-02
3.869261599999999912e-02
1.460494099999999976e-02
2.290133399999999889e-02
-4.811456399999999856e-02
6.808163000000000409e-02
3.783529999999999793e-03
-3.593123299999999992e-02
-6.704991000000000423e-02
-3.506785300000000299e-02
-9.235553000000000512e-02
-3.774591000000000057e-02
4.908861999999999948e-02
-1.199774200000000091e-03
4.259223000000000176e-02
-3.212390500000000121e-02
-2.336863000000000135e-02
-6.221443799999999691e-02
-1.521553800000000067e-02
-5.659320000000000322e-02
-4.142788000000000026e-02
2.135265999999999900e-02
1.067553899999999951e-02
-9.600518000000000593e-03
2.872381400000000029e-02
2.763183299999999887e-03
8.199147000000000379e-03
-4.528504199999999758e-02
8.755683999999999689e-03
4.693441000000000279e-02
1.458482699999999986e-02
4.673823700000000192e-02
-3.232588599999999812e-02
2.779506100000000198e-03
-1.226592699999999939e-02
7.843986999999999488e-02
-3.429636400000000279e-02
-5.535143000000000008e-02
-5.301224000000000214e-02
-2.518944999999999865e-02
1.595181999999999893e-03
3.104322600000000015e-02
1.508353399999999914e-02
9.462086999999999234e-03
4.095854599999999845e-02
7.559045000000000347e-02
8.699052999999999994e-03
-1.653714499999999962e-02
-1.494630199999999985e-02
-2.234392799999999901e-02
-5.718548200000000276e-02
-2.235900800000000140e-03
3.432008300000000123e-02
-8.014013000000000386e-03
6.025864000000000220e-02
-4.137420299999999829e-02
6.175863600000000390e-03
-1.164352150000000016e-02
1.957098200000000066e-02
2.850013200000000094e-02
-1.595948499999999895e-02
-8.526304000000000174e-03
-2.023890999999999885e-02
3.161279000000000172e-02
-4.487495000000000199e-03
5.653537299999999814e-03
7.073552000000000312e-03
-1.256477800000000040e-02
-1.339170699999999922e-02
-6.663813400000000164e-02
6.137962999999999752e-03
-1.273674699999999965e-02
-1.482695999999999873e-04
2.272576700000000088e-02
-1.944678799999999957e-02
-1.321704899999999981e-02
2.189828300000000103e-02
2.987393400000000216e-03
4.199625600000000264e-02
1.728441799999999931e-02
3.613669700000000148e-03
-3.139973000000000070e-02
1.129442200000000014e-02
-1.579686599999999969e-02
1.766817799999999966e-02
1.323953549999999993e-02
-3.543939399999999906e-02
-3.753308999999999812e-02
-2.739825300000000088e-02
7.644528000000000434e-02
-2.556023600000000007e-02
8.690562000000000634e-03
3.034973100000000132e-02
-4.195255400000000301e-02
-5.442853599999999958e-02
2.430582599999999913e-02
5.331779300000000221e-02
-1.413811899999999934e-03
7.713609999999999911e-02
-5.114635000000000015e-02
2.829855699999999849e-02
-7.331725699999999679e-03
2.225186699999999896e-03
-2.674228700000000000e-02
-3.186034000000000088e-02
-4.892478499999999841e-02
-5.045799499999999854e-02
3.095661300000000088e-02
-2.762547900000000139e-02
6.888658999999999755e-02
3.665076200000000339e-02
2.146612700000000151e-02
3.287541000000000074e-02
-4.649161000000000266e-02
1.676933800000000169e-02
2.458733299999999941e-02
3.571195499999999835e-03
6.834525600000000353e-03
2.414178299999999999e-02
5.949348000000000136e-02
1.604958399999999868e-02
7.339297999999999655e-02
-5.327332399999999690e-02
8.381135000000000668e-02
-9.205170999999999840e-03
3.603445999999999733e-02
6.084567300000000289e-02
1.554886699999999920e-02
-7.672245999999999753e-03
-4.134230299999999692e-02
-2.908040800000000030e-03
-5.932977799999999968e-02
2.168938499999999853e-02
3.563555999999999668e-02
2.606099300000000105e-02
-3.545390000000000347e-02
-1.179972200000000034e-02
-2.130669199999999860e-02
-2.216553300000000115e-02
3.752523299999999812e-02
-1.968438200000000027e-02
-2.237198300000000153e-02
5.492168000000000050e-02
3.878192999999999918e-02
-6.252370999999999623e-02
-1.706040500000000071e-02
-1.947676200000000163e-02
-9.924729000000000190e-03
-2.399091999999999805e-03
-4.451913999999999871e-02
-3.665652999999999967e-02
-4.347656000000000090e-03
-2.825083800000000034e-02
-9.459831000000000489e-02
5.818909500000000318e-03
-9.457349999999999784e-03
1.051913200000000092e-03
1.654167000000000137e-02
-5.251533599999999623e-04
-5.133646000000000389e-03
-4.833890500000000146e-02
2.426102600000000151e-02
-1.354509999999999915e-02
-2.425424400000000119e-02
9.737579999999999847e-02
2.302255699999999905e-02
-3.582843799999999718e-02
-4.436589400000000294e-02
-2.838294999999999794e-03
7.243606399999999446e-02
-5.195157000000000247e-02
