7.026628999999999514e-02
3.001885099999999917e-02
-6.096234500000000112e-02
1.843649500000000066e-02
-1.312586799999999974e-03
6.705975999999999604e-02
1.531662899999999914e-03
4.596594300000000216e-02
-1.349511699999999918e-02
-2.282724900000000084e-02
5.957216399999999690e-02
6.561039999999999928e-02
2.284952599999999848e-02
3.247389600000000209e-02
1.451787600000000074e-02
-7.969478000000000326e-03
5.838101400000000191e-02
4.152147500000000213e-02
-1.079318800000000043e-02
-1.312793899999999993e-02
-3.671746699999999669e-02
2.602187699999999881e-02
9.047345400000000393e-04
9.669683000000000098e-03
-5.484901999999999833e-03
-3.192435600000000095e-02
4.314667999999999802e-03
-5.006909699999999991e-02
3.370341000000000309e-02
-9.491528600000000149e-02
5.524885999999999686e-02
7.747273999999999827e-02
3.873313999999999924e-02
-2.814425499999999997e-02
6.088591399999999931e-02
2.157482000000000150e-02
-1.412685900000000029e-02
-1.676814399999999872e-02
2.244621999999999937e-02
-6.893080000000000040e-02
-4.150154999999999816e-02
-4.399137599999999870e-02
1.318914399999999987e-02
3.519680399999999994e-03
-3.286283499999999996e-02
-5.146491499999999997e-02
-5.585319999999999868e-02
-6.049006000000000001e-03
-1.119976900000000004e-02
3.513227800000000289e-02
1.347750699999999968e-02
2.934227699999999994e-02
-1.985447900000000127e-02
-5.853917400000000285e-03
-1.435632700000000032e-02
-4.962787800000000027e-02
-1.367732900000000022e-02
-3.191373000000000126e-02
3.450742700000000024e-02
-4.658932600000000035e-02
-6.445165000000000095e-03
-3.580026299999999884e-02
-8.944124999999999819e-04
-3.425120999999999721e-02
2.195980800000000080e-02
-6.826392000000000571e-02
3.093873000000000022e-03
-3.959270599999999835e-02
-6.592252999999999308e-02
3.924684199999999706e-02
-1.741305400000000073e-02
1.600580299999999900e-02
-1.764082200000000045e-02
-1.130875299999999951e-02
-2.465262500000000093e-02
4.007098700000000409e-03
-2.888238599999999948e-02
-2.659432999999999936e-02
4.165943700000000055e-02
1.606839300000000026e-02
-1.455208499999999933e-02
-1.782982600000000001e-02
2.855219700000000138e-02
-1.235048400000000011e-02
4.412778699999999818e-03
5.788221999999999812e-02
3.083653000000000088e-02
-2.595502499999999962e-02
-6.984895500000000423e-02
-1.200623900000000015e-02
1.140545200000000065e-01
2.812453200000000070e-02
1.382046399999999932e-02
-5.663621700000000432e-03
6.251339000000000201e-02
-2.857868400000000003e-02
-8.677830999999999739e-02
-1.120312200000000008e-01
-6.855059000000000152e-03
2.561836099999999922e-02
2.505162699999999992e-02
-1.125205599999999986e-02
-1.430661299999999928e-02
-1.493598900000000021e-02
3.835546000000000094e-02
5.042223500000000361e-04
-1.061890599999999914e-02
-7.706673999999999469e-02
-5.767635000000000123e-02
4.530800000000000105e-02
6.476737600000000150e-02
2.585398399999999999e-02
1.438340500000000015e-02
-1.143430900000000014e-02
-1.567126400000000072e-02
-8.963535999999999379e-03
-1.453744400000000006e-03
1.619817999999999952e-02
-5.395207600000000159e-02
-1.430834700000000077e-02
3.344045999999999824e-02
5.140555599999999808e-02
-3.225075000000000164e-02
4.436379700000000342e-02
4.606087999999999849e-02
2.684145199999999828e-03
2.447820299999999959e-03
-2.864552299999999913e-02
-4.234703000000000078e-02
-1.382703400000000020e-02
1.599710400000000157e-02
-3.521235699999999968e-02
8.189421000000000547e-03
4.939923799999999809e-02
-1.778481999999999980e-02
-3.352697200000000037e-03
5.811099699999999757e-02
4.603447000000000094e-02
-6.827098999999999668e-03
4.866035999999999972e-02
-3.877983000000000124e-02
8.048810999999999466e-03
-8.329321400000000430e-02
-7.591063599999999661e-03
-3.506340000000000151e-02
-5.885456000000000021e-02
1.948944000000000024e-02
3.650450000000000222e-02
2.314049799999999893e-02
-2.946386499999999881e-02
-5.398244399999999749e-02
3.769245999999999968e-03
4.541083399999999715e-02
-1.537663899999999924e-02
-3.019304399999999874e-02
2.294439599999999885e-02
2.523959799999999851e-02
-5.828255000000000068e-03
3.296690000000000037e-02
-2.235600199999999982e-02
4.245113600000000043e-02
-5.928348399999999740e-02
-9.118858000000000519e-03
5.829001200000000216e-02
-7.820813999999999544e-02
-4.979566500000000284e-02
-3.703103600000000328e-02
-6.158322499999999838e-02
-5.396531999999999892e-03
-8.472676000000000165e-03
-2.609976599999999994e-02
-3.843572399999999750e-02
-4.809800499999999923e-02
-1.024913999999999964e-01
-7.246146000000000184e-03
2.677606399999999873e-02
-1.971052800000000146e-02
-3.450402999999999804e-02
-4.620384999999999770e-02
-3.302450500000000261e-02
7.496184000000000180e-02
-4.154638000000000081e-02
1.437884000000000037e-02
-6.019769999999999982e-02
-5.271206599999999839e-03
-1.470909800000000031e-02
2.755332699999999899e-02
3.670738999999999946e-02
1.491346099999999938e-02
4.612978999999999691e-02
6.670371599999999797e-03
-5.078505999999999992e-02
-9.824793999999999541e-03
2.947951500000000127e-02
1.833225800000000058e-02
7.138938000000000228e-02
7.317866999999999601e-03
9.085404999999999523e-03
3.671077000000000021e-03
-4.166273399999999988e-02
5.821088700000000282e-02
2.654566400000000007e-02
4.282606399999999702e-02
-8.095737000000000419e-03
3.877399299999999792e-03
4.313840000000000036e-02
-3.033807100000000118e-02
-3.586745999999999684e-02
2.668912699999999999e-02
1.668150499999999925e-02
-1.373472100000000008e-02
-4.331812300000000004e-02
2.498957300000000104e-02
-5.478148300000000061e-03
4.180228999999999889e-02
1.838592400000000140e-02
5.031027600000000100e-02
1.913856900000000111e-02
5.970555999999999780e-02
-1.379054400000000007e-02
5.836867500000000181e-02
1.634640199999999989e-03
2.263104399999999947e-02
6.394162000000000456e-02
-9.359325999999999410e-03
1.065629100000000003e-02
-5.133535999999999655e-02
3.737430800000000192e-03
-2.815417499999999917e-03
-5.828308299999999942e-02
-2.679479099999999836e-02
1.978523500000000171e-02
-1.964503299999999925e-02
-1.009823699999999949e-02
-3.713185299999999939e-02
3.910502400000000212e-02
3.663582700000000275e-02
-4.977941000000000310e-02
-3.102496299999999915e-02
-1.389190650000000048e-02
1.279309399999999965e-02
3.328651600000000210e-02
-1.687017000000000030e-02
1.745703300000000027e-03
4.198510999999999910e-02
-6.492488999999999899e-02
5.109209599999999657e-02
9.810759000000000493e-03
-2.642465800000000017e-02
1.564841200000000043e-02
3.106461000000000031e-03
-3.770778000000000324e-02
-6.744543000000000066e-02
2.415809600000000043e-02
-5.004184700000000041e-02
4.352571000000000218e-02
1.680840600000000143e-02
4.547289399999999981e-02
-2.405108200000000054e-03
1.757142999999999899e-02
4.008456299999999667e-02
-1.525072700000000038e-02
3.013875999999999968e-03
-5.220568999999999904e-02
-3.926643400000000284e-02
-4.349832599999999688e-02
-1.104912700000000060e-02
-2.147452000000000041e-02
4.993857400000000120e-03
-5.099364399999999770e-02
5.988248000000000182e-02
-3.758622300000000194e-02
-5.818684400000000145e-02
-1.709359499999999962e-02
-6.474476300000000378e-03
2.790418600000000096e-02
-1.460863100000000039e-02
2.584281199999999973e-02
-5.203001000000000154e-02
-4.678499299999999694e-02
3.670058799999999927e-02
1.476568099999999925e-02
-1.647153100000000106e-02
-1.759117300000000161e-02
-1.031300400000000105e-03
-1.911947399999999915e-03
5.789380000000000220e-03
1.136447200000000046e-02
-9.548097999999999872e-04
-5.308540999999999954e-02
4.201244600000000190e-02
4.393007599999999846e-02
-3.444991599999999710e-02
-7.432762499999999439e-02
1.949288000000000062e-02
1.314564699999999989e-02
6.206256000000000272e-02
4.580378999999999701e-02
-5.338202000000000225e-02
-3.216838000000000336e-02
2.628520300000000004e-02
3.111922400000000088e-02
-7.707535499999999817e-02
3.832009000000000110e-02
-2.720348200000000105e-02
-3.679186000000000088e-03
-3.861081999999999709e-02
2.669321599999999878e-02
-7.225910999999999793e-03
3.971269000000000361e-03
2.078570199999999965e-02
4.815655199999999830e-02
-1.704050400000000146e-02
1.151819600000000094e-03
-3.694351399999999674e-02
-4.137176299999999890e-02
-1.257517599999999902e-01
-2.612278599999999854e-02
3.444397400000000220e-02
5.747184000000000320e-02
4.972588299999999850e-02
5.858448300000000143e-03
-1.540319700000000042e-02
7.807555399999999580e-04
4.387374200000000030e-02
-4.437123400000000419e-03
5.075606499999999605e-03
-9.462397000000000863e-03
2.374214499999999922e-02
3.306713000000000187e-03
8.093421999999999422e-03
-2.061416400000000079e-02
2.273222000000000090e-02
-4.081204499999999818e-02
2.038312700000000088e-02
-1.838100100000000098e-02
-4.592021999999999771e-02
9.532205999999999665e-03
7.760936999999999697e-02
1.671618000000000062e-02
-6.009187000000000035e-04
2.103416599999999997e-02
5.871624500000000024e-02
9.944859000000000337e-03
8.027348999999999596e-03
-2.817361000000000171e-02
-4.609093999999999691e-02
-3.237157000000000229e-02
1.494698600000000065e-02
2.647728300000000076e-02
1.971271999999999955e-02
7.158072999999999519e-02
-1.144910700000000003e-02
-4.227050999999999899e-03
-8.225530999999999468e-03
5.769502399999999753e-02
4.667459999999999665e-02
3.435258000000000062e-02
3.671171000000000156e-02
3.088090599999999963e-02
2.629342000000000137e-02
3.103549400000000028e-02
-8.413762999999999451e-03
5.706090999999999941e-02
3.848796699999999793e-02
1.926947600000000066e-02
2.753404300000000110e-02
3.842702499999999660e-02
8.805505999999999403e-03
-2.502384399999999995e-02
-2.678559299999999990e-02
4.670263000000000192e-02
3.371012000000000314e-02
1.050364200000000053e-02
2.784740000000000132e-02
-5.340456600000000054e-02
-3.114219799999999941e-02
8.874372999999999637e-03
-1.997977500000000170e-02
-1.564896299999999837e-02
-4.231178000000000369e-03
-3.561541000000000012e-02
-2.437794600000000103e-02
2.976421300000000117e-02
-4.136122400000000199e-02
3.868993700000000063e-02
-8.859777500000000361e-02
1.004099999999999958e-02
-2.211381499999999847e-02
-2.559451199999999982e-02
-2.567188800000000035e-02
3.313305200000000311e-02
2.341156299999999982e-02
1.512825299999999949e-02
-2.424246999999999860e-02
5.406023000000000078e-02
2.375092499999999912e-02
-5.170526600000000146e-04
-7.003803000000000285e-03
-7.488453800000000223e-03
2.817193200000000022e-02
-1.727555100000000010e-02
1.197456400000000004e-02
-4.830254199999999692e-02
2.625171100000000049e-02
-3.710083299999999973e-02
8.790064000000000211e-02
-2.247677999999999916e-03
-6.637210000000000332e-02
4.991853000000000262e-02
-3.082551000000000214e-03
-3.858860000000000068e-02
-2.846080299999999980e-02
2.451269299999999859e-02
-2.403389499999999956e-02
-1.473112700000000011e-02
2.509968500000000005e-02
1.167613550000000042e-02
2.991098999999999841e-02
5.798828200000000210e-02
2.170419499999999904e-02
5.161347000000000157e-02
3.329151999999999806e-02
2.933761999999999828e-02
-2.284765000000000060e-02
-6.290845600000000148e-02
-4.137376000000000248e-02
2.758873300000000070e-02
-1.741773399999999982e-03
-4.531502999999999920e-02
3.124940799999999935e-02
-2.760726299999999907e-03
-1.439301999999999943e-02
5.115448699999999849e-02
-2.786767000000000064e-02
3.669179999999999664e-02
4.313209999999999961e-02
-8.359131000000000547e-03
-2.943811600000000028e-02
5.717715599999999981e-02
4.762156299999999870e-02
2.338408100000000100e-02
5.165843700000000149e-02
-1.664666799999999988e-02
-4.697823999999999750e-02
-9.090302499999999494e-03
-9.667861999999999290e-03
5.528884999999999876e-03
-2.019944999999999987e-04
-5.087766999999999984e-03
-8.370367599999999856e-04
-5.932332499999999967e-03
1.356171200000000007e-02
-3.669329000000000340e-02
-6.842942999999999942e-02
4.547454799999999658e-02
1.152659199999999957e-03
2.257819499999999882e-02
-1.099395100000000007e-02
8.797414999999999402e-03
-5.177014299999999764e-02
-1.443474200000000041e-02
2.832424799999999979e-02
1.519826150000000084e-02
-4.965713599999999756e-02
9.194073999999999997e-03
-1.285899799999999996e-02
2.704027000000000167e-02
2.064763400000000151e-02
2.370848100000000000e-02
4.367585000000000217e-02
1.833757199999999990e-02
7.700669999999999737e-02
1.174933199999999948e-02
-3.763590399999999780e-02
-1.592956099999999833e-02
3.076365000000000002e-02
1.821866799999999949e-03
2.406713599999999939e-02
-1.579927999999999888e-02
-1.614593699999999910e-02
9.488079999999999431e-03
-3.314663000000000331e-02
1.506808700000000084e-02
2.677517800000000017e-02
-6.775770300000000072e-03
1.474065150000000018e-02
3.397738000000000147e-02
-1.970980300000000143e-02
1.500830299999999975e-03
1.112693699999999994e-02
1.227273199999999974e-02
-1.019163149999999934e-02
-6.889211999999999593e-03
4.341063600000000244e-02
9.824373000000000827e-03
4.754216199999999892e-02
-2.835595000000000129e-02
-7.698494000000000170e-02
5.759537199999999885e-02
6.154111000000000303e-02
2.879114600000000010e-02
-7.558885999999999383e-02
-3.209776000000000296e-02
-2.113153799999999832e-02
6.037891400000000228e-03
-6.519645500000000038e-02
-2.217997400000000160e-02
4.381803399999999876e-02
6.575857800000000329e-03
-8.761084000000000580e-03
-6.636686999999999448e-02
3.232672799999999902e-02
9.057473000000000347e-04
-3.501373499999999722e-02
-3.882795599999999681e-02
-3.273588399999999982e-02
-4.022625999999999633e-03
-2.001882500000000051e-02
3.025038999999999853e-02
3.892783300000000023e-03
-2.777697100000000099e-02
-5.270737999999999639e-03
2.634522299999999921e-03
1.963714000000000084e-03
8.656098500000000695e-03
4.047135999999999789e-02
-9.740946999999999800e-03
9.997225000000000208e-03
3.212268999999999802e-03
-1.192435499999999933e-02
8.094074599999999398e-02
2.657072200000000148e-02
4.729851300000000036e-02
2.346144199999999902e-02
4.964047700000000229e-02
6.266562999999999994e-02
-1.484682399999999979e-02
5.451953799999999933e-02
1.553836299999999948e-02
4.303718399999999916e-02
4.953057300000000135e-02
1.609575699999999873e-02
3.926179999999999948e-02
7.712068399999999491e-02
5.976628500000000233e-02
-3.534733600000000068e-04
5.922949699999999901e-02
-4.790635399999999822e-02
3.403939999999999744e-02
-6.656697999999999782e-02
-4.132890300000000017e-02
-2.276264299999999907e-02
-7.983675000000000840e-03
1.198028100000000061e-02
-2.964487700000000003e-02
3.979161800000000082e-02
-2.779041399999999939e-02
-3.563474999999999976e-02
1.847854600000000053e-04
4.923182000000000252e-02
-3.760626499999999983e-02
3.637784000000000135e-04
-2.695825899999999831e-02
-3.031124199999999866e-02
7.230201000000000336e-03
-4.905683999999999739e-02
6.500836000000000114e-02
1.739193099999999936e-02
6.711601700000000004e-03
-6.380261400000000055e-03
-4.302746799999999927e-02
3.602289399999999975e-02
-3.878761000000000014e-02
6.133730700000000063e-02
-2.098866400000000063e-02
-5.999895599999999912e-02
1.781199500000000061e-02
2.416771800000000123e-02
3.526413999999999938e-02
-2.191538499999999903e-02
-2.163076200000000129e-02
2.583940100000000142e-02
3.920208699999999657e-02
2.399255999999999785e-03
-9.192901000000000501e-04
7.693220399999999883e-03
-3.668590599999999730e-02
3.434985000000000122e-02
6.361052399999999989e-03
-9.863540000000000502e-03
-1.005651500000000025e-02
1.968545500000000101e-02
-5.182615000000000138e-02
5.267059000000000324e-02
-3.427475700000000292e-02
-4.903238000000000041e-02
2.781308999999999865e-02
4.139772399999999686e-02
2.251846700000000034e-02
3.398020200000000102e-02
-5.994245000000000129e-02
3.284675599999999779e-02
6.967166999999999805e-03
-3.453913299999999964e-02
-4.873074000000000155e-02
-5.615700400000000342e-02
-5.666684699999999936e-02
-2.095110500000000112e-02
9.309460999999999778e-03
1.104586100000000100e-03
4.903074400000000110e-02
-5.813548000000000326e-02
-3.409038500000000083e-02
-6.621464000000000516e-02
-1.294615299999999931e-03
-4.243334800000000268e-02
-2.875903399999999929e-02
2.253914599999999949e-02
2.469397099999999859e-02
6.436970999999999665e-03
1.961240499999999942e-02
2.878588300000000169e-02
-3.839488099999999876e-03
-3.968905999999999823e-02
-6.671630300000000111e-03
4.026467400000000030e-02
1.847831899999999956e-03
8.332179000000000668e-02
-4.828065299999999976e-02
-2.887567499999999995e-02
9.728633999999999893e-03
1.026212900000000039e-01
-3.105745299999999876e-02
-3.955354999999999982e-02
-3.414408000000000026e-02
-5.665367999999999793e-02
2.857844000000000009e-02
5.360173499999999931e-03
8.311502000000000126e-03
1.670759200000000028e-02
5.521867400000000231e-02
7.504679000000000211e-02
3.982588999999999921e-03
-1.380562100000000056e-02
-1.417084400000000015e-02
7.850134999999999405e-03
-5.118195300000000225e-02
1.591874000000000067e-03
2.505339700000000155e-02
-2.144120399999999843e-02
6.676905599999999330e-02
-4.708268499999999912e-02
9.792659000000000433e-03
-3.148173499999999680e-02
-2.119281900000000163e-02
9.974825999999999138e-03
-3.426690799999999870e-02
-9.753891000000000644e-03
-3.051407999999999898e-02
1.597520300000000032e-02
-3.473068800000000261e-02
1.445615700000000073e-02
2.095741400000000060e-02
-3.872465700000000260e-02
-9.842277999999999010e-04
-6.945806000000000202e-02
-1.287106799999999940e-03
-4.880579700000000146e-03
-4.247208999999999707e-02
2.606720699999999849e-02
-3.594734499999999860e-02
2.339836699999999891e-03
2.603445399999999854e-02
-2.314716599999999853e-03
1.881166799999999927e-03
9.369017000000000317e-03
1.790971900000000103e-02
-5.177792500000000242e-02
2.021280800000000138e-03
1.223208800000000034e-02
8.489764999999999812e-03
3.207643300000000142e-02
-5.011938500000000241e-02
4.274130299999999785e-03
-2.329024099999999972e-02
5.814577600000000318e-02
-1.574883800000000111e-02
-1.021312299999999930e-02
1.483025500000000052e-02
-1.522938100000000017e-02
-5.867139999999999855e-02
-2.069150000000000156e-02
4.874690200000000168e-02
2.080395999999999981e-03
8.273476000000000441e-02
-4.741135999999999961e-02
3.683937000000000322e-02
-1.934583100000000083e-02
1.146623100000000034e-02
-2.102438699999999855e-02
-3.187461600000000145e-02
-2.069162600000000116e-02
-3.644912699999999783e-02
-1.374100600000000049e-03
-4.484758999999999968e-02
7.182710000000000483e-02
6.386991999999999670e-02
2.301753299999999974e-02
5.274972299999999836e-02
-7.284520599999999568e-02
1.111161800000000019e-02
2.663111699999999929e-02
1.669858300000000078e-03
1.397596299999999967e-03
1.987947300000000167e-02
4.198066999999999771e-02
4.338357000000000324e-02
4.314373800000000092e-02
9.078253999999999144e-03
2.994155299999999922e-02
8.814403000000000168e-03
4.317065999999999959e-02
7.623328999999999522e-02
1.888047899999999862e-02
2.575342200000000151e-02
-1.419195499999999915e-02
8.969927000000000802e-03
-6.501832600000000129e-02
5.386051700000000012e-03
-8.704902000000000473e-03
1.486901749999999973e-02
-2.899018999999999902e-02
-7.026358499999999646e-03
-1.188141849999999923e-02
6.221965399999999577e-03
2.485607199999999989e-02
-1.580577700000000002e-02
-3.583705999999999697e-02
2.194847200000000012e-02
3.243598300000000156e-02
-3.414732599999999868e-02
-9.507339999999999541e-03
-1.200506399999999932e-02
-9.523606999999999906e-03
3.131820600000000121e-02
-3.099301600000000170e-02
1.645620500000000153e-02
-1.137262999999999989e-02
-1.787792499999999937e-02
-5.101594699999999899e-02
1.183305400000000084e-02
-1.312199599999999992e-03
1.826026999999999859e-02
1.794814700000000110e-02
1.501476300000000041e-02
-4.384535999999999989e-02
-2.487233999999999973e-02
1.371123100000000081e-02
-1.221490599999999933e-02
-1.855870699999999937e-03
1.081111299999999997e-01
1.638960500000000153e-02
-1.033453299999999991e-02
-4.876860000000000223e-02
3.228467699999999774e-02
4.184630000000000294e-02
-4.031272000000000327e-02
