7.201135000000000175e-02
3.125036500000000217e-02
-7.529914399999999841e-02
1.633438399999999997e-03
5.023656999999999949e-03
6.369289999999999674e-02
1.918810799999999886e-02
4.905185499999999837e-02
2.379275700000000118e-02
-9.740072000000000660e-03
4.501129000000000241e-02
7.217555500000000235e-02
5.213972000000000051e-02
-1.455867499999999965e-04
9.169774999999999801e-03
-3.911049300000000312e-02
2.578817499999999999e-02
1.261713599999999928e-02
-5.600720599999999688e-02
1.834705500000000013e-03
-2.721871400000000149e-02
2.459413400000000013e-02
6.931086000000000191e-02
2.879918700000000040e-02
2.970291499999999987e-02
-4.723528999999999922e-02
-2.419994599999999996e-02
-3.028130700000000036e-02
3.564014000000000071e-02
-7.556777400000000422e-02
2.951205999999999968e-02
-2.617393899999999850e-03
2.967358399999999938e-02
-2.219707500000000014e-02
6.490163499999999919e-02
9.044463000000000849e-03
-9.511851999999999677e-04
-9.240751000000000173e-03
-2.776361800000000032e-03
-6.438216600000000456e-02
-2.442559000000000050e-02
-2.248969899999999841e-02
2.416406600000000141e-02
2.840154599999999974e-02
-1.973427800000000093e-02
-3.618234800000000306e-02
1.515626300000000055e-03
1.139700199999999983e-02
-1.376421750000000020e-02
5.425441999999999765e-02
9.609378999999999491e-03
6.225395200000000129e-02
-9.589357999999999216e-03
-2.529846700000000156e-02
-1.607741999999999852e-02
-1.200985400000000036e-02
5.645659299999999589e-03
1.752239099999999827e-02
9.601706000000000130e-02
-1.604517399999999885e-02
-2.203949000000000186e-03
-4.773246999999999907e-02
-3.840132000000000007e-03
-3.112872499999999945e-02
2.543489599999999851e-02
-7.971920999999999868e-02
2.486283099999999843e-02
-4.440640299999999707e-02
-8.221391999999999589e-02
4.662900999999999851e-02
1.972308600000000078e-02
1.497251800000000063e-02
-3.557740999999999681e-02
8.460403999999999494e-03
3.569970699999999719e-02
3.779502199999999756e-02
-3.956706000000000112e-02
-8.523605999999999544e-03
1.810951699999999859e-02
-1.102738099999999929e-02
-6.592589599999999772e-02
-1.335885499999999934e-02
2.849686099999999833e-02
3.376446300000000150e-02
-5.305111999999999849e-03
5.698199999999999793e-02
3.406337999999999727e-02
-3.544942000000000232e-02
-3.132099700000000320e-02
-2.207592400000000111e-03
1.382390400000000075e-01
2.977337099999999986e-02
7.248076600000000203e-03
8.943806999999999799e-03
8.077114999999999989e-02
1.020446940000000060e-04
-7.149356599999999451e-02
-1.007323039999999947e-01
-5.243684000000000192e-03
1.565103600000000011e-02
-7.323169000000000033e-03
1.525862299999999894e-03
-6.100421799999999894e-02
2.606952699999999859e-02
-9.853781999999999298e-04
-9.466050000000000159e-03
1.814441199999999865e-02
-7.670811600000000674e-02
-7.359712599999999882e-02
1.201459600000000065e-02
4.732027300000000297e-02
3.891093000000000329e-02
1.972096200000000160e-02
-2.540422599999999850e-02
-1.248491999999999918e-03
3.857122000000000328e-02
-4.686328000000000021e-02
2.622193999999999914e-02
-6.724166999999999644e-03
-3.849583199999999806e-03
3.657986199999999771e-02
6.375777000000000527e-02
-4.431184800000000090e-02
1.049386400000000032e-02
5.290678499999999784e-02
-3.926378500000000243e-02
-1.014543499999999952e-02
-2.004353000000000037e-02
-2.179224199999999986e-02
-3.487442199999999954e-03
9.343801000000000537e-03
-4.806072599999999806e-02
3.558147999999999866e-02
5.002685999999999938e-02
1.224828700000000006e-02
-4.503501000000000032e-03
5.595441500000000040e-02
5.912318999999999908e-02
-6.224062800000000097e-03
1.306952899999999987e-02
-2.930662200000000092e-02
-6.862052000000000429e-02
-1.064419900000000002e-01
2.090137599999999929e-02
-3.206492200000000264e-02
-1.696558100000000041e-02
7.634860999999999731e-03
1.011042699999999996e-02
-4.013156500000000099e-02
-4.097439999999999936e-03
-3.899378299999999714e-02
1.792767600000000003e-02
2.034112299999999915e-02
-5.362510000000000193e-02
-1.793783700000000161e-02
1.944458900000000171e-02
-2.832603800000000130e-02
-2.759012599999999954e-02
3.501161600000000235e-02
1.116642699999999960e-03
-2.121592900000000143e-02
-4.648166499999999840e-02
-2.252172499999999938e-02
7.307704499999999326e-02
-7.697553999999999508e-02
-1.637075799999999914e-02
-2.390102100000000146e-02
-8.251775000000000082e-02
3.517461200000000007e-03
-1.791095200000000082e-02
-2.935139299999999993e-02
-7.963465999999999601e-02
-9.353422999999999599e-02
-8.708551999999999960e-02
-9.947640000000000648e-03
4.826767400000000173e-03
-1.917782199999999943e-04
-2.096258800000000075e-02
-2.958865800000000032e-02
1.899374599999999885e-02
6.918206000000000355e-02
-5.771790999999999727e-02
2.183431999999999908e-03
-2.434219400000000103e-02
2.918429999999999983e-02
-3.375592399999999878e-03
3.766020800000000057e-02
5.331533399999999895e-02
2.675978999999999858e-02
3.070947200000000155e-02
7.526096299999999800e-04
-3.283446999999999755e-02
-1.118762300000000071e-02
2.491625600000000121e-02
2.116398300000000079e-02
5.449916800000000061e-02
-7.450453499999999847e-03
-1.722734799999999997e-02
3.395874799999999694e-02
-5.573734600000000011e-02
3.062374099999999946e-02
6.054707000000000144e-02
2.162680200000000053e-02
-2.809526799999999963e-02
2.761245999999999839e-02
3.982929999999999804e-02
-1.987926300000000118e-02
-2.916376099999999985e-02
3.505479299999999816e-03
3.528677699999999834e-02
-2.927594999999999850e-02
-6.178026999999999824e-02
-6.658799499999999705e-03
-5.824999000000000149e-02
3.936578999999999773e-02
2.840586200000000047e-02
3.641707500000000014e-02
5.659674800000000228e-03
3.945354000000000222e-02
-3.965116700000000105e-02
6.573687000000000280e-02
4.355182500000000234e-02
-9.037135999999999867e-04
6.251714999999999356e-02
-1.162317300000000053e-02
5.357144399999999584e-03
-2.184596100000000055e-02
2.150772299999999942e-02
6.716587000000000425e-03
-7.199163999999999564e-02
-7.652867999999999520e-04
4.031206300000000214e-02
1.116002399999999929e-02
-2.347743500000000136e-02
2.830471999999999849e-02
5.052050200000000185e-02
-9.466085000000000818e-03
-2.338864100000000168e-02
-8.393213999999999536e-03
-2.584295699999999973e-02
7.059272400000000253e-03
1.737900500000000075e-03
3.329612299999999692e-02
4.416392400000000024e-02
3.715935000000000071e-02
-6.662648999999999655e-02
8.650723999999999914e-02
4.953199600000000175e-02
-1.129026599999999976e-03
-8.799159000000000841e-03
-4.872230400000000100e-02
-1.804157699999999961e-02
-2.279229600000000008e-02
2.472989299999999932e-02
-2.016598400000000138e-02
3.895500999999999825e-02
-2.983630300000000152e-02
2.862039400000000039e-02
1.808286799999999847e-02
1.950752000000000042e-02
2.156498100000000043e-02
4.367456300000000131e-03
3.138612000000000346e-02
-1.721973900000000127e-02
-3.153386300000000225e-02
-1.373539300000000025e-02
-6.068361500000000151e-03
-2.280357100000000165e-02
2.596484000000000032e-03
-7.348594999999999433e-02
7.025777499999999454e-02
-3.461539000000000282e-02
-3.494926000000000282e-02
-8.031152999999999643e-04
-2.244820299999999991e-02
2.877666599999999936e-02
-9.594491999999999604e-03
6.856102000000000203e-03
-2.355259700000000150e-02
-2.015558599999999964e-02
1.845824199999999971e-02
-3.304703999999999888e-03
4.260647000000000219e-03
-1.947237699999999905e-02
6.817982499999999946e-03
-2.393602200000000124e-02
3.265467700000000001e-02
3.242866999999999972e-02
-1.354702799999999915e-02
-2.916772100000000062e-02
4.539156700000000072e-02
-1.186919699999999973e-02
-3.211960600000000193e-02
-8.076408999999999672e-02
2.701457200000000058e-02
8.804872999999999519e-03
5.865192000000000322e-02
3.441613000000000311e-02
-1.662900299999999984e-02
-3.463760800000000029e-02
3.523162999999999989e-02
1.733693299999999882e-02
-4.102236000000000077e-02
7.405098000000000236e-02
-1.349410399999999982e-02
-2.603514499999999912e-02
-3.811572500000000308e-02
2.325591299999999959e-02
-1.261002800000000056e-02
2.196518000000000082e-02
2.809485800000000033e-02
3.960280499999999787e-02
-2.782815699999999920e-02
-1.825643700000000036e-02
-4.483727400000000335e-02
-1.576155400000000054e-02
-9.401088999999999973e-02
-1.229866299999999961e-02
3.924098200000000064e-02
3.837365999999999694e-02
1.965703400000000031e-02
2.215005500000000096e-03
-6.262276999999999427e-02
-9.264378000000000196e-03
4.067086999999999786e-02
-2.949516300000000132e-02
2.903432800000000161e-02
-3.511839399999999722e-02
3.574545999999999973e-02
3.188968400000000147e-02
5.820015399999999700e-03
-3.823966700000000062e-03
2.481656299999999982e-02
-7.334649599999999714e-02
8.937353999999999785e-03
1.022385999999999955e-02
-1.149668100000000026e-01
8.808283000000000085e-03
7.931056999999999690e-02
-8.446827000000000502e-03
1.572459600000000041e-02
-7.724610600000000014e-03
3.825136999999999982e-02
3.922500500000000029e-02
-2.254942799999999983e-02
-4.442586700000000083e-02
-4.178334799999999793e-02
-4.273462299999999936e-02
3.062614199999999856e-02
4.098707299999999713e-03
9.705178999999999542e-03
4.500762400000000302e-02
-1.007838299999999979e-02
-3.721958400000000000e-02
-6.442943999999999928e-03
5.443027999999999755e-02
3.554295999999999844e-02
3.164133999999999697e-02
3.789000199999999902e-02
2.608850000000000058e-02
3.080868000000000148e-02
-3.953431700000000111e-03
9.587959500000000235e-04
3.627120999999999817e-02
6.794116999999999518e-02
2.253830199999999964e-02
3.781616299999999986e-02
3.586763500000000188e-02
-3.196469999999999867e-02
3.305110100000000026e-03
8.057213000000000569e-03
2.099753700000000015e-02
4.795503000000000265e-02
-5.507604999999999619e-03
4.985268999999999812e-02
-4.286037999999999654e-02
-3.317770700000000073e-02
5.243356999999999705e-03
-1.769129399999999977e-02
-2.875072299999999886e-02
-3.605300599999999855e-02
-1.198351800000000029e-02
-1.648167899999999908e-02
1.033585700000000038e-02
-6.943965000000000554e-02
4.530163999999999719e-02
-3.972711799999999877e-02
3.744097400000000186e-02
-2.360956200000000060e-02
-2.607876599999999975e-02
-2.769589199999999973e-02
5.132903500000000202e-02
2.040115699999999962e-02
1.023514699999999999e-02
-5.403659499999999977e-02
7.543782999999999739e-02
4.104137000000000063e-02
1.495542499999999962e-02
7.604522600000000049e-03
-9.801320000000000518e-03
1.108411599999999976e-02
-5.056898700000000274e-02
1.569458799999999890e-02
-5.364604299999999742e-02
2.114078600000000169e-02
-6.558441600000000128e-03
9.195001999999999343e-02
1.411273899999999915e-02
-7.406945500000000626e-02
6.295987999999999585e-02
-5.261902700000000398e-03
2.428337200000000098e-03
3.244613500000000203e-04
2.084340999999999972e-02
-4.542087999999999681e-02
-9.461423000000000055e-03
7.027178000000000244e-03
1.376809900000000066e-02
3.905039999999999900e-02
4.559171599999999741e-02
5.825789299999999810e-02
4.289477700000000199e-02
1.627509699999999879e-02
-1.694010400000000097e-02
-3.447287000000000268e-02
-2.110815599999999945e-02
-1.850326199999999949e-02
8.843228000000000503e-04
1.970915900000000040e-02
-2.739738300000000085e-02
9.493088999999999694e-03
2.428551600000000005e-02
-1.154485100000000007e-02
4.820809000000000205e-02
-2.877856000000000164e-02
1.134540600000000059e-02
1.078531500000000018e-02
-2.328711699999999954e-02
-2.024424600000000046e-02
7.030564999999999731e-02
4.854254999999999681e-02
1.333524200000000062e-02
4.623037199999999874e-02
-1.252261699999999978e-02
-4.850937999999999951e-03
-2.972643399999999950e-02
-7.550479500000000085e-04
1.118533900000000074e-02
-3.049986299999999859e-02
1.440486000000000023e-02
8.976272000000000417e-03
-1.194412699999999970e-03
-1.909547500000000064e-02
-6.873094000000000425e-02
-7.225373400000000002e-02
3.057350600000000029e-02
-1.088003400000000023e-02
3.646005699999999711e-02
-5.763573599999999991e-02
-7.076431499999999951e-03
-9.605801000000000617e-03
-1.780587600000000173e-02
1.529669300000000010e-02
3.138692700000000196e-02
-4.744393800000000017e-04
3.350540999999999936e-02
-1.312137199999999920e-02
2.542284900000000084e-02
1.132799200000000027e-02
3.225559399999999854e-02
1.303786699999999986e-02
2.001782300000000056e-02
6.167322799999999661e-02
-5.791123999999999925e-03
-4.763498499999999775e-02
1.751246999999999873e-02
6.582605699999999858e-03
-3.690913799999999932e-03
-1.628211700000000090e-03
-1.938650600000000127e-02
-3.032133000000000050e-02
4.897429000000000018e-03
-2.875903999999999960e-02
5.583215999999999873e-02
2.326198299999999997e-02
-1.100166900000000038e-02
-1.078978400000000018e-02
7.514026000000000038e-03
-4.225635500000000239e-02
-8.976311000000000706e-03
1.874155699999999897e-02
1.386193500000000058e-02
-2.391775700000000129e-02
-5.104298200000000237e-03
7.443122600000000137e-03
7.947656000000000859e-03
2.824205200000000013e-02
-3.233713299999999707e-02
-4.232475000000000126e-02
7.349714000000000247e-02
6.482889999999999486e-02
1.304238100000000046e-02
-3.801941500000000085e-02
-1.933570599999999895e-03
-1.287349800000000058e-02
1.050761799999999982e-02
-8.242512500000000186e-02
2.102798000000000167e-02
7.113550000000000428e-02
2.981543500000000124e-02
1.727332200000000068e-02
-5.694098400000000004e-02
5.190274000000000276e-02
-1.567021399999999958e-03
-3.491005300000000339e-02
-4.434133700000000150e-02
1.901794600000000085e-02
-1.171671200000000065e-03
-9.360652000000000555e-03
-8.753076999999999950e-04
1.354236299999999997e-02
-6.273710000000000050e-03
-4.901410000000000142e-03
-2.584619599999999837e-02
-9.509739999999999166e-03
2.026076200000000160e-02
2.581348799999999902e-02
-6.465231000000000103e-03
3.452545399999999709e-02
-3.076555000000000023e-04
-2.898940599999999795e-03
6.834548000000000012e-02
9.696064000000000765e-03
4.304193700000000233e-02
2.545412600000000053e-02
5.468670299999999797e-03
6.220425999999999733e-02
5.892240400000000114e-03
5.753182600000000119e-02
1.307646999999999976e-02
6.342310499999999351e-02
5.057007399999999958e-02
1.306788899999999920e-02
9.742613000000000661e-03
1.658389500000000127e-02
5.723989000000000160e-02
8.897123999999999311e-03
4.597625000000000323e-02
-2.548617699999999875e-02
1.525186400000000039e-02
-3.357175700000000068e-02
-3.395063400000000037e-02
-2.725690999999999878e-02
-3.623872999999999678e-02
2.819720100000000160e-02
-1.837852400000000025e-02
5.831116799999999656e-02
-4.903553000000000078e-02
-2.760157400000000025e-02
-2.102336700000000114e-02
7.455878999999999979e-02
-2.991890200000000069e-02
4.204443999999999890e-03
1.752348199999999995e-02
-2.265779700000000035e-02
-1.795945499999999917e-02
-4.278055199999999947e-02
2.817153600000000049e-02
-2.293535299999999860e-02
2.871745800000000126e-02
-8.829850000000000199e-03
-4.294364200000000235e-03
4.941433700000000262e-02
-3.131686000000000192e-02
6.802232599999999407e-02
-3.257604000000000055e-02
-5.294088599999999950e-02
7.787427399999999680e-03
6.445578999999999892e-02
1.070265200000000000e-02
3.115601000000000134e-02
6.621280700000000026e-03
2.747356499999999840e-02
4.757568200000000108e-02
-1.826908000000000004e-02
-1.230960899999999913e-02
-8.038243999999999945e-03
-3.952449200000000135e-02
-2.757737199999999930e-02
2.772048699999999852e-02
-3.366219599999999840e-02
3.709110999999999658e-02
1.755814600000000017e-02
-3.855306700000000336e-02
2.203642000000000101e-02
-9.709987999999999909e-04
-6.549119999999999941e-02
-2.492215700000000034e-02
7.032648499999999414e-02
-2.243612000000000037e-02
7.990580000000000599e-03
-8.388529000000000124e-02
4.015871000000000024e-02
5.264900999999999782e-03
-1.064147900000000056e-02
-2.634026899999999949e-02
-5.393378800000000334e-02
-5.483427999999999913e-02
-4.158305999999999635e-03
3.035132800000000033e-02
-6.938427700000000288e-03
5.862318400000000179e-02
-3.153899000000000286e-02
-4.544433999999999974e-02
-7.319172000000000178e-02
2.003988300000000139e-02
-7.095114999999999929e-03
-2.505070200000000108e-02
-1.447029700000000002e-02
9.056797000000000111e-03
5.881637000000000323e-03
3.983967800000000337e-02
2.770408200000000140e-02
-5.980052999999999758e-02
-4.276798300000000247e-02
7.350104399999999802e-03
2.892363599999999910e-02
1.829585599999999923e-02
4.337445000000000189e-02
-4.117325299999999993e-02
-2.717217400000000033e-02
3.592486300000000132e-02
6.590170400000000539e-02
-4.007913999999999921e-02
-6.060448300000000066e-02
-3.851929999999999937e-02
-2.343871299999999991e-02
1.025688299999999963e-02
5.900016999999999762e-02
-1.827913700000000086e-02
1.611813999999999955e-02
6.084913799999999706e-02
5.238704400000000067e-02
-1.116913100000000054e-02
2.938130699999999887e-02
-1.458823899999999937e-02
2.585197800000000115e-02
-5.996872999999999787e-02
-6.972532000000000035e-03
4.005120699999999839e-02
-1.246231100000000022e-02
3.529521000000000047e-02
-2.968579299999999851e-02
2.258071999999999857e-02
-3.534570699999999704e-02
9.413454999999999392e-03
2.527424500000000074e-02
7.155183699999999661e-03
9.742954000000000501e-04
2.823890199999999975e-02
3.729236800000000195e-03
-1.846673500000000148e-02
3.616209799999999842e-03
2.924683299999999986e-02
-2.358245800000000059e-02
2.187852699999999831e-02
-4.840884000000000159e-02
1.060909600000000058e-03
-1.193753799999999927e-02
-1.475182549999999940e-02
2.143437000000000120e-02
-2.415230900000000028e-02
-5.810294300000000238e-03
2.860344000000000081e-02
5.394686000000000099e-03
-9.365391499999999557e-04
4.030397499999999883e-02
3.831239799999999751e-02
-4.460991999999999735e-02
-2.261964100000000023e-03
-2.740270200000000014e-03
2.257268499999999858e-02
1.321944899999999944e-02
-5.369630000000000236e-02
-2.465076700000000051e-02
-1.092971300000000062e-02
3.131749500000000075e-02
-1.169255400000000084e-02
1.692893499999999912e-02
2.502761599999999906e-02
-1.212957599999999955e-02
-6.167836000000000152e-02
-3.023887600000000134e-02
5.277817700000000251e-02
5.748635500000000287e-02
8.700643499999999309e-02
-3.022991900000000093e-02
1.072959100000000013e-02
2.766505000000000006e-02
-2.115462199999999880e-03
-4.281859999999999833e-02
4.729873499999999627e-03
-8.853259500000000212e-03
4.019571000000000428e-03
1.781400299999999839e-02
-3.974401999999999796e-02
6.160548300000000255e-02
3.230069199999999890e-02
5.835368799999999904e-03
6.809123000000000259e-02
-5.098644599999999777e-02
3.759263499999999925e-02
2.797503200000000037e-02
7.266573999999999603e-03
5.655749000000000193e-02
4.040030299999999679e-03
4.608044800000000302e-02
3.075416799999999840e-02
5.229191999999999868e-02
1.510729799999999991e-02
1.552923299999999993e-02
-1.816582099999999866e-02
6.299578999999999596e-02
3.152929200000000043e-02
7.839954000000000324e-04
3.584167700000000234e-02
-1.169206400000000028e-02
-2.480387699999999848e-02
-5.201688000000000145e-02
2.713506099999999852e-02
1.032964900000000021e-03
1.801317599999999880e-02
-3.481248399999999771e-02
-4.510379999999999945e-02
-1.746936699999999953e-02
-4.598270399999999924e-02
1.559756699999999968e-02
-5.957032999999999599e-03
1.844705299999999971e-04
7.647212999999999927e-03
3.441999500000000184e-02
-3.185300499999999674e-02
1.068690199999999986e-02
-1.270046700000000001e-02
-2.510922200000000049e-02
1.430426100000000041e-02
-5.861556599999999742e-03
1.298843600000000077e-02
-3.343327699999999736e-02
7.986682499999999893e-03
-8.697314000000000433e-02
5.821444599999999608e-03
-4.125387999999999972e-02
-8.451091000000000852e-03
2.800378400000000031e-02
-1.329122199999999924e-03
-3.774712999999999680e-02
-1.288941300000000061e-02
1.223504100000000032e-02
-4.909906000000000340e-03
8.577879000000000059e-03
7.354288500000000228e-02
-3.897181499999999993e-02
-2.777326100000000048e-02
-5.336453399999999819e-02
2.986991300000000141e-03
3.428492300000000187e-02
-7.092861000000000304e-02
