7.124378500000000392e-02
6.628615999999999675e-02
-4.923836999999999658e-02
-2.109686300000000042e-02
1.303000300000000007e-02
3.745982800000000057e-02
3.405803400000000092e-02
8.254098999999999464e-02
-2.329227000000000034e-02
7.291582399999999714e-03
5.312320000000000236e-02
8.699745000000000394e-02
2.330157999999999882e-02
-2.929425999999999905e-02
1.783758299999999974e-03
-3.195553000000000282e-02
2.985964500000000063e-02
1.050811100000000053e-02
-4.459002199999999999e-02
-4.158694000000000279e-02
-1.483514499999999924e-02
1.756334299999999862e-02
5.649491999999999708e-02
2.960961700000000127e-02
2.970064600000000068e-02
-4.915571600000000207e-02
-2.837799100000000171e-02
-2.782197900000000015e-02
3.490489299999999934e-02
-8.427901599999999827e-02
2.088818699999999903e-02
-5.233043799999999995e-02
2.561046200000000050e-02
8.473476000000000619e-03
4.207595000000000085e-02
-3.036223399999999923e-03
8.585555999999999396e-03
-5.812235600000000002e-03
2.090540200000000001e-02
-5.557808300000000035e-02
-4.723435000000000134e-02
-8.903424000000000060e-03
1.784734199999999868e-02
1.528623599999999992e-02
-1.118343699999999920e-02
-6.746022000000000129e-02
1.225277100000000084e-02
-3.131291400000000159e-03
-1.902910500000000102e-02
2.805735000000000173e-02
3.683182200000000191e-03
6.093784000000000006e-02
-2.997441799999999920e-02
-2.540578900000000154e-02
-1.613892199999999999e-02
-2.812891299999999845e-02
4.758845999999999736e-03
-1.828965499999999841e-02
6.849594999999999989e-02
-5.082488999999999930e-03
2.834063800000000133e-02
-2.705564300000000075e-02
9.619624000000000230e-03
-3.013319899999999940e-02
-1.747204399999999908e-02
-8.582159000000000315e-02
8.713497000000000603e-03
-3.474581000000000197e-02
-6.478638999999999926e-02
3.960302599999999951e-03
-4.456985699999999745e-02
6.707944000000000406e-03
-4.109053700000000336e-02
-7.599948999999999941e-03
2.571383099999999949e-02
5.058473000000000136e-02
-4.412047200000000086e-02
4.620171000000000174e-03
4.807117999999999808e-02
3.039573699999999906e-02
-6.324255500000000585e-02
-2.507767600000000013e-02
3.475573299999999699e-02
5.670984500000000178e-02
-1.354526699999999972e-02
4.815912199999999865e-02
2.075548099999999924e-02
-7.260324999999999418e-02
-1.486988700000000004e-02
1.368455100000000009e-03
1.459894999999999943e-01
2.629235200000000147e-02
6.357058000000000283e-04
2.843784499999999979e-02
6.700617999999999852e-02
-1.389187950000000081e-02
-4.023692400000000030e-02
-1.291934700000000047e-01
3.164027999999999979e-02
9.812262999999999888e-03
-1.089170499999999979e-02
1.831636799999999954e-02
-5.139409400000000128e-02
1.907616000000000173e-02
6.079592699999999787e-03
-2.871931299999999979e-02
1.285560200000000070e-02
-6.418603999999999976e-02
-8.476374999999999882e-02
-2.163170299999999865e-02
6.707167599999999674e-02
1.883861800000000142e-02
3.370733000000000062e-02
-8.545751000000000736e-03
7.302687000000000414e-03
4.586463799999999924e-02
-7.327638000000000207e-02
1.803402800000000056e-02
-3.582806999999999659e-02
-1.747381099999999882e-02
2.592507399999999934e-02
5.064566000000000207e-02
-3.862869399999999814e-02
1.355612999999999957e-02
3.605210999999999832e-02
-8.087356000000000406e-03
-1.517165700000000083e-04
-1.341004950000000001e-02
-3.974526400000000237e-02
1.001385599999999980e-02
-2.728019099999999964e-03
-6.666663999999999923e-02
6.075930999999999693e-02
3.505405999999999800e-02
-6.394296399999999971e-03
1.470647750000000052e-02
6.751659000000000133e-02
6.896712000000000675e-02
1.585505200000000142e-02
1.793401099999999970e-02
-3.951662400000000019e-02
-5.634420999999999874e-02
-9.071228000000000624e-02
4.105675999999999944e-03
-2.252371800000000160e-02
-2.514272199999999929e-02
4.990991999999999868e-04
4.342302299999999809e-02
-3.428409600000000002e-02
-1.952038899999999910e-02
-5.457236599999999715e-02
-2.312024800000000036e-03
2.567213800000000060e-02
-1.641160200000000083e-02
-1.683383800000000027e-02
5.169517500000000293e-02
-5.218713700000000150e-02
1.350476400000000070e-02
9.543899399999999922e-02
2.503639599999999982e-03
-1.673799800000000046e-02
-3.377055699999999966e-02
1.323239599999999913e-03
6.908358000000000554e-02
-7.031553000000000109e-02
-1.229391699999999969e-02
-3.012270300000000067e-02
-4.602367000000000263e-02
1.550973400000000071e-02
-1.632502099999999859e-02
-4.003407800000000072e-02
-6.938837500000000214e-02
-8.827107400000000492e-02
-6.841332499999999706e-02
2.353802899999999851e-02
2.169344399999999923e-02
6.033947999999999916e-03
-3.059484800000000088e-02
-4.726743999999999737e-03
4.828197499999999781e-02
4.818937000000000220e-02
-4.272075399999999967e-02
7.721445000000000392e-03
-7.318930999999999354e-02
-2.129929100000000058e-03
-1.312673899999999968e-03
2.302575899999999883e-04
3.638036000000000048e-02
2.937464399999999837e-02
1.973187599999999889e-02
-3.559372000000000230e-02
2.140956999999999930e-02
-2.201171999999999938e-03
-2.017003699999999830e-02
1.198141100000000084e-02
6.329723399999999389e-02
8.422416999999999751e-03
1.112676099999999977e-03
2.039310899999999954e-02
-2.174202000000000079e-02
4.329272399999999771e-02
2.990336199999999930e-02
2.195667999999999925e-02
-8.480959999999999194e-03
1.965374199999999835e-03
6.380619500000000305e-03
-1.325756300000000085e-03
-2.188079999999999886e-02
-4.674008999999999803e-03
1.550189400000000044e-02
-2.052845400000000153e-02
-7.156224999999999392e-02
1.477971800000000072e-02
-2.071802099999999966e-02
2.893839999999999954e-02
1.960993399999999900e-02
3.255718999999999974e-02
-9.666819999999999580e-03
5.271747300000000080e-02
-1.332208499999999914e-02
3.277813000000000254e-02
3.275900300000000182e-02
-9.339130500000000779e-03
6.364406000000000230e-02
1.039836599999999917e-02
1.022687499999999985e-02
-6.185886000000000162e-02
1.841472800000000173e-02
7.366438399999999595e-03
-9.079464499999999327e-02
9.644994999999999957e-03
3.857833499999999832e-02
5.184890999999999806e-02
-5.191467000000000304e-02
-1.430561699999999964e-02
4.964150999999999980e-02
6.686394600000000223e-03
-3.734414700000000115e-02
-1.960317799999999888e-02
-4.158544499999999866e-02
2.725453900000000124e-02
-2.790165999999999827e-02
3.791925299999999999e-02
4.517058300000000026e-02
1.054664899999999995e-02
-1.698055000000000050e-02
8.425678999999999808e-02
3.245936700000000286e-02
2.051340600000000139e-02
3.415307399999999854e-02
-2.589375500000000094e-02
-8.994889000000000703e-03
-1.793554199999999876e-02
6.126221600000000128e-02
-4.370348500000000025e-02
1.926956700000000133e-02
2.089350700000000040e-03
2.201917600000000141e-02
6.802274399999999784e-03
3.274076800000000342e-02
1.820530600000000096e-02
4.457505399999999764e-03
1.628185199999999944e-02
-1.226321000000000008e-02
-6.286079999999999446e-02
-4.017403700000000272e-02
-5.251209300000000274e-03
-2.894615799999999961e-02
8.968738000000000404e-03
-5.112550999999999901e-02
4.583956000000000142e-02
-3.453648499999999871e-02
-1.211175400000000062e-02
-1.670160999999999868e-02
-3.853068500000000202e-02
4.868389699999999681e-02
-2.092037700000000042e-02
1.296151299999999916e-02
9.912248000000000239e-03
-3.092947600000000088e-02
1.176966599999999981e-02
-1.716051600000000066e-02
-1.555529100000000060e-02
-8.106519499999999268e-03
-6.728739000000000074e-03
-1.441589000000000065e-03
5.217918999999999682e-03
2.694229399999999858e-02
-2.058874299999999963e-02
-6.743710499999999719e-02
4.327145200000000191e-02
-1.981973000000000068e-02
-2.543967000000000103e-02
-6.308761999999999703e-02
2.463613799999999840e-02
-1.263771200000000060e-02
4.135052499999999909e-02
1.933866000000000057e-02
2.077792399999999970e-02
-3.034936599999999915e-02
3.618774999999999770e-02
2.750689699999999890e-02
-3.684172799999999720e-02
4.657242400000000115e-02
-3.325671699999999814e-02
-2.262546899999999875e-02
-6.338290000000000590e-02
1.361153799999999942e-02
-4.912983299999999776e-02
-3.261592499999999960e-03
3.934273499999999674e-02
4.092177000000000314e-02
-4.957702800000000215e-02
-1.366021600000000020e-03
-4.398165999999999881e-02
-1.418313200000000107e-03
-1.190920250000000041e-01
1.108187700000000039e-02
-5.398206000000000011e-03
3.350983200000000328e-02
1.790869999999999962e-02
-3.106208000000000059e-03
-4.595584800000000053e-02
-8.337634000000000017e-03
1.850260199999999994e-02
-5.625772999999999711e-03
5.134793700000000322e-02
-2.567102599999999957e-02
2.025736699999999835e-02
2.158500299999999844e-02
3.892916999999999905e-02
1.459774299999999983e-02
2.419448999999999905e-02
-4.894680500000000295e-02
-5.823200599999999935e-03
-1.676083700000000065e-02
-8.443008000000000457e-02
-2.021101999999999968e-02
5.043662000000000145e-02
-4.523631000000000180e-03
4.223839500000000236e-04
-2.252554999999999835e-02
5.548913999999999930e-02
4.620089000000000140e-02
-2.036275499999999974e-02
-3.559202999999999673e-02
-6.254068000000000127e-02
-4.813249800000000272e-02
5.468968700000000072e-02
1.729698099999999947e-02
2.104659999999999864e-02
6.363283999999999607e-02
5.678314999999999751e-03
-3.970569000000000182e-02
-1.008692800000000021e-02
5.413195500000000243e-02
1.603546000000000138e-02
1.895336400000000032e-02
3.407090000000000118e-02
4.934808999999999723e-02
3.624412999999999940e-02
1.917889500000000136e-02
-2.051547700000000071e-02
3.866293299999999655e-02
4.985351999999999839e-02
1.996984499999999996e-02
2.488159200000000099e-02
4.066701999999999817e-02
-4.211347000000000007e-02
-2.661225799999999975e-02
-7.585663999999999775e-03
1.839679099999999914e-02
4.241458699999999665e-02
1.952521499999999854e-02
3.437183399999999694e-02
-1.904776899999999912e-02
-3.525711200000000017e-02
1.271502199999999944e-02
6.192035000000000247e-03
-1.234923700000000076e-02
-3.957922999999999997e-02
-1.952013199999999907e-02
-3.833892199999999750e-02
2.569888999999999854e-02
-6.548310000000000242e-02
5.610998999999999848e-02
-4.373881000000000296e-02
7.416803999999999931e-03
-2.832619700000000088e-02
-2.769193400000000138e-02
-1.428432399999999929e-02
4.873956699999999753e-02
3.307166000000000272e-02
1.773402699999999943e-02
-6.057412999999999687e-02
7.796938999999999953e-02
3.189220000000000249e-02
2.055954700000000093e-02
6.967573999999999816e-03
4.239554500000000149e-03
5.253088999999999675e-02
-4.438752700000000301e-02
1.880274700000000160e-02
-3.968060000000000337e-02
3.840511700000000250e-02
-2.769196200000000052e-02
8.032074000000000158e-02
7.155728499999999825e-03
-4.196591300000000052e-02
4.483359700000000281e-02
-2.339327500000000157e-02
6.695638000000000284e-03
6.375686299999999869e-03
1.905020099999999925e-02
-4.288760600000000173e-02
-3.079126800000000011e-02
4.337515000000000120e-03
5.701233600000000200e-03
1.542051699999999990e-02
5.273667399999999728e-02
3.270955400000000179e-02
2.237979000000000010e-02
-1.485518300000000010e-03
1.755597800000000073e-03
1.233870700000000084e-02
-3.804055199999999831e-02
-3.838203999999999921e-02
3.776718700000000067e-02
9.759145000000000320e-03
2.902112399999999797e-03
1.953968999999999845e-02
2.553364300000000170e-02
-2.139523999999999940e-02
4.078959000000000057e-02
-1.476716900000000013e-02
-1.362071100000000062e-02
2.420739599999999908e-02
-3.781695399999999985e-03
-2.045589699999999806e-03
8.383813499999999419e-02
4.700512800000000019e-02
1.593816500000000067e-02
5.026242000000000210e-02
-1.658530899999999947e-02
6.334732000000000036e-03
-9.254286999999999930e-03
2.495763599999999832e-02
1.911587799999999934e-02
-3.091073000000000084e-02
-3.070209700000000111e-02
8.837174999999999198e-03
-2.538776700000000205e-03
-3.868501299999999726e-02
-7.725571000000000521e-02
-4.981031999999999821e-02
-3.976594999999999761e-04
-3.830206800000000161e-02
6.353570000000000051e-02
-5.670191699999999752e-02
-2.124725100000000172e-02
-4.413663999999999782e-02
-3.035799599999999820e-03
3.065218600000000140e-02
1.582205500000000153e-02
-5.313149000000000517e-04
-1.144756100000000019e-02
-2.932916400000000132e-02
2.085996799999999957e-02
-4.045916999999999569e-03
1.167508700000000066e-02
8.180210999999999733e-03
4.313817600000000030e-02
5.437180400000000274e-02
-2.242907300000000076e-02
-3.275904599999999826e-03
-2.879937600000000153e-03
1.754646699999999962e-02
-1.164015699999999993e-02
2.273432000000000144e-03
-3.750054500000000318e-02
-2.980919699999999908e-02
-1.508243499999999994e-02
-1.921040400000000037e-02
3.327588399999999863e-02
5.546098000000000000e-02
-2.643388099999999935e-02
9.747204000000000632e-03
-4.790281399999999669e-03
-2.803538400000000000e-02
-1.537753600000000068e-02
2.063434199999999996e-02
4.504320699999999830e-03
-4.404889000000000027e-02
-1.999365700000000148e-02
3.135920700000000005e-02
-1.736699400000000018e-02
5.001711500000000088e-02
-2.003939399999999857e-02
-2.857989400000000152e-02
6.318356999999999446e-02
5.856618300000000082e-02
-6.210991600000000112e-03
-4.149122999999999700e-02
-6.503771000000000205e-03
2.973873399999999931e-02
5.199800200000000150e-03
-4.587844800000000223e-02
2.007784699999999936e-02
6.231485300000000338e-02
3.022921599999999973e-02
4.018290699999999688e-02
-3.387731699999999707e-02
3.145853400000000327e-02
-1.803787700000000077e-03
-1.670918799999999982e-02
-4.251199600000000328e-02
-3.202343800000000129e-03
3.632559600000000166e-02
-3.697290000000000298e-02
3.175163599999999975e-02
7.490403400000000215e-04
-3.317710000000000103e-02
6.737658799999999941e-03
-1.867430499999999868e-02
-1.380842000000000007e-02
2.764522300000000002e-02
6.204199800000000098e-02
2.926807699999999998e-02
-3.589128599999999794e-03
-1.344215699999999972e-02
-8.220266000000000378e-03
6.943749999999999922e-02
-1.315950900000000066e-03
3.556898199999999899e-02
2.021917700000000137e-02
1.635666599999999887e-02
4.832095699999999772e-02
2.976955699999999858e-02
3.926226000000000022e-02
4.888119600000000002e-03
8.015907599999999578e-02
9.157592000000000509e-02
2.047759500000000121e-02
2.101286700000000104e-02
-8.103291999999999787e-03
7.804468000000000516e-02
-2.505182300000000084e-02
3.128278000000000308e-02
-5.908433000000000261e-03
2.778958700000000101e-02
-3.423982500000000151e-02
-8.676133000000000803e-03
-1.177988599999999983e-02
-3.551901500000000100e-02
9.242903000000000230e-03
-2.330907399999999907e-02
6.761479400000000584e-02
-2.730548199999999898e-02
-2.700143500000000071e-02
-3.069947300000000143e-02
9.939784000000000119e-02
-8.346599499999999422e-03
2.575663699999999889e-02
-6.939929400000000199e-03
-1.211264450000000027e-02
-3.713853000000000293e-02
-6.656019999999999992e-02
1.244271199999999987e-02
-2.066805799999999957e-02
3.685993299999999750e-02
-1.636611899999999842e-02
1.090498799999999914e-02
4.572897800000000346e-02
-1.396124500000000060e-02
6.245834799999999687e-02
-4.278450000000000308e-02
-5.703223999999999794e-02
2.215502000000000096e-02
7.521585000000000076e-02
-7.157363499999999656e-03
-3.154484800000000207e-03
-1.660219799999999857e-02
2.826545600000000130e-02
1.212590700000000001e-02
-4.001955299999999938e-02
-2.857071799999999929e-03
3.363058000000000020e-02
-2.072362399999999952e-02
-2.847555800000000151e-02
8.717574000000000503e-03
-2.740825699999999837e-02
5.065978699999999779e-02
2.156572400000000139e-02
-4.442339000000000010e-02
-1.838465400000000027e-02
-9.849210999999999643e-04
-7.560408999999999879e-02
6.384874999999999926e-03
6.347801999999999611e-02
5.783741999999999703e-03
2.042696399999999884e-02
-2.180940500000000046e-02
1.096237599999999937e-02
-1.423660300000000045e-02
-1.773560199999999962e-02
-2.216192700000000140e-02
-4.370361600000000069e-02
-5.907060199999999983e-02
-7.883691999999999436e-03
2.450594500000000120e-02
4.156815000000000336e-03
5.773812999999999862e-02
-4.022493199999999797e-02
-1.099839600000000056e-02
-4.765776499999999777e-02
1.459653699999999971e-02
-3.640920699999999899e-02
-7.058076000000000627e-02
-3.220849499999999671e-02
2.075470800000000018e-02
1.932399300000000111e-02
1.712673500000000057e-02
2.254113199999999845e-02
-4.789985699999999708e-02
-1.729784700000000161e-02
1.235274199999999989e-02
6.111668399999999925e-03
2.798544000000000032e-03
4.668416499999999969e-02
-3.639739399999999958e-02
-4.406365000000000282e-02
8.838639000000000565e-03
3.052089399999999980e-02
-3.862196999999999852e-02
-2.725572999999999885e-02
-3.044750499999999971e-02
-1.384123899999999997e-02
-2.170831900000000023e-02
3.867632499999999751e-02
-2.673272599999999832e-02
-3.272658400000000040e-03
6.034428299999999856e-02
6.758794999999999387e-02
-1.676023600000000127e-02
1.105508199999999906e-03
1.435823399999999923e-02
3.552155199999999791e-02
-3.647488399999999908e-02
-7.213922999999999690e-03
4.781338999999999728e-02
3.445299800000000030e-03
2.439656100000000064e-02
-4.020405600000000190e-02
4.176164799999999844e-02
-2.456536700000000115e-02
2.578945400000000159e-03
1.228804900000000054e-02
1.583033199999999904e-02
-1.312392199999999967e-03
4.884363700000000225e-02
2.110122000000000039e-02
-2.290987400000000021e-02
1.318983699999999940e-02
3.074375199999999919e-02
-9.010717999999999159e-03
3.759277999999999925e-02
-4.220230500000000246e-02
2.142708000000000113e-02
-9.973278000000000351e-03
-2.451947299999999996e-02
3.619332000000000105e-02
-5.940928000000000181e-02
-3.818270500000000081e-03
2.193907499999999886e-02
-4.210610000000000047e-03
-1.373199100000000068e-02
3.953593999999999858e-02
3.827056699999999839e-02
-6.098466999999999777e-02
1.223479000000000060e-02
5.113996600000000198e-03
-3.723276299999999858e-03
3.090368400000000158e-03
-4.475107799999999969e-02
-2.674028999999999989e-02
2.419289599999999846e-02
2.325852800000000054e-02
-3.474626699999999735e-02
-1.556012600000000051e-02
5.134861500000000023e-02
-1.751758999999999955e-02
-6.752808000000000421e-02
-2.878799699999999920e-02
8.338991000000000459e-03
3.323620599999999731e-02
8.860782999999999854e-02
-5.036888300000000318e-02
-6.978668700000000176e-03
2.574083400000000150e-03
1.358484800000000006e-02
-2.351569599999999913e-02
-9.153424000000000282e-03
8.256025000000000169e-03
1.632043199999999930e-02
6.256038000000000224e-03
-3.748941399999999868e-02
6.004438499999999873e-02
4.254992700000000128e-02
-2.357261499999999989e-03
5.110451199999999777e-02
-5.178085000000000326e-02
6.699760000000000437e-02
3.239885299999999829e-02
-1.591244899999999865e-02
3.905007600000000301e-02
2.692951800000000125e-03
6.521470999999999518e-02
6.038767999999999914e-02
4.299433500000000158e-02
4.411272699999999741e-02
5.158456399999999942e-02
1.252983400000000011e-02
1.431501599999999985e-02
2.831802099999999878e-02
-1.707846999999999837e-02
3.345788000000000147e-03
-4.114498999999999934e-02
-1.289660500000000022e-02
-6.651387999999999745e-02
3.186403000000000152e-02
-2.076584800000000081e-03
3.079971499999999834e-02
-3.945346000000000269e-02
-4.712110800000000183e-02
-2.502662699999999921e-02
-2.169794599999999921e-02
3.330073000000000061e-02
-2.545655299999999982e-02
1.514349199999999972e-02
4.370533999999999704e-03
2.947293600000000166e-02
-2.745977999999999961e-02
-1.873485199999999976e-02
-2.586781599999999834e-02
-1.722513100000000116e-02
2.552611800000000042e-02
-3.072184000000000026e-02
-1.068861699999999922e-02
-2.360307600000000061e-02
-4.726651700000000095e-02
-6.381813999999999543e-02
1.220502000000000045e-02
-4.969021700000000180e-02
1.981578399999999948e-02
2.065273200000000003e-02
-2.331294700000000053e-02
-1.059755499999999982e-02
-2.773171499999999793e-03
9.794597999999999846e-03
1.239556999999999964e-04
2.669181899999999857e-02
6.950797000000000225e-02
-3.153735399999999661e-02
-1.094555699999999986e-02
-5.202931999999999696e-02
6.877610000000000147e-03
2.625919000000000170e-02
-5.583775800000000122e-02
