6.468580999999999637e-02
2.126238000000000086e-02
-3.840818299999999852e-02
9.575665000000000565e-03
2.427359700000000092e-02
2.823582900000000048e-02
-3.420017200000000090e-03
2.812040600000000057e-02
-1.745744399999999905e-02
-1.035790300000000077e-03
5.131104200000000115e-02
6.682262999999999398e-02
4.600214200000000281e-02
4.298461600000000327e-02
4.073918999999999631e-03
-2.246547499999999951e-03
-5.654939999999999793e-03
3.427228699999999850e-02
-3.829625200000000285e-02
-2.408958599999999964e-02
-3.270735599999999993e-02
9.219945000000000224e-03
3.961834999999999662e-02
-2.042447399999999889e-03
1.836878200000000017e-02
-5.163940799999999776e-02
-3.143361000000000072e-02
-6.832736999999999838e-02
2.498241299999999845e-02
-9.544214600000000548e-02
9.886716499999999991e-03
5.534451499999999691e-02
4.498598399999999969e-02
-1.239632199999999955e-02
2.985533699999999915e-02
1.753827599999999848e-02
8.372054000000000301e-03
-2.254074600000000039e-02
1.525942800000000023e-03
-7.983830599999999778e-02
-1.876883199999999918e-02
-6.030073400000000167e-02
1.820215799999999953e-02
1.999894199999999872e-02
-3.045410800000000057e-02
-4.210642700000000183e-02
4.587641699999999855e-04
-9.297201999999999203e-03
-2.074298999999999935e-02
3.770385999999999876e-02
2.342097300000000118e-02
2.663222100000000106e-02
-1.724840100000000001e-02
-1.709223699999999971e-02
-2.000742200000000040e-02
-5.460782299999999978e-02
2.058092300000000097e-02
-2.326612200000000019e-02
7.591276600000000652e-02
-3.834060599999999930e-02
2.051028599999999910e-02
-2.806848699999999960e-02
1.703822799999999901e-02
-4.648431399999999880e-02
8.317763000000000587e-03
-7.448256000000000321e-02
3.089394800000000094e-02
-2.542310199999999951e-02
-5.749312000000000172e-02
1.615016999999999842e-02
-8.067001000000000727e-03
8.130519999999999805e-04
-3.459655999999999842e-02
-1.119318199999999944e-02
1.681726799999999980e-02
2.658195199999999897e-02
-1.460712899999999995e-02
1.035220000000000107e-03
-5.024515599999999568e-03
-1.196106499999999902e-03
-3.817190599999999850e-02
-2.187749199999999838e-02
2.339622400000000019e-02
5.934198599999999935e-02
2.627748300000000165e-03
5.347256000000000231e-02
1.894053300000000028e-03
-3.692786399999999775e-02
-2.503061499999999912e-02
-1.442821900000000081e-02
9.867523999999999740e-02
5.450577699999999831e-02
-9.198336599999999653e-04
3.612438199999999655e-02
7.437535000000000673e-02
-1.859171299999999930e-02
-8.278251000000000359e-02
-1.058755400000000041e-01
5.544817500000000232e-03
2.349320599999999912e-02
-7.318792400000000316e-03
1.362720499999999987e-02
-3.562796000000000018e-03
-2.056960600000000070e-02
3.988854000000000011e-02
-2.387121999999999855e-02
2.200836700000000090e-02
-7.874303000000000552e-02
-8.504095999999999878e-02
-1.055077700000000077e-02
7.778606000000000409e-02
1.437057700000000070e-02
4.682611300000000254e-02
-1.965872999999999926e-02
-1.628425199999999906e-02
-6.332315500000000423e-03
-5.077218000000000009e-02
3.690727800000000169e-02
-2.685741000000000170e-02
-1.092273399999999992e-02
3.057718800000000167e-02
7.564781600000000661e-02
-3.378582000000000113e-02
9.687840000000000340e-02
6.247439199999999665e-02
-8.720708000000000626e-03
-2.323828400000000141e-03
-4.152601000000000209e-02
-3.150573699999999894e-02
-1.267420999999999999e-02
3.468178999999999707e-02
-4.584168999999999744e-02
5.672925699999999821e-02
3.861128999999999950e-02
-1.677255299999999994e-03
1.430342299999999914e-02
4.667252000000000206e-02
-1.364144599999999978e-02
2.007562300000000077e-02
2.850595699999999844e-02
-1.841733200000000154e-02
-1.655791100000000154e-02
-7.247001000000000137e-02
1.749391299999999982e-02
-2.778793099999999835e-02
-6.970830000000000082e-02
2.382851399999999856e-02
6.504213999999999829e-02
1.109280250000000030e-02
-4.201685599999999826e-02
-3.286098999999999964e-02
1.125626199999999952e-02
3.350470199999999732e-02
-4.042630499999999918e-03
-1.337802299999999930e-02
3.999505600000000105e-02
1.972576800000000116e-02
-3.435792400000000149e-03
7.141484000000000026e-03
5.133793700000000015e-03
1.486661199999999954e-02
-6.484987999999999864e-02
-6.572654999999999839e-05
7.052129499999999773e-02
-6.660196000000000172e-02
-1.474417999999999909e-03
2.500598799999999983e-03
-5.614269999999999677e-02
8.943566999999999489e-03
-2.490764900000000046e-02
-5.238759500000000208e-02
-6.411712999999999441e-02
-3.211285500000000265e-02
-9.567617999999999956e-02
-2.190783599999999998e-02
-2.834649399999999986e-02
-5.422388700000000013e-03
2.580939999999999884e-03
-1.798579000000000150e-02
-2.982401700000000128e-02
5.947427500000000006e-02
-1.868769899999999859e-02
-1.139873899999999975e-02
-4.091086199999999923e-02
-2.395894399999999938e-02
-3.186633999999999994e-02
5.747896799999999834e-02
5.638453999999999688e-02
2.031416399999999914e-02
9.868490000000000595e-03
-2.416083000000000119e-02
-1.434364699999999930e-02
1.001977400000000039e-02
2.080222199999999869e-02
5.460235800000000188e-03
8.189092000000000593e-02
1.692414999999999892e-02
-1.062717699999999980e-02
1.875686600000000051e-02
-2.326854100000000022e-02
3.753081999999999946e-02
3.735951299999999697e-02
4.770611999999999769e-02
-1.176460399999999969e-02
-1.475658900000000051e-02
4.519486999999999810e-02
-4.464553500000000182e-04
-4.729520499999999988e-02
1.876922800000000108e-03
1.071179750000000007e-02
-3.850151999999999741e-02
-2.698539000000000146e-02
-3.791471999999999898e-02
-9.982042999999999472e-03
4.862492499999999940e-02
3.978059999999999929e-02
3.572668500000000108e-02
2.997188500000000019e-02
5.973259399999999997e-02
-1.508947599999999924e-02
3.285016999999999798e-02
-1.155950799999999959e-02
-2.151638000000000162e-02
5.748660500000000312e-02
-3.581860700000000231e-02
1.138482149999999957e-02
-8.541319499999999731e-02
-1.705952399999999952e-02
1.083577200000000046e-02
-6.038757799999999731e-02
-4.485240199999999955e-02
2.626616099999999968e-02
3.913705800000000234e-02
-3.048661399999999869e-02
-3.908497500000000097e-02
3.834486000000000144e-02
1.218255700000000011e-02
-1.993612000000000075e-03
-1.835725800000000130e-02
-5.298190199999999739e-02
4.099462600000000102e-03
1.527571999999999958e-02
2.919540300000000193e-04
2.097039300000000037e-02
6.867555999999999661e-02
-7.389513000000000331e-02
5.351236000000000187e-02
2.070643800000000062e-02
1.346946800000000007e-02
1.349996399999999971e-02
-1.393005200000000006e-02
-8.465135500000000104e-03
-3.407176600000000333e-02
3.884779000000000097e-03
-4.180358700000000316e-02
1.432344500000000062e-02
-1.933044399999999871e-02
5.712927000000000283e-02
1.098187100000000069e-02
8.988476999999999925e-03
4.652185999999999821e-02
-1.273013500000000006e-02
2.167393499999999834e-03
-3.365104000000000012e-02
-2.635643000000000014e-02
-5.316806000000000310e-02
1.449069199999999946e-02
-5.307187300000000205e-03
1.838390999999999983e-02
-5.690898400000000273e-02
3.602679400000000087e-02
-3.050360599999999908e-02
-4.096131000000000077e-02
-1.732334300000000146e-02
-3.084809000000000162e-02
1.811576300000000000e-02
-2.164147199999999840e-02
3.347674399999999838e-03
-2.100145399999999926e-02
-4.122507000000000255e-02
2.853858299999999931e-02
-3.184936599999999701e-02
6.748365200000000161e-03
-8.618646000000000640e-03
4.067870600000000197e-02
1.178069799999999917e-02
2.812237700000000049e-02
1.797930500000000098e-02
-2.869148699999999989e-03
-5.812347300000000189e-02
3.368629000000000068e-02
3.713559000000000304e-02
-5.102103599999999878e-02
-4.285454400000000136e-02
1.321450249999999924e-02
3.538923699999999700e-02
5.652139300000000310e-02
4.023691599999999757e-02
-1.496617199999999981e-02
-4.290644500000000139e-02
-1.365445399999999990e-02
1.897812399999999899e-02
-7.734106500000000051e-02
5.752694199999999758e-02
-3.708118600000000209e-02
8.331220000000000509e-04
-2.435001499999999916e-02
2.377111499999999891e-02
-1.682131599999999935e-02
3.604903000000000014e-03
2.387503499999999931e-02
3.557231000000000282e-02
-4.269153299999999679e-02
-2.526105600000000048e-02
-4.091023700000000207e-02
-3.929914500000000060e-02
-1.177408840000000040e-01
-1.061155000000000041e-03
3.075070900000000107e-02
5.096159000000000106e-02
1.237453600000000022e-02
1.017860299999999961e-02
-4.471498699999999771e-02
-9.153690000000000784e-03
4.659855999999999721e-02
-1.245689900000000044e-02
2.888986500000000068e-02
-3.456539299999999981e-02
6.380349999999999910e-02
3.914601699999999823e-02
1.658540799999999940e-02
-1.354083199999999917e-02
2.481701600000000077e-02
-6.842936600000000535e-02
2.307144599999999893e-02
-1.985992800000000065e-03
-7.133905999999999581e-02
1.178788000000000058e-02
7.827014000000000193e-02
6.571922000000000007e-03
2.921918000000000085e-02
1.369099799999999936e-02
6.946033999999999542e-02
1.646472100000000161e-02
1.002032299999999938e-02
-3.178700400000000065e-02
-7.433982000000000090e-02
-4.635307000000000316e-02
7.764129399999999959e-03
2.179850300000000032e-02
4.652701000000000059e-02
6.132763000000000103e-02
3.704085199999999911e-02
-3.188378000000000045e-02
-2.315125000000000169e-02
4.269536000000000164e-02
4.299367999999999940e-02
3.573512000000000216e-02
5.948574000000000223e-02
2.766178700000000018e-02
3.304693999999999687e-02
1.442054199999999974e-02
-6.799448999999999944e-03
4.193741000000000135e-02
5.820146999999999821e-02
2.114711899999999895e-02
3.561977300000000041e-02
5.920986000000000304e-02
5.049966300000000019e-03
-2.571065499999999893e-02
-2.244831200000000151e-02
3.506814700000000090e-02
3.465414800000000267e-02
6.534531000000000540e-04
3.610555499999999751e-02
-2.379970600000000033e-02
-3.101765199999999972e-02
1.908082900000000054e-03
-1.260411900000000043e-02
-7.037841999999999883e-03
-1.579399800000000006e-02
-8.871561000000000030e-03
-2.860103699999999929e-02
1.087615100000000057e-02
-2.634478700000000145e-02
3.941456599999999810e-02
-8.145260000000000000e-02
1.056016499999999983e-02
-3.035741599999999991e-03
-2.051628399999999922e-02
-3.734386299999999798e-02
5.817385800000000190e-02
-2.735934599999999967e-02
1.589139599999999861e-02
-4.639822999999999864e-02
4.670012999999999942e-02
5.222212999999999855e-02
1.140062799999999946e-02
-1.177745499999999917e-02
-2.679329099999999859e-03
-7.534208000000000354e-04
-7.934764999999999874e-03
2.783457199999999840e-02
-4.673491999999999924e-02
2.710183899999999910e-02
-2.713383200000000009e-02
1.046878400000000042e-01
-3.023813499999999932e-02
-4.466488999999999876e-02
8.490205000000000668e-02
1.340613400000000011e-02
-1.373405899999999985e-02
-4.014597999999999778e-02
1.088606500000000032e-02
-4.124950000000000144e-02
-2.980190900000000143e-02
3.526401500000000272e-02
1.225042900000000018e-02
4.371442600000000067e-02
6.652516999999999459e-02
1.443984000000000066e-02
2.860308799999999874e-02
9.584864999999999705e-03
6.396986999999999812e-03
1.310063250000000068e-02
-4.762593999999999855e-02
-8.579731000000000163e-03
9.086000999999999800e-03
-2.651088100000000003e-02
-6.821886999999999569e-03
2.384270000000000139e-02
2.357153400000000162e-02
-1.897365200000000057e-02
6.457612000000000074e-02
-2.903657200000000008e-02
4.832375399999999654e-02
2.058742599999999895e-02
-4.038720999999999978e-02
-2.692288899999999846e-02
3.113718700000000020e-02
5.634830999999999868e-02
5.347334599999999799e-02
5.159682799999999736e-02
-1.002928150000000074e-02
3.552515799999999852e-03
6.453526999999999647e-05
-1.622701400000000141e-02
1.582665700000000092e-02
1.440042400000000021e-02
1.200184200000000041e-02
2.462348899999999841e-02
5.708880300000000046e-03
1.239505999999999941e-02
-7.377029000000000225e-02
-5.043124799999999797e-02
4.857832200000000017e-02
-1.619719000000000020e-02
3.397838799999999826e-02
-2.420671699999999912e-02
-1.430316000000000053e-02
-4.760052000000000033e-02
-1.376882899999999979e-02
2.444338399999999856e-02
1.950259999999999841e-02
-3.212749000000000160e-02
-5.008527999999999938e-03
-1.498714599999999980e-02
3.416697700000000115e-02
-2.198564000000000074e-03
1.917955500000000091e-02
2.876565400000000161e-02
-1.999659500000000156e-03
1.050936799999999949e-01
8.861702000000000815e-03
-2.462912199999999982e-02
1.197920600000000092e-03
2.577481400000000006e-02
2.432532800000000023e-02
8.663825999999999472e-03
8.916106000000000031e-03
-2.040255399999999983e-02
-1.369460949999999969e-02
-4.630613000000000090e-02
3.570058000000000259e-02
3.040885600000000147e-02
3.110000999999999825e-03
-5.632021499999999813e-03
2.008339199999999852e-02
-4.106383400000000045e-02
-1.224428200000000043e-02
3.832810700000000015e-02
8.301796599999999729e-04
-9.062082500000000554e-03
-3.665883000000000336e-02
1.925582500000000072e-03
4.762594999999999893e-04
6.137439599999999773e-02
-1.159686700000000029e-02
-3.996727199999999813e-02
3.914215399999999845e-02
5.659152199999999827e-02
3.425746799999999925e-02
-5.509311000000000069e-02
-1.980193099999999831e-02
-5.129207999999999684e-02
3.942509000000000291e-03
-6.703098000000000389e-02
1.122408199999999981e-02
6.383158999999999361e-02
1.010267299999999951e-02
1.899235499999999896e-02
-3.715510000000000340e-02
4.436446000000000139e-02
4.729958999999999726e-03
-4.481469999999999898e-02
-4.491026000000000046e-02
-2.078983599999999904e-02
2.410857200000000172e-02
-3.357369999999999799e-02
3.088550799999999902e-02
7.940669300000000345e-04
-4.956049500000000302e-02
-4.333983400000000069e-02
-1.327679300000000027e-02
-6.141958000000000313e-03
9.861411999999999956e-03
6.104956200000000166e-02
-6.356589000000000163e-03
3.425532199999999777e-02
-8.163899000000000503e-03
-1.918171499999999849e-02
3.374483999999999817e-02
-1.635997200000000040e-02
6.975283999999999651e-02
3.866967600000000005e-02
3.343444699999999908e-02
7.071645999999999488e-02
1.295685000000000066e-02
3.520912300000000189e-02
2.218310000000000073e-02
4.721336799999999861e-02
4.617924999999999808e-02
2.799366199999999902e-02
5.500285299999999739e-02
2.117363400000000020e-02
5.252723399999999904e-02
-2.653418100000000043e-02
6.069909999999999889e-02
-5.230289300000000308e-02
4.872309400000000151e-02
-4.034694300000000317e-02
-4.789132000000000111e-02
-1.353529499999999971e-03
-1.729737799999999867e-02
4.233833000000000041e-02
7.774900999999999644e-04
4.736936499999999661e-02
-2.877974000000000157e-02
-3.120011500000000049e-02
-2.608781500000000031e-02
1.928380000000000025e-02
-4.674616499999999925e-02
1.571651699999999929e-02
-2.903593999999999967e-02
-3.151853999999999767e-02
-3.454049000000000008e-02
-2.799626800000000124e-02
4.070710999999999774e-02
1.759721300000000044e-02
1.943299700000000025e-04
-2.133699000000000186e-03
-1.230887500000000037e-02
3.576646399999999781e-02
-3.269602700000000250e-02
4.709119999999999973e-02
-2.072740299999999841e-02
-7.928771499999999472e-02
1.693967000000000042e-02
4.243534799999999774e-02
2.776591000000000128e-03
-2.372168700000000172e-02
-1.171293099999999934e-02
4.140050299999999822e-02
4.975353600000000098e-02
-3.544474699999999954e-03
-1.656790600000000030e-02
1.940009599999999862e-02
-3.269715000000000121e-02
1.177634299999999988e-02
-5.512086700000000047e-03
2.983627199999999832e-04
1.068854800000000084e-02
2.910354200000000047e-03
-1.573571699999999976e-02
1.963207499999999883e-02
-3.726908999999999778e-02
-4.652524699999999874e-02
8.259908999999999307e-03
4.959529000000000021e-02
-6.849273000000000340e-03
1.394385400000000032e-02
-5.237779800000000319e-02
4.197888000000000314e-02
8.942289000000000834e-03
-1.508937100000000073e-02
-4.227489599999999931e-02
-5.344573400000000168e-02
-6.099578700000000270e-02
8.595370999999999220e-03
3.266638000000000180e-02
-4.250003499999999873e-04
4.055255700000000296e-02
-4.564413999999999971e-02
-3.848088999999999676e-02
-4.678916600000000009e-02
-2.322875699999999918e-02
-3.736233299999999757e-02
-3.892916999999999905e-02
-1.336697100000000006e-02
2.494718500000000019e-02
3.882583600000000246e-02
1.182407800000000002e-02
2.826473100000000127e-02
-1.215482300000000036e-02
-1.721418499999999990e-02
-1.391200100000000023e-03
5.949717399999999989e-02
-2.221418400000000140e-02
4.352344999999999825e-02
-4.956910800000000061e-02
-2.220197800000000068e-02
3.242735199999999957e-02
4.684901600000000027e-02
-3.950027700000000030e-02
-4.320467000000000057e-02
-5.205188000000000176e-02
-1.118228999999999924e-02
1.698578999999999974e-03
-3.861844000000000127e-03
-1.510976500000000070e-02
3.907584000000000057e-02
6.189964299999999725e-02
1.125426199999999960e-01
3.968529999999999627e-03
-2.597234600000000032e-02
-2.136236399999999827e-02
-1.322363200000000079e-03
-6.107978000000000018e-02
-1.380560699999999925e-02
5.024837699999999685e-02
-4.356053499999999984e-04
4.040908000000000000e-02
-3.985224700000000037e-02
1.868992300000000065e-02
-1.327437700000000040e-02
5.859656000000000413e-03
4.704997000000000346e-02
-5.019416299999999997e-02
-1.264577599999999920e-02
1.161366299999999976e-02
-7.305665999999999723e-04
-1.572216499999999975e-02
2.210815299999999844e-02
2.407668899999999834e-02
-5.873226999999999962e-03
1.555699800000000070e-02
-3.215847000000000150e-02
1.596227299999999905e-02
-1.223913299999999926e-02
-2.962865500000000027e-02
-1.370349300000000062e-02
-8.267175999999999345e-03
-1.043526099999999950e-02
8.130780000000000646e-03
2.780291400000000149e-02
6.361561400000000088e-03
3.845861600000000102e-02
1.454863699999999968e-02
-2.464163700000000096e-02
1.206663600000000038e-02
-7.206696599999999620e-03
-2.321605000000000023e-03
3.192679200000000245e-02
-4.176250000000000101e-02
6.788924000000000000e-03
-2.780127699999999924e-02
5.174823499999999660e-02
-1.733269399999999918e-02
4.222431000000000101e-02
2.232387799999999839e-02
-1.375458499999999973e-02
-7.296218000000000148e-02
-2.756550300000000162e-02
4.640804600000000141e-02
3.432894000000000223e-02
9.784248500000000681e-02
-2.356073300000000037e-02
9.904493999999999798e-03
4.512403600000000105e-03
-3.247261699999999789e-03
-3.303703999999999669e-02
-2.082040199999999827e-02
1.007391600000000047e-02
-1.040901500000000063e-02
-3.740137000000000149e-03
-3.382734300000000190e-03
8.110456000000000609e-02
3.156693700000000324e-02
2.041214699999999854e-02
2.314575400000000102e-02
-2.741180500000000089e-02
2.370455499999999868e-02
1.506130099999999916e-02
-5.912859500000000081e-03
2.835990500000000122e-02
2.309386999999999985e-03
8.012146000000000545e-02
5.184154600000000224e-02
6.294110399999999772e-02
-1.163283199999999920e-02
6.594184999999999630e-02
1.535693900000000001e-02
4.349813999999999764e-02
3.672243299999999877e-02
7.633014999999999939e-03
6.231645000000000066e-03
-3.292706200000000000e-02
-1.007572800000000081e-02
-6.076362400000000219e-02
3.032446100000000047e-02
1.766460400000000042e-02
2.884909000000000084e-02
-3.653019300000000247e-02
-3.897159000000000040e-02
-1.230037900000000017e-02
-1.242620499999999920e-02
6.013315000000000327e-02
-1.085221599999999960e-02
4.293521399999999932e-03
-9.050700000000000064e-04
4.828261999999999832e-02
-3.239140299999999917e-02
1.922563500000000079e-04
-4.774488500000000080e-02
-6.172706000000000026e-03
2.729662899999999934e-02
-3.538517000000000051e-02
1.607986700000000116e-02
1.428620199999999958e-02
-3.590316300000000183e-02
-9.002050000000000329e-02
2.630033999999999844e-02
-4.202057000000000014e-02
1.494685899999999984e-02
1.279660699999999977e-02
-1.752289599999999961e-03
-2.701084100000000071e-02
-2.475993300000000133e-02
2.046403999999999931e-02
-3.492205600000000167e-03
7.021592000000000111e-03
9.747705600000000636e-02
9.518643000000000243e-03
-2.222384000000000165e-02
-2.989721899999999918e-02
4.743853999999999606e-03
3.926230199999999892e-02
-4.781426999999999899e-02
