6.441022000000000414e-02
1.255979200000000018e-02
-4.214680199999999710e-02
-9.543732999999999991e-04
1.387676200000000082e-02
6.916074499999999570e-02
-2.782625800000000215e-03
3.593093499999999718e-02
9.733686000000000074e-03
-2.256509799999999871e-02
3.867687300000000050e-02
5.208873399999999765e-02
5.705743700000000251e-02
5.585600999999999761e-02
2.512460600000000072e-02
-4.289970500000000325e-02
-2.178420699999999988e-02
7.946111000000000146e-02
-7.594815000000000593e-02
1.096994100000000041e-02
-6.006627999999999967e-03
2.911155299999999835e-02
2.160158200000000112e-02
1.201334700000000061e-02
-9.296530000000000765e-03
-4.279038699999999917e-02
-3.845550999999999831e-02
-5.010836199999999657e-02
2.748381899999999961e-02
-6.008283400000000163e-02
5.089832500000000121e-02
3.445651400000000059e-02
5.642901699999999798e-02
2.835992700000000092e-03
1.917561300000000107e-02
3.081115900000000116e-02
1.365787350000000067e-02
-1.108297999999999922e-02
1.061098800000000002e-02
-9.221590999999999816e-02
1.762993300000000041e-02
-4.284447000000000255e-02
2.822825099999999934e-02
1.336791550000000078e-02
-2.503614700000000165e-02
-5.545417600000000086e-02
-2.561473699999999853e-02
1.146599300000000071e-02
-3.814235700000000173e-02
3.733009500000000064e-02
1.387859099999999915e-02
3.402335000000000081e-02
-3.837812000000000168e-02
1.130728999999999936e-02
-4.300611000000000191e-03
-5.535244000000000275e-02
-3.996685999999999989e-02
-1.418874099999999951e-02
3.386278999999999678e-02
-2.262460800000000091e-02
-3.382533000000000067e-03
-3.330688600000000082e-02
-4.789295799999999936e-02
-4.897883499999999835e-02
5.669061499999999976e-02
-4.648920499999999872e-02
2.326930200000000126e-03
-1.161473600000000050e-02
-5.176105699999999921e-02
5.673834299999999664e-02
2.465102799999999844e-02
-1.609421700000000094e-02
-2.281901600000000099e-02
1.239214400000000077e-02
-1.395563799999999938e-02
5.902940399999999886e-03
-1.819893200000000100e-02
-9.168977000000000030e-03
2.401019000000000070e-02
-1.034394899999999985e-02
-2.722449000000000049e-02
-3.029217999999999841e-02
1.991568300000000000e-02
3.466401999999999678e-02
-1.347870099999999918e-02
4.379622300000000218e-02
1.313927699999999912e-03
-7.864385999999999252e-03
-8.280644000000000199e-03
-2.043436699999999842e-02
8.170389999999999597e-02
4.443388000000000199e-02
2.204354200000000017e-03
-1.093206900000000086e-02
2.142807999999999866e-02
-1.542649100000000051e-02
-6.746793500000000665e-02
-5.278074399999999750e-02
6.636704999999999688e-03
3.790449799999999828e-03
1.475544099999999935e-02
5.296611799999999953e-02
-1.955782799999999932e-02
-3.377867500000000106e-02
6.394700000000000384e-02
3.103320000000000037e-02
-2.812538100000000138e-02
-7.819769499999999762e-02
-8.935469000000000050e-02
1.133396799999999982e-02
3.224379599999999818e-02
-5.444128500000000072e-03
4.459276999999999685e-02
1.824555200000000169e-02
1.138582599999999993e-02
-1.288930999999999931e-02
-2.095317000000000013e-02
2.086339900000000122e-02
-1.639366999999999908e-02
-1.612328999999999846e-02
1.467482600000000019e-02
6.643839999999999468e-02
-5.116263800000000334e-02
1.032842550000000054e-01
6.003986699999999677e-02
2.513415600000000125e-02
-1.109449000000000025e-02
-2.947460500000000094e-02
-1.892130800000000126e-02
7.637626500000000394e-03
4.300189799999999674e-02
-1.781694199999999968e-03
3.550502700000000150e-02
1.197204099999999924e-02
-6.289208299999999793e-03
1.455468099999999987e-02
7.051338000000000050e-02
-1.530823599999999937e-02
3.465625299999999798e-02
4.452086000000000238e-02
-4.196011599999999869e-02
-2.694670899999999925e-02
-6.301189000000000096e-02
7.512040999999999684e-03
-3.630227600000000138e-02
-8.592402999999999846e-02
3.140520299999999959e-02
2.450456700000000140e-02
-1.683007599999999937e-02
-2.306152300000000044e-02
-6.188219400000000148e-02
2.459397400000000108e-02
4.668612400000000245e-02
-2.986786500000000039e-02
1.096574800000000086e-02
2.485014099999999920e-02
3.680375599999999997e-02
1.544674499999999957e-03
3.525028999999999663e-02
2.309718899999999974e-03
3.624174399999999935e-02
-5.773314999999999697e-02
2.385347999999999809e-03
5.238655999999999868e-02
-5.160949000000000092e-02
6.117278000000000299e-03
1.580389399999999889e-02
-8.925895000000000357e-02
4.036908999999999983e-03
-4.407010000000000094e-02
-3.532426400000000105e-02
-4.035500000000000198e-02
-6.461342000000000474e-02
-8.510903999999999692e-02
-9.704271000000000424e-03
2.635492799999999969e-02
-1.304829799999999984e-02
-3.769819800000000221e-02
-5.520712600000000220e-02
-4.909663300000000064e-02
7.084754999999999525e-02
-6.044502400000000344e-03
-1.468744999999999946e-02
-6.843857999999999886e-02
-1.359060999999999950e-02
-2.617827799999999927e-02
4.766878000000000087e-02
1.393313499999999927e-02
1.962824000000000166e-02
3.151177599999999829e-02
1.498768900000000022e-02
-1.490458300000000076e-02
3.905878399999999917e-03
-1.285359999999999931e-03
9.808347000000000246e-03
6.623837000000000474e-02
8.218586999999999421e-03
-1.381094849999999971e-02
4.447749400000000110e-03
-3.501897000000000343e-02
3.371292399999999828e-02
1.005019500000000066e-01
-1.127958400000000005e-03
-4.122048200000000273e-02
-1.258642199999999989e-02
4.893585999999999769e-02
-1.073741800000000031e-02
-5.596270999999999884e-02
3.715504299999999871e-02
4.068170000000000119e-02
-3.266428799999999966e-02
1.813514399999999931e-03
-4.510619999999999907e-03
-2.993492999999999848e-02
1.472767399999999963e-03
3.160140000000000171e-02
7.142315999999999943e-02
-8.048312000000000174e-03
5.498795199999999966e-02
-2.763754699999999842e-02
5.661944299999999847e-02
3.730517299999999703e-02
-2.403770300000000054e-03
4.781024999999999858e-02
2.076277699999999962e-02
-5.660007999999999706e-02
-9.873957999999999346e-02
4.346531299999999848e-02
3.073764999999999831e-02
-3.328284000000000104e-02
-2.124981299999999847e-03
2.503950300000000115e-02
-3.197593999999999784e-03
-2.196696600000000096e-02
-5.399504000000000109e-02
3.957583399999999724e-02
3.996394999999999809e-02
-3.941906199999999777e-02
-2.637700399999999903e-02
-2.724800000000000139e-02
-3.129653599999999980e-02
4.093226400000000292e-02
-5.184458999999999769e-03
-3.658398800000000126e-05
5.769040999999999753e-02
-5.381567000000000295e-02
7.523376499999999412e-02
-7.170602299999999981e-04
-3.422288200000000308e-02
3.018227000000000063e-02
5.604629600000000239e-02
-1.529887899999999960e-02
-4.321845600000000231e-02
-3.621075499999999812e-03
-3.137296400000000318e-02
1.430292799999999948e-02
-2.372523499999999817e-03
3.297365000000000018e-02
4.589432000000000060e-03
-9.563837999999999420e-05
4.358211499999999766e-02
-2.424481300000000047e-02
-7.551353000000000232e-03
2.960772300000000072e-03
-2.268150000000000027e-02
-2.906706400000000010e-02
6.953120999999999607e-03
-8.876020999999999564e-03
4.179655799999999755e-02
-5.016501000000000293e-02
1.093308600000000071e-03
-3.338254499999999871e-03
-6.312495499999999649e-02
1.837655499999999928e-02
-1.547222900000000054e-02
1.980894600000000089e-02
1.310762499999999948e-02
-4.601629999999999783e-03
-2.526887099999999831e-02
-2.814812400000000006e-02
6.956653000000000142e-02
2.032809500000000089e-02
2.847873400000000034e-03
-2.137691199999999792e-03
9.317413000000000084e-03
-5.560005500000000239e-02
2.421550600000000122e-02
-1.570271700000000145e-02
8.880077999999999583e-03
-4.272772700000000007e-02
2.849312700000000004e-02
4.443576199999999671e-02
-2.123670799999999997e-02
-5.724083299999999791e-02
2.459777700000000122e-02
-1.122846400000000050e-02
2.705979899999999896e-02
3.660019999999999940e-02
-3.505275000000000057e-02
-2.518805299999999844e-02
4.216556600000000155e-02
7.471496000000000214e-03
-1.371682599999999863e-01
2.936391199999999896e-02
-7.553814999999999835e-02
1.228152199999999958e-02
1.487448400000000032e-02
2.241527299999999945e-02
-4.395381699999999919e-02
1.029389500000000082e-02
-7.253878299999999731e-03
3.878527999999999837e-02
-1.371891899999999956e-02
-1.057099700000000038e-02
-4.990719600000000089e-02
-4.303109299999999943e-02
-1.380765999999999938e-01
1.195391299999999960e-03
3.124859699999999949e-02
5.062483300000000103e-02
3.060702200000000109e-02
-9.083159999999999845e-03
-3.570252000000000148e-02
-9.360042000000000709e-03
4.237545699999999832e-02
1.438009600000000020e-02
1.425866699999999918e-02
-2.587286399999999889e-02
3.476379400000000064e-02
1.767884800000000048e-02
5.524592000000000214e-06
-4.871986799999999951e-02
-6.695970400000000010e-03
-5.495006999999999669e-02
2.283837299999999862e-02
1.194350599999999957e-02
-7.553895600000000432e-02
2.795673499999999992e-02
9.302642999999999329e-02
-1.962797499999999890e-02
8.726090000000000582e-03
-9.902232000000000395e-03
6.016436599999999690e-02
-5.902839000000000003e-03
2.348565299999999870e-02
-5.380349599999999927e-02
-5.383636800000000250e-02
-5.794285999999999881e-02
1.531065000000000030e-02
-1.491076200000000102e-03
4.401620500000000269e-02
6.407827000000000661e-02
1.333335400000000039e-02
-2.915406400000000037e-02
3.276174000000000187e-03
6.632317000000000420e-03
5.423346999999999890e-02
5.130044999999999744e-03
6.035776999999999809e-02
1.986083799999999872e-02
3.370148700000000219e-02
-9.567163000000000056e-03
-4.568899000000000397e-03
4.361827000000000065e-02
4.250184399999999696e-02
-2.070519600000000036e-03
3.203772800000000143e-02
2.544731000000000076e-02
3.426785999999999721e-02
-4.178611200000000026e-02
2.788128600000000057e-04
-1.655536000000000160e-02
5.948919000000000429e-03
9.895137999999999504e-03
2.893479499999999927e-02
-6.368290999999999535e-02
-3.967497500000000121e-02
1.313087099999999926e-03
-7.812224999999999898e-03
-4.151706399999999936e-02
1.626706500000000069e-02
-3.466459000000000207e-02
-3.753383999999999887e-02
2.465019200000000132e-02
-1.929275700000000066e-02
5.795680400000000065e-02
-9.893245999999999984e-02
-3.483806999999999789e-03
8.109282000000000643e-03
-2.424700000000000119e-02
-1.397254000000000031e-02
8.571148000000000655e-02
-6.708594499999999752e-03
1.163655100000000019e-02
-1.508611500000000064e-02
3.842283999999999977e-02
2.844328399999999923e-02
2.726599600000000068e-02
-8.730095000000000216e-03
2.567666199999999940e-02
-1.641175900000000146e-02
-3.341607700000000236e-02
6.064056200000000202e-02
-1.378306399999999939e-02
2.170344000000000093e-02
2.901490499999999795e-03
7.205011000000000054e-02
-4.594062299999999988e-02
-4.012024799999999725e-02
4.589104699999999731e-02
3.793254000000000070e-02
-1.513905999999999867e-04
-2.240222700000000025e-02
1.732674000000000020e-02
-4.164881000000000139e-02
-1.906033799999999959e-02
3.962627400000000299e-02
3.417444999999999858e-03
3.467237199999999991e-02
1.752748999999999974e-02
3.158501999999999837e-02
3.061386599999999999e-02
5.021483999999999670e-02
7.798735499999999952e-03
1.117330499999999970e-02
-4.548027699999999951e-02
2.134651200000000065e-03
6.187605999999999792e-04
-1.431488300000000047e-02
-3.255216400000000149e-02
1.432456600000000038e-02
2.263810900000000001e-02
-3.856429599999999965e-03
3.644498799999999761e-02
-2.813239799999999943e-02
4.131944500000000325e-02
4.063129000000000046e-02
-2.479571100000000153e-02
-2.277969599999999858e-02
4.913466400000000150e-02
2.818242799999999895e-02
-1.586103000000000166e-02
6.125768999999999659e-02
-2.285010700000000144e-02
1.594100000000000031e-02
1.086645299999999901e-03
-2.564233499999999874e-02
1.800473400000000140e-02
1.185235800000000034e-03
-2.812293600000000202e-03
3.498023399999999894e-02
1.165104300000000025e-03
3.697532399999999692e-02
-1.610287499999999913e-02
-5.466802999999999940e-02
9.139348000000000263e-03
-2.467487800000000078e-02
1.897274700000000161e-02
-1.336851399999999974e-02
6.595506999999999585e-03
-4.525234000000000201e-02
6.025004999999999944e-03
3.875428399999999995e-02
1.877487300000000095e-02
-2.356545000000000167e-02
1.342838600000000049e-02
-3.808139600000000086e-03
1.700360899999999939e-02
-1.221753599999999933e-02
1.766848400000000166e-02
6.004360000000000253e-03
5.396363300000000043e-03
1.028390150000000058e-01
3.668135000000000145e-02
-3.093005000000000060e-02
-4.268601000000000339e-02
2.854211400000000037e-02
-1.039953099999999962e-03
-5.016105600000000247e-02
2.718923399999999962e-03
-2.554555400000000157e-02
-4.901928399999999977e-03
-5.409321200000000163e-02
2.571598599999999971e-02
3.530484400000000189e-02
-2.734191500000000136e-02
1.881337699999999918e-02
3.277787599999999746e-02
-4.803770799999999841e-02
-3.367742200000000134e-04
-9.401957000000000716e-03
2.865193900000000127e-03
1.292962199999999999e-02
-1.043900849999999936e-02
2.134466999999999962e-02
-5.632136799999999666e-02
6.767196999999999796e-02
-3.550584600000000063e-02
-4.461172599999999738e-02
5.314243999999999912e-02
3.716210000000000346e-02
3.518830600000000253e-02
-5.875321499999999753e-02
-3.448596999999999774e-02
-5.964410299999999693e-02
2.130471499999999838e-02
-3.439003999999999672e-02
-3.687947799999999852e-03
3.620028499999999871e-02
-3.537337499999999857e-02
1.407167299999999982e-02
-4.416931000000000329e-02
2.379989299999999905e-02
-1.639519600000000077e-02
-4.170591399999999671e-02
-2.520012900000000167e-02
3.088099999999999873e-03
1.176005200000000001e-02
-2.340641400000000039e-02
2.460619000000000001e-02
2.703630399999999972e-03
-2.128600699999999915e-02
-2.124269299999999912e-03
1.973743400000000162e-02
-3.560518400000000066e-03
1.518359300000000044e-02
2.743663600000000036e-02
-4.698500000000000419e-03
1.557541100000000081e-02
-2.519533500000000186e-03
-1.028167999999999964e-02
5.176446600000000203e-02
8.813075000000000075e-03
4.797834000000000126e-02
1.774343499999999837e-02
5.682663999999999771e-02
6.994340599999999963e-02
2.327990500000000004e-02
1.961565599999999868e-02
3.643053000000000263e-02
5.611052999999999874e-02
3.297529700000000064e-02
9.024212000000000206e-03
2.960787200000000036e-02
8.293988600000000433e-02
4.591744999999999854e-02
-3.935847999999999604e-03
7.052965999999999402e-02
-2.790050999999999989e-02
7.029668999999999501e-02
-1.947197900000000037e-02
-2.363588299999999989e-02
-2.403243000000000046e-02
-4.516273999999999983e-02
5.596539000000000201e-03
-1.757255799999999854e-02
2.453728399999999948e-02
-3.228522999999999810e-02
-1.332757300000000054e-02
-4.664757499999999668e-02
1.636711700000000047e-02
-3.616865999999999831e-02
7.892988000000000087e-03
-4.077413700000000196e-02
-4.914568400000000198e-02
-2.275773000000000032e-02
-4.100448000000000287e-02
2.030454799999999865e-02
-1.559757349999999973e-02
1.911590200000000059e-02
2.044743900000000128e-02
-6.827158399999999974e-03
2.143322099999999883e-02
-2.476679999999999854e-02
1.355375699999999961e-02
9.061763999999999388e-05
-5.190533399999999742e-02
-2.959356199999999860e-03
1.342091299999999959e-02
1.138422899999999918e-02
-2.320028500000000105e-02
4.546256699999999843e-04
-8.057092999999999330e-05
1.947057599999999986e-02
-2.847884299999999848e-03
-5.570498499999999853e-02
-2.827071600000000129e-02
-4.443153400000000169e-02
4.939446699999999919e-03
-6.024144599999999711e-03
1.299812550000000073e-02
-4.950821000000000215e-03
-3.341853000000000098e-03
-5.543388400000000271e-02
3.884872799999999904e-02
-3.587679199999999763e-02
-4.932190000000000185e-02
1.944946499999999912e-02
3.327331000000000039e-02
-1.011255500000000050e-02
-8.870720999999999815e-03
-3.942102200000000001e-02
4.698571199999999892e-02
-2.253143700000000138e-02
-2.225921700000000128e-02
-6.232618000000000186e-02
-2.192349199999999929e-02
-7.418666999999999623e-02
-4.217279300000000009e-02
2.368854100000000133e-03
8.301278000000000476e-03
3.081303800000000093e-02
-4.732685999999999837e-02
-1.640034099999999884e-02
-6.365600000000000425e-02
-2.318378200000000000e-02
-3.348685800000000129e-02
-2.120732900000000046e-02
5.710525400000000112e-02
9.415346999999999258e-03
-1.893887400000000051e-03
5.060086400000000234e-02
7.956005000000000368e-03
-2.795562299999999802e-04
-5.322975299999999771e-02
7.547712000000000420e-05
4.227977200000000019e-02
1.635401900000000089e-02
5.677188200000000268e-02
-2.396842700000000048e-02
-6.290144999999999591e-03
-1.544601700000000069e-03
8.096095999999999848e-02
-7.233497699999999996e-03
-5.823441199999999929e-02
-5.042512300000000225e-02
-3.848951999999999929e-02
-4.411970700000000106e-03
-2.701811900000000016e-02
-5.883829699999999947e-03
1.695468199999999957e-03
3.035753399999999852e-02
8.579064999999999608e-02
7.338906600000000280e-03
-3.565340000000000176e-02
8.501823000000000366e-03
-2.120377500000000109e-02
-6.288040999999999769e-02
2.615218199999999951e-02
5.364917599999999981e-02
3.368299500000000030e-02
1.060292000000000005e-02
-5.311860199999999914e-03
-6.505530300000000356e-03
-1.807388799999999976e-02
2.847005199999999916e-02
3.014673299999999848e-02
-2.556878099999999876e-02
-5.519973600000000272e-03
-4.250770999999999716e-02
4.193527999999999839e-02
-2.007772400000000165e-02
5.277829199999999575e-03
6.352990999999999500e-02
1.521880500000000018e-02
-7.368706000000000041e-03
-5.065072000000000324e-02
1.165391699999999975e-02
-1.849848100000000108e-03
-1.951133600000000065e-02
1.387287700000000047e-02
-4.167831000000000313e-02
-3.932390699999999822e-02
1.656637700000000019e-02
2.290730599999999881e-02
4.763980200000000192e-02
1.772904200000000041e-02
2.103797699999999937e-02
-2.572077999999999864e-02
-6.845912000000000004e-03
-3.330998799999999784e-03
-3.873567300000000171e-03
3.958846999999999713e-03
-2.707077000000000094e-02
-2.663207199999999969e-02
-1.925046999999999869e-02
4.873630999999999797e-02
-9.214043999999999360e-03
1.208009900000000039e-02
-5.083861000000000283e-03
-2.049474600000000118e-02
-7.172720000000000484e-02
-9.714822999999999167e-03
7.087061599999999739e-02
-1.969183199999999939e-02
1.108860799999999980e-01
-1.137793900000000011e-02
8.921472999999999209e-03
2.953712299999999846e-02
1.963402900000000076e-02
-1.618790800000000085e-02
-4.358618300000000056e-02
-4.808367000000000197e-02
-3.016693499999999889e-02
7.549230999999999997e-03
-1.263785299999999924e-02
3.975918999999999981e-02
3.955462600000000245e-02
2.679530499999999843e-02
6.721166500000000377e-02
-7.502813399999999806e-03
1.636444800000000019e-02
5.323247200000000290e-02
-1.629172300000000101e-02
1.380120599999999989e-02
3.743877000000000316e-02
3.247704399999999658e-02
4.995076000000000203e-03
5.120422300000000010e-02
-4.043233799999999822e-02
5.117183000000000148e-02
4.642282999999999653e-03
1.633027399999999868e-04
6.667028999999999317e-02
1.403745600000000024e-02
8.270286499999999477e-04
-1.829828000000000010e-02
3.270933199999999808e-03
-6.861825000000000563e-02
-7.926555000000000059e-03
4.097006499999999996e-02
5.855463400000000124e-03
-5.249569199999999658e-02
-7.458766500000000091e-03
-8.030139999999999847e-03
-5.464875999999999762e-02
4.642592000000000246e-02
-1.793636800000000114e-02
-5.697598300000000088e-02
3.285908700000000210e-02
3.162664500000000184e-02
-4.295970500000000081e-02
-4.381924000000000236e-02
-1.660309399999999880e-02
-2.108891699999999869e-02
-5.044246000000000493e-04
-9.339574999999999266e-03
-1.267905599999999931e-02
6.439816699999999922e-03
-5.073910000000000052e-03
-6.257363400000000297e-02
1.854812700000000106e-02
5.180374700000000415e-03
-3.894006000000000203e-03
-3.101033200000000069e-03
-3.906405999999999767e-02
-1.155800499999999967e-03
-2.244314700000000010e-02
2.622966100000000134e-02
-3.407609600000000016e-03
-2.711521799999999996e-02
8.192750999999999506e-02
-1.760834600000000041e-02
-4.218916200000000227e-02
-4.646961799999999726e-02
1.163928399999999974e-02
8.233444400000000662e-02
-6.494328000000000600e-02
