7.276758999999999311e-02
3.828987500000000099e-02
-4.827631999999999757e-02
-6.784416300000000247e-03
9.141118999999999634e-03
3.530304000000000081e-02
3.795513999999999832e-02
5.772865199999999836e-02
2.259302400000000061e-03
8.403511000000000661e-03
5.812465399999999782e-02
6.381615000000000204e-02
2.977495299999999984e-02
5.714434699999999812e-03
1.026482199999999984e-02
-8.204695999999999170e-03
-3.713196800000000044e-03
-1.097497400000000019e-02
-3.081557299999999888e-02
-1.919168200000000157e-02
-4.699548700000000245e-02
7.032021400000000415e-03
5.007109399999999655e-02
2.134398599999999882e-02
-2.906574199999999945e-03
-4.464101999999999654e-02
-3.826029200000000130e-02
-6.340592000000000450e-02
2.878143999999999841e-02
-9.850615000000000065e-02
1.560844999999999941e-02
1.451243699999999956e-02
1.994269999999999810e-03
-2.124305599999999974e-02
4.666958400000000007e-02
1.204402650000000081e-02
-2.574554999999999747e-04
2.653731299999999987e-03
-4.664668000000000286e-03
-6.807622000000000673e-02
-4.411047700000000210e-02
-1.020983200000000028e-02
1.716826100000000107e-03
4.380143999999999704e-02
-3.698358000000000201e-02
-7.581733999999999696e-02
-4.878913000000000347e-03
-3.111692099999999878e-02
-4.865938999999999681e-02
3.807246300000000083e-02
6.995580999999999848e-03
6.362797000000000591e-02
-1.831144300000000016e-02
8.362642999999999466e-03
-1.868320399999999840e-02
-6.135476000000000124e-02
2.554196900000000117e-02
-5.117382400000000317e-03
6.257501000000000035e-02
-4.076682799999999801e-02
2.907307599999999978e-02
-6.333258999999999417e-02
7.382266699999999980e-03
-5.112055000000000071e-02
6.694844499999999879e-03
-7.297961399999999821e-02
1.367998599999999988e-02
-5.553178999999999754e-02
-6.610096999999999501e-02
-6.322218600000000313e-03
-1.418842000000000020e-02
-1.165940000000000032e-02
-2.502707800000000121e-02
-1.449385100000000030e-02
1.547297199999999977e-02
3.372889400000000232e-02
-2.262018600000000046e-02
-3.106870500000000028e-03
2.509322599999999973e-02
7.273278999999999682e-03
-3.924474000000000018e-02
-3.679381699999999950e-02
1.776743299999999914e-02
4.974656999999999690e-02
4.927988000000000333e-03
5.167063000000000211e-02
6.125202399999999867e-03
-6.093549399999999977e-02
-2.060478400000000099e-02
1.302707200000000065e-02
1.033184300000000028e-01
3.203493699999999944e-02
-2.524615800000000118e-02
3.425544500000000242e-02
8.596399999999999875e-02
-3.060403000000000082e-02
-4.802508999999999945e-02
-1.332093500000000041e-01
2.994714899999999930e-02
3.331269299999999739e-02
-2.844234499999999909e-03
-2.859991300000000198e-03
-2.338867000000000029e-02
1.647322000000000022e-02
2.130034199999999989e-02
-2.298773999999999956e-02
3.168121199999999939e-03
-6.933176000000000616e-02
-9.707767000000000479e-02
-2.253712999999999897e-02
9.157265000000000543e-02
2.048037999999999942e-02
4.092695600000000045e-02
-2.021208799999999958e-02
-2.253278999999999959e-03
2.307527300000000031e-02
-4.861112299999999914e-02
3.625136200000000225e-02
-2.173348699999999925e-02
-3.296037000000000272e-02
4.023120000000000168e-02
6.525493999999999739e-02
-4.549285000000000134e-02
5.247399199999999708e-02
3.346984499999999807e-02
-2.483942499999999831e-02
1.535048099999999915e-02
-2.910021999999999956e-02
-2.843439199999999931e-02
1.512367799999999977e-02
5.643503999999999882e-02
-4.754441599999999907e-02
4.170714699999999997e-02
1.950971400000000092e-02
-2.425278000000000156e-02
1.502855800000000045e-03
6.542955000000000298e-02
5.887985999999999914e-02
-1.981500800000000027e-03
4.432335999999999915e-02
-2.214632399999999848e-02
-4.042463400000000096e-02
-7.944903000000000381e-02
8.301916499999999199e-03
-4.492130999999999902e-02
-5.736410599999999804e-02
1.582698299999999933e-02
3.154394800000000221e-02
-5.830615299999999598e-03
-1.677712199999999848e-02
-3.605121700000000345e-02
-1.472909199999999919e-02
7.168904000000000248e-03
-1.142987300000000012e-02
-2.037142600000000150e-02
4.475593600000000311e-02
-4.225740000000000052e-02
5.588222999999999802e-03
3.283585199999999871e-02
1.042229799999999998e-02
1.595306999999999975e-02
-4.033703000000000288e-02
-1.208833599999999987e-02
7.059964000000000517e-02
-8.074736600000000097e-02
-2.230463999999999928e-04
-1.479484099999999911e-03
-3.604526400000000047e-02
7.921693999999999958e-03
7.319410999999999626e-03
-5.884187700000000076e-02
-7.070038500000000448e-02
-5.480076400000000181e-02
-9.538700999999999430e-02
-2.183939500000000103e-02
-1.303891500000000118e-04
1.058787799999999892e-03
-2.723078799999999883e-02
-2.530973400000000040e-02
-8.744243000000000501e-03
8.720803000000000582e-02
-3.645339599999999902e-02
1.285145799999999963e-02
-3.455783800000000044e-02
2.216889000000000099e-03
-1.398674199999999992e-02
2.658993399999999910e-02
2.284625200000000092e-02
4.711321699999999890e-02
2.775307200000000016e-02
-3.338406000000000012e-02
1.154915150000000029e-02
-3.843221799999999803e-03
7.792331300000000099e-03
-7.144260700000000172e-03
6.547003999999999324e-02
-7.508453000000000002e-03
6.300576500000000177e-03
3.004479200000000072e-02
-3.373054000000000330e-02
5.619136599999999954e-02
2.826486500000000013e-02
3.702843200000000001e-02
1.356432599999999981e-02
-1.171475899999999994e-02
2.387353799999999970e-02
-1.003640299999999930e-02
-1.702950699999999928e-02
1.401444299999999969e-02
1.307594200000000012e-02
-5.333854300000000215e-02
-6.027533499999999933e-02
5.429362000000000077e-03
-4.984067800000000284e-03
4.329035800000000100e-02
2.319396799999999884e-02
1.601411599999999838e-02
1.524065099999999916e-02
3.777212299999999773e-02
-2.695470499999999894e-02
4.071559799999999868e-02
1.822771700000000092e-02
-3.933081000000000077e-02
4.419278000000000095e-02
1.872288800000000003e-02
1.913818899999999990e-02
-6.395971000000000295e-02
9.210691999999999491e-03
3.398843800000000189e-03
-6.509702000000000544e-02
-1.428797600000000084e-02
2.404940300000000045e-02
3.859222300000000189e-02
-6.224813700000000199e-02
-2.311510599999999985e-02
4.631585600000000247e-02
-2.229932000000000095e-02
9.041840000000000641e-03
-1.481344549999999947e-02
-3.846497499999999847e-02
1.384964200000000055e-02
5.151044599999999793e-03
3.479055999999999815e-02
4.282377999999999879e-02
5.598953999999999737e-02
-4.371360299999999671e-02
7.532047499999999784e-02
3.222247200000000200e-02
-1.338188799999999977e-03
1.801179199999999869e-02
-3.345319000000000070e-02
-8.494312999999999864e-04
-2.310119000000000061e-02
2.580999999999999961e-02
-2.023543400000000006e-02
2.685517000000000112e-02
-1.934806600000000057e-02
3.636251800000000339e-02
8.460581000000000004e-03
1.796154299999999995e-02
2.958822300000000030e-02
1.300340600000000034e-02
1.464154299999999992e-02
-2.815184600000000120e-02
-4.248356999999999828e-02
-5.526508000000000115e-02
-8.515728999999999660e-03
-1.971781400000000017e-02
3.283068300000000200e-03
-5.088978599999999936e-02
4.986491400000000324e-02
-3.053798699999999908e-02
-2.390217199999999931e-02
-2.888194499999999915e-02
-2.631359000000000128e-02
2.117466999999999960e-02
-2.307496599999999884e-02
3.761438399999999897e-03
-1.199252399999999920e-02
-3.333930000000000227e-02
2.351496200000000036e-02
-1.634182400000000132e-02
-2.587790200000000124e-02
-1.932658400000000082e-02
1.442593999999999994e-02
4.620924999999999686e-03
1.810301699999999903e-02
2.608566000000000010e-02
-1.603821899999999939e-02
-6.856740000000000057e-02
3.480580999999999953e-02
1.129548600000000041e-02
-4.890958599999999795e-02
-5.341695999999999944e-02
2.264557000000000028e-02
-9.103276000000000423e-03
5.899831700000000151e-02
3.211509399999999681e-02
2.190240200000000050e-03
-2.480229499999999851e-02
1.489691800000000031e-02
1.958418500000000048e-02
-6.075580399999999659e-02
4.752266000000000129e-02
-5.067768699999999904e-02
7.272460500000000293e-03
-4.781761000000000345e-02
1.157847199999999938e-02
-4.066609999999999669e-02
1.398524299999999963e-02
4.834141599999999817e-02
3.882577999999999724e-02
-2.498049800000000029e-02
-1.365384099999999989e-02
-2.860475499999999907e-02
-3.645015499999999797e-02
-1.131967160000000028e-01
5.645640299999999859e-05
7.822225999999999832e-03
3.028260500000000063e-02
1.384572300000000075e-02
7.902470999999999454e-03
-5.909342000000000067e-02
8.532097000000000639e-03
1.455654200000000044e-02
-2.498277000000000136e-02
3.303415299999999666e-02
-6.943032999999999497e-04
5.717487000000000263e-02
1.898227300000000090e-02
3.765432999999999975e-02
9.841151000000000672e-04
2.175405999999999868e-02
-6.117617699999999825e-02
1.030124900000000017e-02
-9.153813999999999701e-03
-8.771246000000000598e-02
-1.792877199999999907e-02
3.808807200000000059e-02
-7.231834300000000021e-03
6.069938700000000222e-03
-2.238770799999999922e-02
4.527074500000000112e-02
2.991668299999999947e-02
7.378492500000000121e-03
-2.957303000000000015e-02
-8.128132999999999886e-02
-2.692869900000000039e-02
3.079102200000000122e-02
3.048710300000000151e-02
2.950400499999999981e-02
6.162012399999999834e-02
3.421914599999999890e-02
-4.250013999999999875e-02
-6.412544299999999725e-03
5.024279699999999876e-02
2.245714999999999864e-02
3.791609399999999741e-02
5.026155699999999837e-02
4.487681400000000098e-02
2.369287399999999918e-02
8.544105999999999229e-03
-2.074218699999999874e-02
3.243747000000000297e-02
5.399549000000000015e-02
2.420373400000000105e-02
3.785555000000000170e-02
3.906643399999999711e-02
-3.294487299999999952e-02
-2.764884399999999881e-02
-2.526778500000000094e-02
2.652920400000000067e-02
4.255231999999999765e-02
1.959848200000000040e-02
4.522917800000000182e-02
-4.543667700000000170e-02
-3.135128300000000062e-02
1.808821800000000009e-03
-1.265286100000000049e-03
1.243589799999999916e-04
-4.110687600000000053e-02
-2.850384300000000093e-02
-1.150208299999999975e-02
2.398915599999999933e-03
-5.185743999999999770e-02
3.831644699999999654e-02
-5.888257999999999687e-02
1.613866699999999890e-02
-4.684294599999999642e-03
-3.908036299999999991e-02
-3.996072700000000144e-02
4.348356300000000285e-02
6.069391999999999843e-03
2.014680400000000079e-02
-5.036523999999999862e-02
8.251569000000000265e-02
4.070735400000000115e-02
2.236642000000000057e-03
1.466183100000000017e-02
-9.301761000000000404e-03
1.439294200000000058e-02
-2.969563000000000064e-02
3.666571500000000150e-02
-4.731274399999999686e-02
2.586083900000000005e-02
-3.626412999999999859e-02
9.434201000000000392e-02
3.905535700000000148e-03
-6.409428999999999821e-02
7.458998999999999491e-02
-9.919168000000000776e-03
4.333207000000000378e-03
-2.183616899999999902e-02
8.240752000000000493e-03
-5.140562399999999699e-02
-8.606453000000000020e-03
2.162804999999999936e-02
1.261602900000000083e-02
1.479540900000000068e-02
6.824903999999999693e-02
2.903894500000000004e-02
2.162490200000000140e-02
6.677381700000000267e-03
1.295130899999999939e-02
1.738466099999999917e-02
-5.147010999999999947e-02
-3.613129000000000340e-02
-1.522615599999999937e-03
-9.938426000000000204e-03
1.506458900000000106e-03
1.458940100000000011e-02
1.722629700000000152e-02
-3.039263400000000170e-02
3.963027999999999690e-02
-1.568950200000000100e-02
6.734099999999999808e-03
3.198984299999999698e-02
5.940875499999999712e-03
-3.091707600000000167e-02
6.020111999999999686e-02
4.939260000000000178e-02
3.266075000000000228e-02
5.742052599999999951e-02
4.493074500000000283e-03
2.066259300000000080e-03
-7.418985000000000336e-03
1.554733049999999957e-02
5.579858600000000245e-03
-1.238273999999999972e-02
-1.469379500000000081e-02
5.752482500000000339e-03
-1.066509700000000012e-02
-1.406890499999999961e-02
-5.956157699999999749e-02
-4.970529700000000245e-02
1.689592700000000156e-02
-3.055428199999999858e-02
6.553588999999999942e-02
-3.621291699999999725e-02
-2.820128200000000113e-02
-3.511353600000000075e-02
-2.295862499999999987e-02
3.039421499999999873e-02
2.547131899999999921e-02
-1.469569649999999915e-02
5.700343299999999745e-03
-2.259358599999999884e-02
3.079762499999999861e-02
3.304102999999999901e-02
6.541460800000000082e-03
2.628215399999999854e-02
4.855352000000000279e-03
5.745979999999999838e-02
-7.570580999999999838e-03
-7.071505799999999904e-03
1.402227200000000056e-02
2.725062500000000054e-02
-2.744027000000000011e-03
2.069923799999999828e-02
-2.297500900000000110e-02
-2.096653199999999953e-02
-5.663945000000000091e-03
-3.824555999999999789e-02
2.858845499999999873e-02
1.218953499999999961e-02
-2.034371000000000096e-03
-6.144277000000000072e-03
1.961615600000000091e-03
-3.871957599999999861e-02
1.387891450000000061e-02
5.938188400000000283e-02
1.088625800000000022e-03
-1.697361999999999829e-02
-2.407631500000000091e-02
2.413487200000000166e-02
-1.541194700000000049e-02
4.208196300000000001e-02
-1.368676800000000020e-02
-2.907830999999999957e-02
6.983654000000000250e-02
6.260145500000000029e-02
3.416567699999999846e-02
-3.227600500000000344e-02
-6.796169999999999815e-03
8.736785500000000121e-03
1.013049000000000067e-02
-9.332980000000000442e-02
1.315097299999999983e-02
6.504965599999999737e-02
3.608575499999999714e-02
3.837216599999999922e-02
-4.396546600000000166e-02
9.680618499999999946e-03
-6.101810000000000046e-03
-3.547778000000000043e-02
-3.567864400000000241e-02
-3.556491299999999835e-03
2.482708999999999958e-02
-3.989978500000000011e-02
1.918421999999999836e-02
2.485449199999999886e-02
-3.408686400000000144e-02
-2.404716200000000040e-02
-2.419495799999999905e-02
-3.454427399999999981e-02
4.006110000000000226e-02
6.842340500000000658e-02
4.434824500000000141e-03
3.016187299999999877e-02
4.928260000000000279e-03
-1.298124699999999958e-02
6.660908499999999843e-02
-2.086624999999999938e-02
2.811792700000000089e-02
3.305228999999999806e-02
2.349731999999999862e-02
6.478229000000000626e-02
1.839031299999999841e-02
2.288406999999999941e-02
1.204724400000000036e-02
5.066638400000000181e-02
7.757935000000000525e-02
1.019701800000000040e-02
2.092681299999999897e-02
3.873939600000000059e-03
5.587078000000000183e-02
-2.385218799999999986e-02
4.157783999999999786e-02
-2.722188299999999880e-02
2.956548999999999983e-02
-5.025293699999999752e-02
-3.817491600000000318e-02
-7.392754999999999986e-03
-4.663636499999999907e-02
3.065250300000000108e-02
1.084509300000000009e-02
6.401036000000000226e-02
-3.529642999999999670e-02
-5.349120999999999737e-02
-2.260352700000000173e-02
8.713759499999999825e-02
-2.362522300000000075e-02
2.586238299999999921e-03
-2.311579999999999885e-02
-2.106412699999999846e-02
-3.287285599999999891e-02
-4.026157799999999926e-02
3.583048700000000114e-02
-5.981280700000000082e-04
2.020661899999999858e-02
-1.373976699999999995e-02
-2.004393100000000181e-03
5.147186699999999754e-02
-2.019709500000000171e-02
8.116978399999999483e-02
-3.387148000000000242e-02
-4.748797999999999908e-02
-9.826295999999999989e-03
6.215982500000000188e-02
2.244413500000000047e-02
3.196877199999999947e-02
-1.079997199999999970e-02
4.471388999999999919e-02
7.288235700000000351e-03
-5.749133000000000021e-03
-2.505350300000000127e-02
2.504221300000000067e-02
-4.627220299999999786e-02
-2.143803199999999923e-02
9.742506999999999209e-03
-9.662818000000000102e-03
3.914581999999999784e-02
9.565738000000000713e-03
-3.138213599999999798e-02
1.639666300000000012e-03
-3.722268699999999736e-02
-5.015583299999999689e-02
3.005348799999999973e-03
5.730481999999999937e-02
1.845193100000000128e-02
2.734704300000000143e-02
-5.366898700000000133e-02
1.859691000000000122e-02
-2.003910600000000097e-02
-5.177607000000000520e-04
-2.366022799999999843e-02
-6.464643999999999946e-02
-5.176436000000000232e-02
-2.771435900000000091e-02
4.395910699999999727e-02
-2.135736000000000058e-03
4.049157999999999924e-02
-4.556066000000000282e-02
-3.288408999999999777e-02
-4.529604300000000111e-02
2.398300599999999899e-04
-5.879851999999999995e-02
-3.534673499999999718e-02
-5.379339300000000185e-02
2.956369500000000095e-02
2.702050699999999916e-02
1.853983299999999862e-02
4.942482299999999967e-02
-3.194733300000000137e-02
-3.772678000000000142e-02
7.345483600000000078e-03
4.241794699999999751e-02
2.561356600000000081e-03
5.519007499999999816e-02
-4.474287999999999876e-02
-2.696150199999999830e-02
2.030565399999999937e-02
4.072841299999999803e-02
-2.857627000000000084e-02
-2.153495999999999883e-02
-2.870150299999999974e-02
-2.785315400000000149e-02
-7.988814999999999805e-03
1.896192899999999890e-02
-1.024691200000000038e-02
2.052110799999999971e-02
6.015077199999999819e-02
7.982516000000000611e-02
-4.266368999999999891e-03
-3.379178000000000043e-03
-3.002183900000000155e-02
8.424723500000000018e-03
-4.230213499999999766e-02
-2.251702499999999954e-02
2.489038199999999909e-02
1.605606999999999868e-02
1.993069800000000016e-02
-2.836298599999999975e-02
2.412142200000000000e-02
-2.717639999999999986e-02
1.306657399999999920e-02
2.646469699999999883e-02
7.709610999999999461e-04
7.406672999999999903e-03
2.164144800000000063e-02
8.005816500000000405e-03
-2.809382599999999883e-02
1.422832100000000037e-02
5.525951999999999947e-02
-1.810524800000000043e-03
4.151985400000000187e-02
-4.524976800000000271e-02
2.387665400000000063e-02
-5.965237499999999707e-03
-4.636006399999999944e-02
-1.104225799999999924e-02
-2.469531599999999841e-02
-1.777940199999999971e-02
3.227004800000000256e-02
4.623801000000000300e-03
6.095775399999999594e-03
4.478074600000000322e-02
3.853057700000000335e-02
-5.446225799999999950e-02
7.686340699999999644e-03
-3.107214300000000172e-03
3.912952699999999728e-03
2.850576999999999972e-02
-6.745867999999999309e-02
1.106781899999999957e-02
-4.543296999999999961e-03
3.337840400000000041e-02
-4.156776999999999694e-02
2.126134699999999988e-02
4.498777999999999805e-02
-3.323867500000000225e-02
-9.044327600000000300e-02
-3.360072499999999796e-02
1.076711699999999966e-02
4.236300300000000324e-02
8.622976000000000252e-02
-1.792254100000000017e-02
-2.676704699999999867e-02
-1.275593200000000064e-03
1.524443500000000062e-02
-1.523729899999999929e-02
-2.915971499999999925e-02
3.085829299999999845e-02
9.735053999999999930e-03
-5.558876299999999590e-03
-3.545607699999999904e-03
7.458597399999999933e-02
2.476352799999999993e-02
-2.364638999999999977e-03
4.098817700000000064e-02
-5.473901999999999934e-02
4.398209000000000146e-02
5.694509700000000008e-02
-3.355829800000000029e-02
1.628162899999999885e-02
-1.823108999999999841e-02
6.435443000000000413e-02
7.286441000000000445e-02
4.134068300000000307e-02
1.988518800000000156e-02
5.697395300000000079e-02
3.385346399999999978e-02
2.440169299999999861e-02
3.722228500000000079e-02
4.241813399999999797e-04
1.087707800000000009e-02
-1.509021699999999952e-02
-1.777597100000000152e-02
-3.900106600000000090e-02
1.897681000000000021e-02
1.880519500000000024e-02
3.441596799999999817e-02
-2.316481199999999990e-02
-3.988835999999999771e-02
-9.564747999999999653e-03
-2.721340599999999901e-02
2.957763899999999932e-02
-3.840531999999999974e-02
1.082466099999999931e-02
1.991157600000000027e-02
2.823479500000000003e-02
-6.151479999999999969e-03
-6.509955500000000166e-03
-6.114721299999999887e-02
-5.462241999999999965e-03
3.645670799999999739e-02
-3.777780399999999816e-02
5.416294400000000453e-04
-7.565783300000000072e-03
-2.765713399999999988e-02
-8.404248999999999747e-02
3.375387999999999999e-03
-5.770716399999999829e-02
2.769554600000000144e-02
3.195445599999999914e-02
5.238223000000000185e-03
-1.735865899999999851e-02
-6.995052600000000072e-03
1.303180800000000063e-02
-2.757241699999999924e-03
3.267000600000000143e-02
1.020812700000000017e-01
-3.807223199999999752e-02
4.561551399999999763e-03
-6.947997000000000201e-02
3.147303299999999748e-02
4.983315600000000345e-02
-4.246327700000000066e-02
