6.257356000000000029e-02
3.899847399999999825e-03
-5.983730400000000088e-02
-1.237723899999999995e-02
-3.021205999999999892e-02
6.826547500000000601e-02
2.550287899999999913e-03
-1.459168549999999981e-02
-2.216876999999999910e-03
-1.027273540000000026e-04
4.011590999999999768e-02
4.390970200000000184e-02
3.940408000000000105e-02
5.011429299999999726e-02
-1.291496899999999869e-04
-2.003401900000000013e-02
1.778538500000000078e-02
5.642149199999999670e-02
-1.031897199999999917e-02
-2.588500599999999860e-02
-2.806820900000000021e-02
4.487641500000000283e-02
2.643890000000000129e-02
9.055581000000000047e-03
-1.621757000000000060e-02
-1.924862899999999974e-02
-1.222889599999999952e-02
-4.394814999999999833e-02
3.046460999999999874e-03
-1.231568160000000023e-01
2.311055000000000054e-02
2.816173400000000077e-02
2.952708700000000047e-02
-2.260822999999999999e-02
7.080836000000000074e-02
3.921505799999999708e-02
-6.913009000000000341e-03
-1.142343199999999942e-03
1.063218800000000075e-02
-8.147293999999999370e-02
-1.616344200000000009e-02
-4.160315500000000277e-02
2.368352400000000094e-02
1.658377399999999904e-02
-4.799653200000000147e-02
-4.752644999999999786e-03
-2.172454600000000083e-02
1.993059599999999834e-02
-4.236746000000000262e-02
5.273785999999999752e-02
2.652022000000000060e-02
4.148175199999999674e-02
-1.427242500000000004e-02
-2.923551400000000064e-02
-1.016670650000000078e-02
-6.926683999999999619e-02
-1.401734349999999955e-02
1.474298999999999922e-02
7.090578999999999632e-02
-5.200770500000000129e-02
-6.317298399999999974e-03
-7.028953600000000315e-03
-9.838602999999999151e-04
-2.772425699999999868e-02
1.749955099999999861e-02
-8.342092500000000688e-02
2.588959899999999925e-03
-4.540360699999999861e-02
-3.557312499999999711e-02
3.693667400000000267e-02
-1.661345700000000161e-02
-5.872882999999999749e-03
-2.675323199999999832e-02
-1.202005199999999982e-02
-5.354535199999999745e-02
2.054908000000000082e-02
-3.941051000000000276e-02
-7.378778400000000036e-03
2.481704599999999886e-02
-3.390689599999999887e-03
-3.271563400000000038e-02
5.750296000000000227e-03
9.644118000000000135e-03
5.191207700000000091e-02
1.715183299999999827e-02
6.643941000000000430e-02
2.673361600000000171e-02
-3.981144999999999823e-02
-5.517857000000000317e-02
-4.642275599999999731e-03
1.139041499999999957e-01
3.722581300000000343e-02
9.819400500000000434e-03
2.811846299999999979e-02
3.244637999999999689e-02
-1.802492099999999930e-02
-6.442061999999999788e-02
-1.028303950000000050e-01
-1.176417599999999945e-02
1.634876000000000038e-02
4.247664499999999690e-03
1.893362200000000065e-02
-4.715683999999999848e-02
-2.714159000000000016e-02
4.097724700000000136e-02
7.221120400000000279e-03
2.067096499999999948e-02
-7.131348599999999538e-02
-7.801300999999999375e-02
2.349967500000000112e-02
2.760253099999999959e-02
-6.431206999999999766e-04
5.097597000000000239e-02
3.169309000000000015e-02
-1.975042399999999906e-02
-3.754928499999999995e-03
9.435928999999999151e-03
1.869445700000000113e-02
-2.487266000000000130e-02
9.177542999999999812e-03
2.807094900000000129e-02
9.398004399999999869e-02
-5.122932000000000180e-02
5.905026199999999920e-02
3.811694699999999825e-02
2.865848000000000007e-02
-1.938738300000000109e-02
-3.703449999999999798e-02
-1.950069000000000108e-02
-1.043964550000000061e-02
2.538245199999999979e-02
-3.003441000000000097e-02
1.142820599999999978e-02
3.048007599999999831e-02
4.508286700000000043e-03
2.143205700000000088e-02
7.603880000000000361e-02
2.964664300000000030e-02
-1.819718400000000166e-02
4.927809500000000092e-02
-1.671640400000000068e-02
-3.792574600000000323e-02
-7.203054000000000401e-02
3.721193200000000312e-02
-6.669212600000000088e-03
-6.593355500000000480e-02
5.300413000000000346e-02
3.908774999999999750e-02
-4.301003000000000291e-03
-3.494193999999999772e-02
-5.061182799999999760e-02
2.018366200000000152e-02
3.210139599999999732e-02
-2.332789000000000043e-02
-1.652497199999999888e-02
3.751361400000000068e-02
1.863639400000000057e-02
-2.475695099999999926e-02
3.729720999999999731e-02
-2.364976300000000073e-02
2.554323199999999905e-02
-4.145901999999999921e-02
-3.913594400000000410e-03
6.460548000000000679e-02
-4.992490599999999806e-02
-2.890054699999999865e-02
-2.844774600000000205e-03
-7.830331000000000097e-02
-2.424139699999999981e-04
-4.765170600000000201e-03
-4.105790299999999976e-02
-8.554138000000000019e-02
-5.318312000000000039e-02
-6.670590499999999590e-02
-1.680541199999999874e-02
6.490235999999999922e-03
-2.508936399999999942e-03
-1.566751499999999991e-02
-4.211679499999999854e-02
-7.219147000000000411e-03
6.198943800000000087e-02
1.447808299999999966e-03
2.290759800000000124e-02
-8.882618999999999931e-02
2.940063700000000030e-02
-4.424079000000000032e-03
4.416015699999999850e-02
4.424029599999999840e-02
7.640754999999999943e-03
1.807537299999999875e-02
1.565604500000000038e-02
-1.399791300000000072e-02
-6.499752599999999471e-04
3.770603200000000044e-02
1.967397900000000116e-02
4.196886999999999840e-02
-9.208116000000000564e-03
5.643576400000000111e-03
3.163607000000000224e-02
-6.954095500000000152e-02
5.921201799999999821e-02
4.455112299999999803e-02
2.566149800000000133e-02
-2.337442699999999970e-02
3.949215600000000048e-03
3.026373699999999889e-02
4.481156599999999799e-04
-6.192348500000000033e-02
5.786021799999999798e-02
1.935005999999999879e-02
-4.909143199999999735e-02
-2.249300699999999889e-02
-1.818624099999999882e-02
-1.975479000000000124e-02
3.594018000000000213e-02
1.749832600000000155e-02
5.036805600000000133e-02
-5.910672500000000015e-04
5.828155599999999825e-02
-4.348719000000000195e-02
5.689120300000000130e-02
-3.830385700000000002e-05
-1.143442899999999943e-02
2.028969099999999859e-02
-1.084843400000000055e-02
-4.945253000000000149e-02
-6.461799000000000015e-02
1.981197300000000008e-02
3.518826500000000329e-02
-6.487907499999999439e-02
1.036469599999999963e-02
-4.866839000000000408e-03
4.128438400000000036e-03
-2.512469700000000139e-02
-5.641880299999999654e-02
2.748683999999999850e-02
2.859238700000000036e-02
-4.233111800000000091e-02
1.939190099999999958e-03
-4.572572999999999915e-02
-1.914881599999999993e-03
1.824060599999999949e-02
9.720176000000000510e-03
1.883748999999999840e-02
4.933271999999999657e-02
-3.074036499999999866e-02
6.188496200000000169e-02
-1.540634599999999958e-02
-2.114754500000000023e-02
1.455146449999999980e-02
2.621731700000000040e-02
-2.627955200000000116e-02
-4.912040000000000156e-02
3.145251400000000086e-02
-4.333741599999999666e-02
2.829685599999999870e-02
8.564693999999999433e-03
2.819178599999999993e-02
-3.589289700000000086e-03
-4.729470199999999576e-03
4.394061999999999968e-02
-2.107602500000000170e-02
-2.014301500000000196e-03
-4.997311499999999851e-02
-5.498942999999999887e-02
-4.892040000000000277e-02
-2.128238299999999847e-03
-9.784647999999999957e-03
5.885075299999999697e-03
-2.447260700000000039e-02
2.713655300000000076e-02
-1.878138699999999921e-03
-6.360997000000000179e-02
5.831694000000000114e-03
-4.859571000000000029e-03
2.938071299999999927e-02
9.127192999999999808e-04
2.413846399999999837e-02
-3.272507699999999825e-02
-1.501321050000000053e-02
4.302282999999999802e-02
2.300651199999999980e-02
-1.708732500000000043e-02
-1.429254800000000040e-02
8.381233999999999559e-03
-2.066360199999999966e-02
-6.126379600000000361e-04
1.531784400000000060e-02
3.530334400000000126e-03
-3.971399400000000246e-02
4.121010800000000224e-02
3.872427299999999656e-02
-2.634318500000000160e-02
-6.979229000000000682e-02
2.583259300000000092e-02
1.542658700000000029e-02
5.984525799999999840e-02
3.250590300000000266e-02
-2.683319699999999960e-02
-2.563409700000000152e-02
8.072371000000000060e-03
2.002214800000000003e-02
-9.251373999999999709e-02
5.947786199999999940e-02
-4.133325399999999983e-02
9.624657000000000004e-03
-1.880292900000000078e-03
4.170832000000000012e-02
-9.566190000000000457e-03
1.997407499999999825e-03
1.890350299999999859e-02
4.097024400000000288e-02
-1.730158199999999938e-02
-2.976605699999999854e-02
-4.040349599999999708e-02
-5.431441199999999941e-02
-1.215372700000000028e-01
2.368507699999999969e-03
4.983997700000000058e-02
4.003149000000000290e-02
1.949607000000000076e-02
-1.787441400000000166e-02
-3.866337599999999930e-02
-7.617138300000000396e-03
1.017954199999999976e-02
-5.954781000000000137e-04
1.940210699999999830e-02
-3.974306999999999840e-02
4.250548999999999994e-02
3.915328499999999774e-03
2.188261600000000057e-02
-3.824797299999999761e-02
3.010097100000000067e-02
-5.443296000000000245e-02
1.590799400000000169e-02
-4.050175000000000303e-02
-7.707026999999999628e-02
-1.067734300000000060e-02
7.243903999999999621e-02
3.683176800000000084e-03
9.896281999999999301e-03
1.702279199999999840e-02
4.266090699999999791e-02
-2.123406499999999988e-02
3.301204700000000269e-02
-2.452191499999999830e-02
-8.073523999999999978e-02
-4.853418999999999789e-02
4.699524000000000062e-03
-3.260499799999999875e-03
4.649342000000000058e-02
7.497009999999999785e-02
2.322322300000000117e-02
-4.328156999999999838e-02
-1.408682699999999968e-02
2.424889400000000000e-02
8.560328000000000381e-02
3.703100400000000104e-03
2.132576500000000000e-02
1.380272599999999954e-02
-1.131624699999999976e-02
3.476377000000000113e-03
-2.166577199999999981e-02
5.089637300000000170e-02
2.413239000000000009e-02
1.930512900000000073e-02
3.161156999999999856e-02
4.156467300000000337e-02
8.246717000000000630e-03
-4.937520599999999787e-02
-6.198541000000000120e-03
2.411303299999999900e-02
2.842495699999999809e-03
-9.761214000000000696e-03
3.554693600000000120e-02
-4.498440000000000077e-02
-6.397252999999999967e-02
1.047811499999999965e-02
-4.067078200000000254e-02
-4.321547000000000235e-03
-1.358319499999999930e-02
-3.510464700000000271e-02
-2.953652899999999887e-02
4.301124699999999725e-03
-1.605542000000000080e-02
2.910193000000000155e-02
-1.076614999999999933e-01
3.067553400000000083e-02
-3.456352699999999667e-02
-3.481213999999999836e-02
-1.506498300000000097e-03
5.888945200000000185e-02
-2.554504000000000150e-02
2.797357400000000105e-02
-2.168328699999999901e-02
4.260660000000000142e-02
1.000786600000000068e-02
9.610680999999999391e-03
-2.977134000000000204e-03
4.634733500000000339e-02
2.262984599999999860e-02
-1.201381500000000060e-02
4.710841999999999807e-02
-6.685454000000000396e-02
3.342369199999999790e-02
-1.503431700000000017e-02
9.291257999999999462e-02
2.943241300000000189e-04
-5.138986000000000248e-02
5.466527000000000192e-02
7.343623000000000078e-04
4.348582600000000346e-03
-2.177838199999999891e-02
-2.951413200000000021e-03
-3.333885000000000320e-02
-1.343151100000000014e-02
5.615771600000000335e-02
2.906715299999999835e-02
3.625889000000000195e-02
6.363396000000000330e-02
2.056987999999999872e-02
1.175334400000000064e-02
2.501680699999999855e-02
2.491426299999999899e-02
-4.140753999999999962e-02
-7.473188999999999527e-02
-1.113189399999999982e-02
1.898229699999999867e-02
1.035320300000000006e-02
-1.086023399999999986e-02
1.919239199999999909e-02
1.926002500000000006e-02
-1.291154100000000034e-02
4.932700000000000279e-02
-2.057700399999999943e-02
1.657809699999999997e-02
5.406546000000000268e-02
-5.101006000000000290e-02
-2.207811499999999885e-02
2.820179999999999909e-02
5.863376299999999847e-02
3.560101599999999922e-02
5.809724299999999980e-02
-1.141888100000000052e-02
3.570320799999999930e-03
2.603642299999999951e-02
-6.242573000000000392e-03
3.135476999999999709e-02
4.307416700000000348e-03
-2.758099899999999841e-02
2.122915499999999955e-02
-2.428001200000000012e-02
9.161093999999999835e-03
-5.931352499999999889e-02
-7.392624999999999891e-02
3.856226799999999677e-02
-1.473468399999999963e-02
3.421798699999999832e-02
-3.100600499999999968e-02
-2.219757400000000117e-02
-5.931484299999999904e-02
-6.403675000000000166e-03
4.126837500000000297e-02
2.719964500000000146e-02
-4.740868700000000317e-03
-8.871916999999999998e-03
-3.108446100000000073e-02
2.945310599999999973e-02
1.746665299999999865e-02
5.712991599999999934e-03
2.415463099999999932e-02
3.675090000000000214e-03
8.062189000000000161e-02
2.041461300000000159e-02
-1.950043300000000104e-02
-8.530235000000000595e-03
2.995507299999999786e-03
1.371562900000000002e-02
-7.803724599999999935e-03
-2.494684200000000119e-03
-6.985991300000000091e-03
-2.685808599999999977e-02
-5.266230999999999690e-02
3.170221000000000150e-02
4.274586600000000042e-02
5.320502999999999864e-03
-2.235524499999999928e-02
3.834496400000000221e-02
-3.926948499999999981e-02
1.585607400000000125e-02
1.756773500000000099e-02
1.828674799999999850e-02
-1.856454499999999827e-02
-1.651731000000000033e-02
3.673675299999999699e-02
-8.004455000000000597e-03
9.394607000000000652e-02
-3.530328299999999780e-02
-4.461311500000000180e-02
4.718647000000000119e-02
5.530738999999999794e-02
2.754426199999999991e-02
-7.641979999999999607e-02
-4.201293400000000178e-02
-1.588983799999999988e-02
2.529553899999999883e-02
-6.353667400000000132e-02
-8.145716000000000762e-03
2.444162399999999860e-02
8.223981000000000433e-04
1.304343200000000064e-02
-3.512513999999999914e-02
3.123338100000000103e-02
1.823223200000000099e-02
-5.888783000000000212e-02
-3.048484799999999842e-02
-3.541123800000000026e-03
-1.030518500000000051e-04
-3.481512500000000232e-02
1.100094400000000035e-02
-2.367569099999999958e-03
3.164136000000000227e-04
2.848494999999999933e-03
-1.332756000000000045e-02
-2.628466499999999872e-02
-1.903326099999999924e-03
4.286419600000000024e-02
-2.700597600000000098e-02
-9.614285000000000192e-03
1.461091999999999946e-02
-6.674728000000000432e-03
6.671858999999999429e-02
2.509358500000000158e-02
3.939190000000000053e-02
1.955557999999999949e-02
6.566106500000000457e-02
5.170062599999999953e-02
-1.053678099999999984e-03
5.792723200000000211e-02
9.563449999999999382e-03
5.537407500000000177e-02
3.416563999999999712e-02
9.191466500000000303e-03
4.970448000000000227e-02
5.495201000000000252e-02
3.601041800000000237e-02
-2.908232900000000051e-03
6.610829999999999484e-02
-2.459139200000000011e-02
6.975937999999999584e-02
-3.049506199999999986e-02
-2.514266000000000070e-02
-3.330686000000000063e-02
-7.510054399999999651e-03
1.580190300000000082e-03
-2.638627000000000160e-03
4.376400999999999902e-02
-2.544002600000000100e-02
-8.759070000000000744e-03
-3.633688999999999669e-02
6.464203400000000099e-02
-5.252413000000000221e-02
7.258435199999999782e-03
-4.650465000000000154e-02
-4.215634199999999943e-02
-2.864771699999999963e-02
-1.735766199999999940e-02
2.890461500000000156e-02
2.598373499999999912e-03
-3.044333299999999864e-03
1.783306000000000127e-02
-2.758682200000000216e-03
3.745711000000000179e-02
-4.170586500000000169e-02
3.307526599999999900e-02
-1.067089199999999953e-02
-6.563806499999999544e-02
1.209422850000000001e-02
4.339148500000000047e-02
3.736453499999999733e-02
-3.326503000000000099e-02
-1.402518699999999972e-02
1.718869599999999984e-02
4.159626699999999927e-02
1.264036800000000078e-02
-3.862141000000000185e-02
1.563229999999999828e-02
-3.996980700000000259e-04
2.153225200000000172e-02
-2.956759399999999913e-03
-4.089459999999999623e-03
1.926069299999999887e-02
-3.836142800000000123e-03
-5.045102499999999657e-02
3.974051399999999762e-02
-3.469918699999999939e-02
-5.031870299999999935e-02
2.376993399999999951e-02
4.496756000000000190e-03
2.705626200000000106e-02
5.546529000000000043e-02
-5.249175999999999842e-02
2.465457799999999991e-02
-4.124345300000000283e-03
-2.245119400000000071e-02
-5.667897000000000213e-02
-5.897675499999999876e-02
-5.313734700000000144e-02
-3.235056599999999727e-02
3.586969500000000005e-02
-8.180237999999999399e-03
3.048513300000000106e-02
-5.690697000000000116e-02
-3.631907300000000033e-02
-3.559659800000000013e-02
-7.755872999999999934e-03
-5.332502399999999865e-02
-2.308945700000000073e-02
1.387273500000000062e-02
1.968062699999999915e-02
6.563222500000000237e-03
5.881219399999999820e-02
2.079361999999999877e-02
4.164690000000000406e-03
-1.808823600000000059e-02
-4.150853499999999983e-04
2.021909300000000048e-02
6.239515299999999834e-03
3.687780699999999856e-02
-4.981495799999999946e-02
-1.541634100000000007e-02
-2.318676600000000188e-03
3.957433600000000162e-02
-4.428713000000000094e-02
-5.699962399999999874e-02
-5.224933500000000092e-02
-4.300087300000000196e-02
2.114189400000000135e-02
-7.572614600000000286e-03
6.339580800000000314e-03
1.997902000000000011e-02
4.562074700000000316e-02
7.392020500000000272e-02
-1.801978200000000155e-02
4.359943300000000341e-03
3.158594499999999982e-03
-2.672661800000000060e-03
-5.680858999999999909e-02
-1.021613000000000035e-02
3.401291399999999826e-02
6.016206500000000242e-03
6.601234999999999742e-02
-1.318601800000000074e-02
1.300115500000000035e-02
-4.234737499999999960e-02
-3.611780299999999694e-02
-3.812628299999999866e-04
-4.036776300000000095e-02
-2.122574299999999831e-02
-2.902498099999999831e-02
4.039860499999999716e-02
1.464582000000000080e-03
-7.323933799999999758e-03
3.554889199999999860e-02
-2.872475799999999954e-02
3.756740699999999711e-02
-4.821093800000000179e-02
2.171027000000000026e-02
-3.697242599999999769e-04
-2.984635199999999960e-02
3.255253000000000313e-02
-1.076232500000000054e-03
7.102911499999999901e-04
2.361523199999999989e-02
1.879302299999999898e-03
-7.945921999999999361e-03
6.342793000000000216e-03
3.629730999999999930e-02
-5.917773999999999951e-02
7.488579000000000416e-03
-7.555628000000000431e-04
3.102909400000000012e-02
2.660573499999999841e-02
-3.941792000000000212e-02
2.236968800000000042e-03
-1.947602999999999834e-02
4.107327000000000200e-02
2.464143400000000025e-02
2.668448199999999895e-02
1.657834299999999886e-02
-2.232970999999999914e-02
-4.614506000000000163e-02
2.016069399999999810e-03
7.244037999999999866e-02
-1.730933600000000155e-02
1.134432199999999974e-01
9.894282000000000771e-03
2.342558800000000066e-02
-2.008258400000000055e-02
1.420736199999999942e-02
-2.044688999999999882e-02
-4.127847400000000250e-02
-3.108009999999999939e-02
-4.642905999999999596e-03
1.387434899999999936e-02
-3.731051999999999980e-02
3.406121599999999833e-02
3.460235500000000131e-02
2.619141700000000156e-02
4.874443299999999674e-02
-4.951733700000000155e-02
4.606721600000000111e-02
3.944441700000000245e-02
-3.421820700000000135e-03
7.867677499999999957e-04
3.366525499999999810e-02
4.021071300000000209e-02
2.948757800000000040e-02
3.062347299999999828e-02
-1.630849399999999977e-02
7.738133499999999554e-02
1.168393600000000067e-02
1.154938600000000003e-02
6.428870000000000418e-02
-3.151541600000000096e-03
-1.923581599999999933e-02
-3.070571799999999990e-02
-1.405801800000000025e-02
-6.117593999999999810e-02
3.486868399999999701e-02
3.681153399999999992e-02
6.842263000000000338e-03
-3.165209699999999710e-02
-2.326503400000000041e-02
4.450082999999999643e-03
-3.979576800000000220e-02
3.885945999999999845e-02
-2.001346999999999848e-02
-4.628200500000000106e-02
3.965968999999999745e-02
3.746622399999999936e-02
-3.894869599999999793e-02
-3.140902999999999751e-02
-2.384064500000000059e-02
-2.153721200000000002e-03
-3.422649600000000035e-03
-3.408220800000000272e-02
-1.500382400000000067e-02
3.530034800000000222e-02
-2.369413999999999895e-02
-7.699311999999999823e-02
-2.195421099999999952e-03
-1.963195800000000144e-02
-9.566312000000000426e-03
3.261783600000000075e-03
1.759974999999999994e-03
-3.341737799999999758e-02
-4.873394200000000231e-02
2.612663800000000064e-02
1.346111000000000009e-02
2.929672999999999999e-02
8.248592999999999897e-02
2.867726799999999882e-02
-2.357619600000000065e-02
-1.871059599999999948e-02
3.326279699999999673e-02
6.454166000000000070e-02
-4.806240600000000196e-02
