8.032427999999999790e-02
3.349393199999999710e-02
-6.460834999999999495e-02
6.553184000000000092e-03
-8.027153000000000413e-03
6.508629999999999971e-02
7.048826700000000028e-03
4.159250999999999920e-02
1.558618500000000066e-02
-1.200610899999999918e-02
4.534591000000000316e-02
7.653260000000000618e-02
4.243286000000000280e-02
1.001992099999999934e-02
1.346432600000000042e-02
-2.309722300000000006e-02
1.766251799999999858e-02
1.772031199999999848e-02
-3.717712699999999731e-02
9.519345999999999711e-03
-2.896019600000000055e-02
1.289858399999999940e-02
6.287682999999999467e-02
5.242050600000000039e-03
2.892409500000000036e-02
-4.484940700000000086e-02
-3.196284499999999668e-02
-4.899016800000000060e-02
4.248272000000000159e-02
-7.118966000000000183e-02
3.605745999999999951e-02
3.126928999999999820e-02
3.149371599999999799e-02
-3.384063400000000138e-02
7.429344000000000225e-02
9.232360000000000219e-03
-5.222275400000000317e-03
7.148734300000000007e-03
-3.562018699999999934e-03
-7.983310500000000143e-02
-2.655062000000000047e-02
-3.531385000000000080e-02
2.255713599999999847e-02
2.551074999999999871e-02
-2.220932200000000009e-02
-3.054938700000000076e-02
-1.495645399999999924e-02
-5.347879600000000032e-03
-2.205883499999999886e-02
4.675465399999999966e-02
1.439781950000000067e-02
5.772170399999999868e-02
-1.741670000000000024e-02
-2.665135999999999894e-02
-3.166251300000000324e-02
-4.912202999999999709e-02
1.187343800000000005e-02
1.447733300000000022e-02
9.093878399999999473e-02
-2.348565299999999870e-02
1.219692500000000039e-03
-5.204207999999999751e-02
-1.395794000000000028e-02
-4.618589599999999712e-02
7.817658999999999372e-03
-8.929194000000000020e-02
2.357008500000000104e-02
-5.103043000000000162e-02
-8.122408999999999879e-02
4.657415699999999797e-02
-1.005182399999999913e-02
6.821488500000000288e-03
-2.120160700000000079e-02
1.017692099999999980e-03
1.081395100000000047e-02
3.676755699999999932e-02
-3.402283999999999864e-02
-3.760221900000000096e-03
2.885058999999999887e-02
-1.289424299999999968e-02
-3.990475999999999746e-02
-1.488590149999999973e-02
3.043377400000000024e-02
4.943466199999999727e-02
-3.544957400000000192e-03
6.332300600000000113e-02
2.199141699999999922e-02
-2.377128800000000153e-02
-5.707664400000000277e-02
1.534745699999999925e-03
1.263252199999999881e-01
3.864490200000000181e-02
-4.807796300000000134e-03
1.506965000000000041e-02
7.478104500000000432e-02
-1.423895449999999958e-02
-7.834507500000000013e-02
-1.283551300000000117e-01
-5.690889400000000327e-03
2.231951999999999894e-02
6.265115499999999657e-03
-1.290607300000000054e-02
-5.196909200000000145e-02
1.765095300000000048e-02
1.169881300000000061e-02
-6.044492000000000267e-03
2.606021000000000032e-02
-8.674769999999999703e-02
-9.321498999999999757e-02
5.855929600000000373e-03
6.852057000000000286e-02
8.362176000000000678e-03
3.037061699999999906e-02
-2.589386899999999991e-02
-5.113875500000000102e-03
3.263678999999999886e-02
-3.824394600000000088e-02
2.587224200000000016e-02
-2.322324699999999895e-02
-6.907672600000000322e-03
5.303890299999999836e-02
3.858401000000000192e-02
-4.412728999999999957e-02
2.426833299999999957e-02
4.558054000000000272e-02
-3.055434900000000148e-02
-7.894124000000000627e-03
-3.328455599999999986e-02
-2.940048599999999998e-02
-8.224659999999999957e-04
1.762004600000000032e-02
-4.135554000000000313e-02
2.818766799999999906e-02
4.226566999999999824e-02
-8.577649499999999427e-03
3.779792200000000203e-03
6.427275999999999823e-02
3.190520799999999740e-02
-1.708476800000000018e-02
2.861906399999999961e-02
-3.431142999999999693e-02
-5.457544000000000284e-02
-9.846863000000000143e-02
3.069316799999999984e-02
-3.633080799999999916e-02
-3.201624399999999926e-02
-2.071308400000000140e-03
1.821072199999999863e-02
-3.064889800000000081e-02
-1.685982600000000137e-02
-3.223028800000000277e-02
2.864608700000000063e-02
1.397078600000000066e-02
-5.790427000000000074e-02
-1.643266499999999908e-02
4.009147999999999878e-02
-1.710650999999999838e-02
-3.424635899999999965e-03
2.385309500000000124e-02
3.525136500000000065e-03
-1.052974800000000023e-02
-5.260544300000000173e-02
-3.356677999999999745e-02
8.362603000000000397e-02
-7.223209999999999353e-02
-1.660448299999999974e-02
-1.658740599999999898e-02
-7.400173999999999641e-02
2.963876399999999973e-03
-1.875695000000000140e-02
-3.476175699999999730e-02
-4.253549499999999955e-02
-7.809029000000000664e-02
-8.947009999999999685e-02
-3.749165699999999768e-02
-2.781120800000000046e-03
-2.024863699999999989e-02
-3.382376599999999817e-02
-5.610022700000000251e-02
-1.411139700000000078e-03
6.673767399999999683e-02
-5.703213800000000305e-02
8.280525999999999859e-03
-3.365115400000000256e-02
8.020802999999999960e-03
-2.281530300000000032e-03
4.687836799999999665e-02
5.805015200000000070e-02
1.801921199999999973e-02
2.627082400000000165e-02
-3.238268600000000080e-02
-4.729831599999999997e-02
-2.068588000000000024e-02
1.248555999999999971e-02
2.373412999999999912e-02
7.906932999999999323e-02
2.546242599999999981e-04
-2.894584600000000077e-02
4.754271699999999823e-02
-4.382161799999999968e-02
2.554923699999999895e-02
5.715511000000000202e-02
4.170641700000000257e-02
-1.831992299999999838e-02
1.007614299999999921e-02
4.234430200000000033e-02
-2.116987999999999856e-02
-1.730422100000000157e-02
-2.273686699999999828e-03
3.383382000000000056e-02
-1.711729999999999849e-02
-5.306948699999999852e-02
-2.423258699999999988e-03
-3.383349599999999763e-02
3.678669400000000173e-02
2.615117100000000083e-02
3.766649999999999859e-02
1.355335600000000078e-02
5.345173999999999759e-02
-4.921270999999999979e-02
6.333764999999999534e-02
2.375642199999999926e-02
-4.163182300000000183e-03
6.188237700000000230e-02
-2.376042100000000032e-02
-1.052503900000000079e-03
-3.879748000000000224e-02
2.513195000000000012e-02
-2.422963499999999937e-03
-7.413516000000000550e-02
-1.353547099999999901e-03
2.157188599999999845e-02
1.795216300000000015e-02
-2.445893500000000109e-02
-9.916671999999999640e-04
5.737810200000000027e-02
-6.618707399999999852e-03
-3.067181000000000074e-02
-8.368540000000000700e-03
-2.598545000000000021e-02
8.162606500000000806e-03
-5.494269000000000409e-03
1.403488699999999936e-02
2.746536600000000147e-02
2.948544000000000165e-02
-5.904051999999999911e-02
7.728612999999999456e-02
4.187802599999999875e-02
-7.503031000000000283e-03
1.541014999999999920e-02
-2.700425000000000048e-02
-2.789487499999999953e-02
-3.752121700000000254e-02
3.611992700000000306e-02
-2.228791999999999926e-02
3.704384699999999780e-02
-2.119024699999999886e-02
4.754341799999999701e-02
1.317470700000000078e-02
2.953704399999999841e-02
3.631174999999999681e-02
-1.420828049999999995e-02
3.216092699999999888e-02
-4.177832599999999758e-02
-2.633269099999999835e-02
-3.897320499999999688e-02
-1.822272900000000001e-02
-2.278279100000000015e-02
6.527579399999999636e-03
-7.776062000000000252e-02
7.215882999999999325e-02
-2.193758800000000092e-02
-4.609356399999999659e-02
9.840086999999999966e-04
-2.170495100000000011e-02
2.482935000000000003e-02
-2.686479400000000000e-03
2.118975700000000004e-02
-1.623794400000000068e-02
-1.550371499999999951e-02
2.326840999999999979e-02
-2.846533200000000118e-03
-2.096140999999999976e-02
-6.195850999999999616e-03
4.497372500000000085e-03
-1.337608700000000005e-02
1.340545500000000015e-02
2.858791700000000088e-02
-6.312457399999999753e-03
-4.261043300000000311e-02
2.374730400000000033e-02
1.639350499999999919e-02
-2.911537100000000100e-02
-6.257616000000000567e-02
3.052115299999999878e-02
2.258065899999999945e-03
6.632548600000000294e-02
4.579516000000000142e-02
-2.536518700000000084e-02
-2.407371800000000089e-02
2.128291499999999947e-02
3.636942800000000225e-02
-4.879995399999999955e-02
6.222624000000000211e-02
-2.428460299999999836e-02
-2.911106499999999847e-02
-3.048000699999999993e-02
1.669315199999999930e-02
-7.617106999999999697e-03
-2.067769599999999888e-03
3.273169000000000078e-02
3.179156799999999922e-02
-3.245624500000000162e-02
-2.698554499999999967e-02
-4.725482300000000135e-02
-3.031497299999999853e-02
-9.725641499999999884e-02
-1.309825849999999951e-02
2.557716000000000156e-02
3.237850600000000134e-02
2.488567699999999841e-02
-1.233402800000000035e-02
-6.634827999999999559e-02
-3.624473999999999925e-03
3.366143600000000291e-02
-2.399611800000000031e-02
2.518537800000000132e-02
-2.845382700000000098e-02
1.154708500000000033e-02
3.606394000000000266e-02
5.871329500000000388e-03
-3.654993000000000044e-03
2.362595899999999846e-02
-5.986890999999999741e-02
7.472861300000000232e-04
-4.736533400000000373e-03
-7.966839000000000559e-02
9.615415999999999894e-03
7.466187000000000518e-02
3.034422599999999932e-03
1.227909899999999992e-02
-3.638292000000000002e-03
4.522596300000000097e-02
2.718819899999999970e-02
-1.558759000000000013e-02
-4.252609999999999724e-02
-4.610530999999999657e-02
-6.808424999999999894e-02
9.168680000000000233e-03
2.110960500000000004e-02
4.611344499999999597e-03
3.829230000000000134e-02
-2.421149800000000143e-02
-3.333787199999999756e-02
7.543440400000000351e-03
6.322867999999999544e-02
4.278095400000000298e-02
4.473908599999999736e-02
4.228975299999999937e-02
4.057252399999999870e-02
4.121474499999999708e-02
2.297544500000000059e-02
-1.432931900000000008e-02
3.198279400000000189e-02
8.027533400000000374e-02
2.481181699999999990e-02
3.188553499999999957e-02
5.438947300000000068e-02
-3.441858999999999891e-02
-1.220849899999999939e-02
4.347429600000000081e-03
1.548226699999999921e-02
5.214030699999999685e-02
-4.066003999999999799e-03
4.967412400000000006e-02
-5.459595500000000157e-02
-3.112871199999999935e-02
9.391761000000000206e-03
-1.966714099999999910e-02
-2.567050400000000024e-02
-2.888511499999999940e-02
-1.801780199999999943e-02
-1.529103000000000059e-02
2.403034000000000073e-02
-5.032613999999999838e-02
4.875459000000000043e-02
-7.741210599999999442e-02
1.893759899999999941e-02
-2.484942399999999843e-02
-2.252472000000000155e-02
-1.340753299999999926e-02
4.299602699999999916e-02
1.332949699999999918e-02
-5.962223299999999671e-03
-4.653845699999999835e-02
7.326306999999999958e-02
4.429824999999999735e-02
8.162898000000000029e-03
-6.906491199999999914e-03
-1.735461099999999895e-02
2.038173399999999857e-02
-4.846828999999999721e-02
1.256422299999999936e-02
-5.643904999999999755e-02
3.127368999999999982e-02
-2.086953600000000103e-02
9.893554999999999711e-02
3.185967999999999960e-03
-6.964726999999999724e-02
5.660962700000000264e-02
-7.628203599999999621e-04
-1.563460800000000123e-02
-1.020881400000000008e-02
9.026330000000000811e-03
-4.517976600000000315e-02
-1.591670099999999838e-02
1.435641000000000000e-02
2.609399799999999933e-03
2.646494699999999908e-02
5.793017999999999779e-02
5.021019000000000176e-02
3.661094599999999838e-02
1.850647299999999898e-02
-2.077948300000000137e-02
-2.279932200000000034e-02
-3.188612999999999864e-02
-1.350420249999999961e-02
2.858904199999999854e-02
1.407219999999999988e-04
-1.816993999999999901e-02
3.009999500000000092e-02
1.946207900000000018e-02
-1.495782799999999940e-02
4.139517000000000196e-02
-3.575161999999999785e-02
1.107645999999999978e-02
1.987251500000000032e-02
-2.885435000000000083e-02
-4.086493299999999912e-02
7.853482999999999992e-02
5.250292299999999995e-02
1.307005900000000019e-02
2.566172200000000139e-02
-3.918066599999999768e-03
-1.231368899999999919e-02
-2.328992800000000141e-02
-6.182241699999999583e-03
1.885376899999999939e-02
-3.177019600000000055e-02
4.421035799999999648e-03
2.211658300000000129e-03
-8.324043999999999194e-03
-1.650938600000000089e-02
-5.776241000000000014e-02
-5.806488499999999664e-02
3.722876299999999805e-02
-1.583799699999999960e-04
3.616156000000000231e-02
-4.617414000000000240e-02
-1.295661600000000066e-02
-1.988624799999999873e-02
-7.583610000000000177e-03
1.172160199999999937e-02
2.276245099999999952e-02
-3.317227099999999883e-03
1.733202899999999880e-02
-2.380956000000000045e-02
2.957792000000000060e-02
-1.417709049999999957e-02
7.737157399999999852e-03
3.154544000000000098e-02
1.800994599999999890e-02
9.507438000000000000e-02
5.269208000000000051e-03
-2.972413999999999959e-02
9.401552400000000439e-04
1.158115900000000059e-02
-8.203517000000000448e-03
-1.559027700000000123e-04
-1.883169300000000004e-02
-2.677550999999999889e-02
4.560226599999999894e-03
-3.803789199999999676e-02
4.837969000000000297e-02
3.693445399999999851e-02
-1.681642200000000101e-02
-9.194130999999999485e-03
1.060725300000000051e-02
-4.687444000000000333e-02
2.483242000000000088e-03
1.780659000000000061e-02
1.881042900000000004e-02
-1.732143800000000150e-02
-1.073273549999999993e-02
2.159920300000000171e-03
-6.074861600000000181e-03
5.361258199999999891e-02
-2.549966000000000038e-02
-4.336410400000000054e-02
6.715446999999999389e-02
6.636296999999999335e-02
2.946942099999999912e-02
-6.135117300000000190e-02
-1.665182600000000152e-02
-1.412241499999999927e-02
1.148951900000000012e-02
-8.899809399999999981e-02
1.318561099999999986e-02
7.530702000000000229e-02
1.843560299999999832e-02
4.038978000000000360e-03
-3.467564299999999905e-02
5.126779499999999795e-02
4.553394999999999795e-04
-4.474420999999999954e-02
-4.017037999999999859e-02
-8.761493999999999879e-03
1.506430750000000048e-02
-1.494133299999999935e-02
1.369077500000000051e-02
1.548294899999999932e-02
-2.675569400000000000e-02
-3.571068399999999862e-03
-3.308227700000000021e-02
1.821567100000000099e-03
4.931361000000000425e-03
4.342807499999999654e-02
-1.218134499999999967e-02
3.021398600000000170e-02
-3.263011700000000037e-04
-3.903169399999999872e-03
7.377532000000000534e-02
3.070002800000000073e-02
5.134411500000000267e-02
2.291999600000000151e-02
1.937014199999999992e-02
6.272068999999999561e-02
2.018565800000000215e-03
5.207917499999999839e-02
1.417809000000000083e-02
3.828841999999999662e-02
2.846238200000000135e-02
3.224717000000000208e-03
1.222031699999999964e-02
2.094367000000000104e-02
5.753272000000000247e-02
-2.731557999999999816e-03
4.236601699999999887e-02
-3.576956700000000211e-02
3.336040700000000164e-02
-3.971799000000000163e-02
-3.597293800000000291e-02
-2.479377600000000001e-02
-3.097337000000000007e-02
2.334547000000000011e-02
-6.037473699999999603e-03
6.887936000000000059e-02
-3.992170999999999914e-02
-3.990742600000000279e-02
-2.226061600000000043e-02
4.866672699999999990e-02
-5.392286000000000301e-02
2.455296599999999899e-02
4.544602699999999822e-03
-2.340468000000000062e-02
-3.073171699999999867e-02
-3.510407000000000111e-02
4.238974000000000214e-02
-3.356090300000000044e-03
3.656043400000000016e-03
-1.271509000000000007e-02
-1.711304099999999898e-02
4.021298000000000233e-02
-2.954486200000000160e-02
4.162137600000000159e-02
-2.411889799999999973e-02
-5.209224300000000335e-02
1.087350800000000048e-02
4.699484599999999984e-02
4.270773000000000277e-03
1.873749999999999982e-03
-6.147538299999999803e-03
2.605120799999999931e-02
3.358394299999999805e-02
-3.200801000000000340e-02
-9.853525999999999604e-03
-9.627125999999999739e-03
-3.459748599999999674e-02
-1.323873400000000070e-03
2.256256900000000107e-02
-2.013436899999999918e-02
2.742085400000000145e-02
3.051760400000000026e-02
-3.028487399999999982e-02
2.325699000000000169e-02
-2.868901199999999985e-02
-6.017147400000000257e-02
3.444490399999999841e-04
5.932140699999999961e-02
-2.150797800000000138e-03
1.988820499999999908e-02
-6.514201000000000019e-02
3.597670399999999824e-02
1.807429300000000169e-02
-5.066437000000000024e-03
-3.370741000000000015e-02
-6.803309999999999913e-02
-4.994657300000000105e-02
8.097365500000000202e-03
4.666758700000000343e-02
2.369757999999999934e-02
4.064749000000000140e-02
-4.068905999999999912e-02
-2.413264500000000118e-02
-5.686279000000000333e-02
-3.554933599999999909e-04
-1.420944199999999921e-02
-3.043579899999999949e-02
-1.292317200000000013e-02
1.657378699999999955e-02
1.604406199999999913e-03
4.209576500000000027e-02
3.817106399999999761e-02
-4.964148300000000014e-02
-4.000286799999999698e-02
-1.312050199999999917e-02
4.047341599999999817e-02
4.155963700000000170e-03
6.007402399999999670e-02
-6.875117000000000034e-02
-5.165704699999999761e-02
3.231394700000000259e-02
6.303827500000000472e-02
-3.888893000000000211e-02
-5.385282999999999737e-02
-4.211001500000000064e-02
-2.748186500000000115e-02
7.357283499999999789e-03
3.893151499999999987e-02
-1.882064500000000043e-02
9.625471000000000027e-03
5.998806000000000277e-02
6.019218600000000169e-02
-1.782923399999999936e-02
2.064091200000000171e-03
-3.868701299999999926e-02
1.155748000000000018e-02
-6.947309499999999860e-02
-3.868205999999999901e-03
4.498783499999999685e-02
-1.129006599999999964e-02
4.555572199999999988e-02
-3.092481600000000080e-02
1.989583899999999850e-02
-3.417946399999999968e-02
6.209139999999999712e-04
6.459234700000000134e-03
-7.510893999999999730e-03
-6.852065000000000065e-03
2.266367200000000102e-03
3.313882299999999781e-02
-2.995287599999999981e-02
3.681031199999999781e-02
2.807541200000000098e-02
-2.808283599999999991e-02
-1.196669800000000087e-03
-4.782403999999999822e-02
1.589021800000000109e-02
-3.134625299999999927e-03
-1.821592500000000087e-02
3.832941499999999863e-02
-3.475617999999999763e-02
1.041843100000000013e-03
1.870802400000000018e-02
5.592197000000000140e-03
-9.686100499999999742e-04
2.755726500000000093e-02
2.552481700000000173e-02
-4.351665500000000131e-02
2.617378000000000066e-03
-2.145391400000000101e-03
-2.198700000000000047e-03
2.628833800000000137e-02
-3.862069499999999656e-02
-6.248576599999999814e-03
-1.108212599999999944e-02
3.645146300000000339e-02
-1.566217500000000040e-02
1.595143599999999939e-02
1.375769100000000071e-02
-2.114166300000000151e-02
-7.243835999999999331e-02
-3.712488299999999741e-02
5.213766000000000234e-02
4.411216999999999916e-02
8.354303999999999897e-02
-2.586959999999999954e-02
-1.162635900000000061e-03
2.218307699999999896e-02
-7.679657999999999797e-03
-3.474689999999999723e-02
-7.022574999999999651e-03
-3.421508499999999925e-02
-8.590109000000000286e-03
1.256391500000000015e-02
-2.466655200000000131e-02
7.777035999999999671e-02
4.071413699999999747e-02
8.297048499999999313e-03
5.912508400000000136e-02
-6.328058000000000294e-02
4.104083800000000309e-02
2.903760799999999948e-02
-1.952248300000000020e-02
3.936463600000000146e-02
8.674164999999999306e-03
3.791209000000000245e-02
2.905005000000000087e-02
4.564910800000000074e-02
2.445198799999999829e-03
2.999894000000000172e-02
-1.269421899999999964e-02
6.415453000000000128e-02
5.468213999999999714e-02
-3.881558299999999899e-03
1.384184800000000035e-02
-1.374054050000000048e-02
-1.102970500000000076e-02
-2.493015700000000140e-02
1.706184800000000099e-02
-7.112878399999999698e-03
1.675421599999999886e-02
-3.755238999999999799e-02
-5.923837400000000336e-02
-1.322085400000000063e-02
-2.958909800000000118e-02
1.275090499999999988e-02
9.077306999999999520e-04
-7.424453000000000129e-03
1.305045999999999984e-02
4.393178999999999834e-02
-1.208401750000000045e-02
-5.929865399999999578e-03
-1.736452999999999955e-02
2.631480800000000116e-03
1.527506399999999966e-02
-3.638605400000000101e-02
1.708548999999999832e-02
-8.545327000000000131e-03
-5.825310000000000210e-03
-6.647003399999999729e-02
4.117951299999999572e-03
-2.611710500000000157e-02
2.185207200000000016e-02
4.396139000000000296e-02
1.851733699999999960e-04
-6.244310699999999770e-02
-2.064514500000000016e-02
2.170835200000000020e-02
-1.443310700000000057e-02
3.617472199999999943e-02
7.457535999999999332e-02
-2.803405700000000111e-02
-9.205777999999999531e-03
-5.215236000000000177e-02
2.144920499999999897e-02
2.837870300000000165e-02
-7.052037999999999363e-02
