7.507068000000000074e-02
2.821397999999999961e-02
-1.555825599999999947e-02
8.284447999999999812e-03
4.912314999999999737e-02
6.080242200000000180e-02
4.296224599999999734e-03
7.615880000000000219e-03
-7.318904600000000413e-03
3.773448199999999975e-02
2.775563299999999831e-02
3.441260399999999942e-02
5.016264699999999771e-02
1.308949300000000066e-02
3.016336999999999838e-02
-2.709652499999999978e-02
7.913390500000000438e-02
-1.285009900000000024e-02
-2.858678300000000103e-02
-5.163564999999999822e-02
-5.240286999999999723e-02
3.504412699999999957e-03
1.176167600000000042e-02
5.927212999999999753e-03
-2.502310000000000211e-03
-5.897790599999999661e-02
-2.462816400000000100e-02
-8.547072000000000003e-02
-1.236815999999999957e-02
-5.141744000000000175e-02
4.517747999999999903e-02
4.065180599999999866e-02
3.507418999999999815e-02
-2.680499700000000055e-02
2.905607199999999876e-02
1.271226599999999984e-02
-8.685197999999999877e-03
-2.137019899999999945e-02
3.508055999999999675e-02
-5.685817499999999691e-02
1.138034999999999915e-02
-3.938865999999999895e-02
-4.832935299999999851e-02
3.180711700000000280e-02
-1.992015999999999926e-02
-4.715449000000000029e-02
-1.400986899999999945e-02
-1.996777200000000169e-02
-2.846376800000000040e-02
4.282061000000000200e-02
1.797233999999999984e-02
5.187726000000000143e-02
-3.809943799999999936e-02
2.751822199999999843e-02
-3.022365800000000047e-02
-1.066132899999999994e-01
-3.503197999999999729e-02
-4.844005800000000111e-02
4.096635400000000343e-02
-2.623065399999999908e-02
-9.630684000000000466e-03
-2.454528599999999949e-02
4.172615300000000194e-02
-5.153008600000000272e-02
4.768900999999999696e-02
-3.406523700000000082e-03
-1.339882149999999973e-02
-1.782695600000000144e-02
-5.537878699999999876e-02
1.303267399999999930e-02
1.293932400000000031e-02
2.669610999999999859e-02
-2.214565099999999884e-02
2.026483999999999924e-02
-2.758496300000000054e-02
1.753968200000000088e-02
-1.387208499999999928e-02
4.771381000000000233e-02
-1.143817999999999918e-02
2.270055600000000021e-02
-4.542212200000000227e-02
-1.166216699999999933e-02
2.756314699999999965e-02
1.706151499999999932e-02
-1.572176800000000055e-02
2.103502900000000023e-02
4.173404399999999792e-02
-3.709962199999999985e-04
-1.651901600000000095e-02
-2.999735300000000091e-02
1.206856899999999982e-01
1.238153900000000043e-02
2.685761300000000153e-03
7.637918999999999958e-03
4.215416000000000302e-02
-2.273489500000000149e-02
-8.467602999999999935e-02
-1.206732199999999977e-01
2.005393600000000137e-02
1.867467700000000064e-02
1.758287999999999865e-02
1.054924599999999997e-02
-2.214275500000000008e-02
7.244236299999999920e-03
1.405998500000000054e-02
-8.410917400000000529e-04
-2.709173100000000084e-03
-5.598274999999999779e-02
-6.762896000000000185e-02
2.851671999999999887e-02
3.317747599999999741e-02
1.018469099999999919e-02
-9.539189000000000002e-03
2.715877400000000011e-02
-5.936581300000000339e-02
2.985029000000000154e-02
8.133639999999999273e-03
9.127325000000000368e-03
1.543800250000000075e-02
2.924495200000000114e-02
2.910333500000000101e-02
6.096737499999999726e-02
-5.252754300000000293e-02
7.331268500000000243e-02
4.758342399999999917e-02
3.867789700000000275e-02
1.045249799999999930e-02
1.549294500000000059e-03
-2.850073200000000084e-02
1.576316300000000017e-03
3.438405700000000259e-02
-1.864346000000000059e-02
-1.390852799999999986e-02
3.842149999999999732e-02
-1.233576400000000080e-02
1.868719799999999862e-02
6.835776000000000352e-02
1.573632700000000134e-02
-1.911657099999999887e-02
4.531895999999999841e-02
-8.216179000000000537e-03
2.432221000000000036e-02
-5.674992499999999968e-02
5.060978699999999636e-03
2.922269300000000011e-03
-5.207196000000000047e-02
2.967470300000000019e-02
1.956289599999999976e-02
6.893812000000000551e-02
3.574316000000000298e-02
-1.160883499999999964e-02
-4.270276399999999722e-02
7.157454300000000262e-03
-3.356299000000000088e-02
-3.009403999999999899e-02
2.678104900000000121e-02
1.433904700000000060e-02
-2.980267299999999828e-02
1.410730999999999964e-02
-6.079947599999999813e-02
6.499747999999999637e-02
-5.239626000000000006e-02
2.037763199999999969e-02
2.527651399999999993e-02
-3.551509699999999808e-03
-1.873015399999999929e-03
1.937697000000000030e-02
-4.992102000000000345e-02
5.164251699999999716e-03
1.591425000000000131e-02
-8.929028000000000312e-03
-4.717019199999999968e-02
-3.800114999999999743e-02
-3.210634400000000194e-02
2.126161000000000023e-02
8.240835000000000174e-03
1.007143500000000011e-02
-3.681723399999999730e-02
-7.204879499999999708e-03
1.233142599999999950e-02
8.600692999999999533e-02
1.304509499999999961e-02
-8.583700399999999583e-04
-2.924003299999999861e-02
-4.627455499999999673e-03
-3.657171700000000098e-03
2.944845499999999838e-02
4.373564199999999819e-02
6.042097999999999913e-02
6.368322999999999345e-02
2.848991799999999949e-02
-3.182110199999999695e-02
-1.538269100000000042e-02
4.188822999999999852e-02
-3.500675799999999806e-03
3.412518300000000337e-02
4.891444400000000137e-02
-6.024307599999999784e-03
2.192826999999999971e-02
-5.363812300000000283e-02
3.333895700000000240e-02
8.270320000000000449e-02
2.397823500000000052e-02
8.775813500000000100e-03
-1.376633499999999934e-02
8.457425999999999833e-02
-1.771710300000000141e-02
-4.090885400000000144e-02
-5.289982500000000101e-03
3.966883200000000109e-02
3.248476599999999825e-02
-5.568134999999999751e-02
-3.556875500000000051e-02
-8.702329999999999441e-03
6.962213699999999887e-03
5.648697299999999935e-03
3.516240999999999811e-02
2.705137000000000166e-02
4.469045299999999804e-02
-1.798948599999999898e-02
3.135523199999999677e-02
1.591422799999999901e-02
-3.105690700000000165e-02
5.465667999999999915e-02
-1.887565000000000076e-02
-3.745331600000000039e-02
-5.601184000000000024e-02
-4.939502600000000333e-03
6.175211399999999684e-02
-7.671271999999999813e-02
-2.635571700000000073e-02
-3.190700700000000112e-03
1.826828900000000006e-02
-1.751449999999999882e-02
-5.973616000000000342e-02
-2.384073700000000073e-02
2.512839799999999971e-02
-2.462841600000000020e-02
-1.500212700000000052e-02
-3.937510999999999789e-02
1.928228699999999865e-02
-2.215448300000000172e-03
1.273573700000000045e-02
3.276074800000000186e-03
5.644343999999999750e-02
2.068849099999999983e-02
5.903258000000000116e-02
1.842440600000000081e-03
-3.164779799999999782e-02
2.030589900000000052e-03
-3.288614300000000136e-03
6.423712199999999893e-03
-6.960092499999999405e-02
-5.848677400000000179e-03
-5.900842700000000218e-02
2.392575099999999858e-02
1.309887199999999925e-02
1.899008599999999977e-02
1.251016999999999928e-02
3.460582000000000241e-02
4.706397699999999990e-02
-4.040302999999999950e-02
6.192315999999999793e-03
-8.250135999999999928e-03
-6.484219000000000267e-03
-7.805259500000000239e-02
1.061554199999999995e-03
5.530909599999999857e-03
5.468050500000000078e-03
-2.277809199999999978e-02
3.493173399999999901e-02
-4.664987000000000300e-02
-4.067966299999999785e-02
-3.304401800000000139e-02
-1.795049199999999845e-02
4.077786600000000289e-02
-1.613655099999999898e-02
-1.214468600000000002e-03
-3.833626600000000079e-02
-5.494345700000000110e-02
7.477353999999999945e-02
-7.671070999999999793e-04
2.168026600000000012e-02
-5.178873999999999977e-02
2.216765299999999897e-02
1.395124699999999995e-02
1.478926700000000004e-02
-3.134567299999999751e-02
-2.773237600000000216e-03
-6.122924400000000211e-02
5.523643300000000145e-02
1.674006299999999947e-02
-6.622292999999999930e-02
-6.499438000000000437e-02
1.035657199999999965e-02
1.877647500000000080e-02
3.105378899999999831e-02
7.149853600000000142e-02
-3.059200399999999903e-02
-5.126946599999999618e-03
2.399277299999999849e-02
3.912618999999999819e-02
-7.212298999999999793e-02
3.081720099999999893e-02
-4.258407300000000006e-02
8.588392000000000248e-03
-1.382225750000000072e-02
5.084004999999999774e-02
-4.081444000000000044e-03
8.595718999999999929e-03
2.242145499999999986e-02
3.046598299999999857e-02
-2.105242400000000014e-02
-1.292627300000000028e-02
-3.199248999999999843e-02
1.446551400000000050e-02
-1.289815500000000004e-01
-3.219749999999999696e-02
1.893117299999999906e-02
2.855290499999999995e-02
-9.078444999999999224e-03
2.072687399999999930e-02
-1.849072800000000141e-02
2.024652799999999975e-02
3.373132000000000214e-02
-9.831430999999999851e-03
2.948646400000000042e-02
-1.230802899999999984e-02
4.939651500000000195e-02
3.260753999999999736e-02
4.256975699999999974e-02
-1.124837799999999985e-02
-2.512524999999999828e-02
-3.654853300000000110e-02
7.653834299999999653e-03
2.074836999999999862e-02
-4.950200400000000223e-02
-6.497200600000000055e-03
7.736590999999999607e-02
1.161057799999999987e-02
1.524462549999999923e-02
-2.249282799999999857e-03
5.573788699999999985e-02
1.202950600000000057e-02
-2.840523399999999882e-03
-2.459903000000000090e-02
-3.622932999999999709e-02
-3.876388000000000056e-02
3.137858599999999998e-02
-3.052000699999999830e-03
5.033631000000000216e-02
5.435704799999999809e-02
-5.993932999999999900e-03
4.594077400000000366e-03
5.766577700000000183e-04
5.674072699999999775e-02
-2.579457099999999878e-02
1.397054999999999998e-02
3.641691799999999951e-02
-1.284522599999999952e-02
2.340193000000000134e-02
6.306185999999999736e-02
2.887653199999999989e-02
1.919200999999999893e-02
3.830864700000000123e-02
2.084664799999999887e-02
4.084376599999999663e-02
5.270752299999999918e-02
-1.174314100000000034e-02
1.821785800000000084e-03
-8.178769000000000663e-03
2.962899800000000014e-02
1.570790799999999959e-02
3.366943700000000084e-03
2.274791500000000050e-02
-4.879712700000000264e-02
-1.974329000000000015e-02
-1.654393599999999867e-02
-1.436929900000000031e-02
-3.478669699999999837e-02
-1.013681100000000078e-02
-6.837777000000000178e-04
-4.738825599999999666e-02
1.507029900000000054e-02
-4.124998000000000380e-03
6.420122999999999802e-02
-9.169618000000000213e-02
2.366843000000000072e-02
-3.304172999999999832e-02
-2.856810799999999831e-02
-3.500650000000000116e-03
6.213637999999999800e-02
-8.507033000000000650e-03
-6.883159300000000341e-03
1.566691300000000106e-02
6.466774000000000133e-02
4.193782800000000338e-02
9.274647000000000446e-03
-4.565285500000000260e-03
2.151413400000000073e-02
1.540670299999999946e-03
3.548695499999999776e-04
5.633306500000000161e-02
-2.654372500000000065e-02
3.571735300000000030e-02
-2.733177999999999996e-02
6.790580000000000227e-02
1.797174300000000009e-03
-6.375308000000000364e-02
5.828828400000000270e-02
8.762067999999999593e-03
-1.435664000000000037e-02
-5.170029400000000080e-02
-4.461640499999999961e-03
-2.434066500000000091e-02
1.160159399999999980e-02
6.362207000000000279e-02
2.358592300000000169e-02
4.339547500000000280e-02
3.094326899999999894e-02
-1.723190600000000169e-02
5.210532600000000042e-02
2.500318199999999880e-02
7.683381400000000114e-05
-2.912928999999999866e-02
-3.456847400000000181e-02
-2.030909200000000081e-02
-2.577253200000000077e-02
3.824359599999999776e-02
-2.068107599999999963e-02
3.804849999999999899e-02
1.417474449999999928e-02
-9.274770999999999363e-03
5.233722999999999848e-02
3.352828000000000058e-02
7.472602000000000411e-02
-3.119775300000000081e-03
-3.532256599999999969e-02
-2.847109499999999835e-02
2.814669499999999935e-02
4.033389300000000260e-02
3.920341000000000103e-02
7.588309999999999500e-02
-1.824003600000000114e-02
2.673319199999999937e-02
3.006161399999999952e-03
-2.873600499999999849e-02
1.542444800000000033e-02
1.177620000000000056e-02
1.528511850000000005e-02
3.573968599999999968e-02
-1.488589800000000071e-03
-1.133462900000000058e-02
-4.990510000000000085e-02
-7.567606999999999806e-02
7.065709000000000573e-02
2.368858800000000001e-02
-1.453484300000000042e-02
1.122567200000000077e-02
2.577592399999999867e-02
-4.644226299999999752e-02
2.514709500000000125e-02
2.161005100000000165e-02
1.214787699999999963e-02
-3.400152000000000035e-02
-1.213836000000000038e-03
5.450837299999999712e-03
5.651440500000000366e-03
4.930676500000000240e-02
4.170472000000000068e-02
4.342371600000000109e-02
1.412569600000000009e-02
8.124874999999999459e-02
-1.252519199999999923e-02
-3.153071600000000030e-02
-5.025841300000000178e-03
5.769505999999999767e-03
1.362195499999999983e-02
-6.221196999999999925e-04
-1.445645100000000037e-02
-3.579938399999999660e-02
-7.221128999999999742e-03
-4.098820000000000241e-02
4.051627599999999690e-02
2.906083900000000150e-02
1.168714700000000016e-02
-1.954211299999999985e-02
-1.343587000000000080e-02
-6.151732499999999770e-03
-1.724370600000000101e-02
2.901350700000000088e-02
6.973931999999999961e-04
-1.601058600000000026e-02
2.840667399999999981e-02
2.546419600000000144e-02
1.394414400000000033e-02
6.686360399999999315e-02
-5.615509700000000104e-02
-2.948602100000000115e-02
6.954680400000000373e-02
3.782623300000000077e-02
2.585036900000000151e-02
-4.326143999999999823e-02
-4.198916600000000138e-02
-3.337156799999999729e-02
1.918292599999999945e-02
-5.392724299999999971e-02
-1.707829500000000028e-02
5.880879199999999862e-02
3.119884800000000125e-02
4.806005199999999894e-02
-5.207025600000000226e-02
3.861987199999999953e-02
8.811845000000000441e-03
-3.726152299999999779e-02
-6.076010700000000070e-02
2.304729800000000078e-02
-6.547194400000000240e-03
-1.116936099999999918e-02
3.959598000000000284e-02
2.410063499999999873e-02
-4.945066000000000045e-02
-6.287459700000000255e-03
-9.702354999999999313e-03
2.674413999999999958e-02
3.433881800000000012e-03
5.649197000000000246e-02
-4.155294200000000243e-02
3.326120199999999666e-02
-4.509561699999999952e-04
4.437885800000000019e-02
4.763607300000000100e-02
5.694681000000000048e-02
3.914480699999999674e-02
4.248427600000000137e-02
7.535259399999999497e-02
5.947755300000000245e-02
-3.108946400000000155e-03
5.646410999999999791e-02
4.906939999999999913e-02
2.131375900000000156e-02
4.966660199999999720e-02
-8.260800999999999908e-03
7.036111500000000185e-02
2.504152399999999903e-02
3.411208999999999769e-02
1.633416899999999908e-02
5.500853800000000265e-02
-7.036460000000000457e-04
5.927838400000000341e-02
-2.016849999999999893e-02
-5.258725599999999889e-02
-4.206341000000000246e-02
-7.114328399999999761e-03
-1.227332000000000032e-03
-2.733790900000000051e-02
2.732098000000000165e-02
-4.137895999999999935e-02
-1.892007100000000011e-02
-2.431283299999999897e-02
5.032132200000000166e-02
-5.606447300000000182e-03
2.002937299999999875e-03
-7.731124000000000329e-02
-6.114515699999999859e-02
-4.606726600000000428e-03
-1.713649700000000053e-02
3.476056999999999758e-02
-1.436764700000000075e-02
-3.350630600000000046e-03
3.162507299999999660e-02
-4.275959399999999799e-02
2.524818499999999938e-02
-2.067392900000000061e-02
3.701294200000000006e-02
-4.340531999999999724e-02
-5.823918399999999940e-02
-2.789500199999999947e-03
7.709830499999999719e-03
2.325252400000000011e-02
-2.815600099999999995e-02
-7.960243000000000527e-03
3.826687499999999881e-02
4.175762000000000224e-02
-2.737393600000000062e-03
-3.236046800000000334e-02
5.201995000000000230e-02
-3.024157699999999865e-02
-3.746405999999999868e-03
-1.758015300000000027e-04
1.538455950000000051e-02
1.179387699999999949e-02
1.632493700000000117e-02
-7.457621999999999862e-02
4.323251000000000177e-02
-3.032244599999999943e-02
-1.856220899999999965e-02
-4.105588000000000293e-02
2.636679000000000106e-02
4.521499000000000004e-03
2.214640799999999937e-02
-2.588597899999999993e-02
5.548730500000000065e-02
-1.019101700000000013e-02
-4.840741300000000330e-02
-6.532638999999999807e-02
-1.987668700000000052e-02
-6.923680999999999586e-02
-7.415218999999999804e-03
1.896073300000000045e-02
4.228581999999999827e-03
4.239122199999999924e-02
-3.889147600000000121e-02
-9.116642000000000322e-04
-6.313428999999999569e-02
1.900083400000000117e-02
1.364628600000000096e-03
-5.508374399999999699e-02
1.418679400000000083e-02
3.798836800000000152e-03
3.776212400000000108e-02
9.474355000000000060e-04
-7.190646000000000407e-04
-2.632120599999999977e-02
-2.222696299999999889e-02
3.818430800000000014e-02
-2.463924799999999879e-04
1.782773999999999991e-03
5.519363299999999889e-02
-2.251891400000000099e-02
2.043054999999999871e-02
2.297278700000000146e-02
1.027562300000000040e-01
-1.552524400000000054e-02
-3.672605799999999893e-02
-2.870714499999999988e-02
-4.854282399999999831e-02
1.868661099999999881e-02
2.628412700000000088e-02
-2.537210700000000138e-02
3.223138700000000023e-02
6.213738399999999690e-02
9.960454000000000530e-02
-6.272904000000000153e-03
-2.221040800000000093e-02
-3.715524200000000065e-03
2.122256000000000142e-02
-2.734072099999999839e-02
5.470298699999999979e-03
5.347198999999999702e-02
2.821299199999999924e-02
1.891138399999999983e-02
-6.804142000000000523e-02
1.972814499999999902e-02
-3.883256799999999787e-02
-3.414961700000000017e-02
1.036724900000000026e-02
-4.559855499999999895e-02
-4.605684399999999956e-02
-2.386716599999999869e-02
8.414829000000000406e-04
-1.145594999999999947e-02
-1.261034899999999986e-02
4.688693199999999922e-02
2.644771200000000169e-02
-4.651922399999999791e-02
-8.182955000000000090e-02
-1.071210400000000007e-02
-3.989863700000000415e-03
-2.761199099999999892e-02
2.814310399999999865e-02
-3.459689400000000303e-02
-2.352027500000000194e-03
4.086443000000000367e-03
-2.934426999999999869e-03
-3.314385000000000248e-02
5.750344600000000320e-03
3.855357699999999860e-02
-5.272611199999999859e-02
1.102130299999999966e-02
6.088821999999999811e-03
-1.615306199999999928e-02
1.262117599999999958e-02
-8.254067599999999338e-02
-1.551349399999999920e-02
2.979428699999999916e-03
5.202767600000000187e-02
-2.273255799999999993e-02
2.166635100000000123e-03
1.384731099999999930e-02
1.807356300000000082e-02
-2.421805999999999959e-02
-6.678222600000000356e-04
2.558894299999999941e-02
2.651298200000000091e-02
9.615344600000000352e-02
-2.353650900000000060e-02
1.803207600000000105e-02
-2.721915000000000098e-02
3.317306999999999895e-02
-3.909688399999999842e-02
-1.462284399999999943e-02
1.563485699999999853e-02
-1.307650200000000026e-02
-6.187118000000000131e-03
-5.666954400000000225e-02
3.693603399999999953e-02
3.133228400000000191e-02
1.182322700000000039e-02
3.603192799999999779e-02
-1.817554000000000045e-02
1.888585300000000106e-02
3.163399999999999806e-03
-2.803235899999999975e-02
1.641136199999999878e-02
-2.221020500000000023e-02
5.614460300000000126e-02
4.521677300000000177e-02
1.372934299999999976e-02
-1.237745399999999954e-02
5.900151700000000332e-02
1.659030699999999858e-02
1.212397699999999932e-02
5.677573400000000131e-02
2.538549199999999909e-02
5.663123400000000252e-02
-1.218278400000000032e-02
-2.155060699999999940e-02
-7.722668000000000588e-02
3.345003399999999655e-02
2.870989399999999969e-02
2.732187900000000030e-02
-3.261126000000000302e-02
3.851237500000000147e-02
-1.456915999999999940e-02
-1.277975800000000044e-02
3.371210000000000179e-02
4.758495000000000254e-05
-5.344359699999999720e-03
2.292529000000000095e-02
1.364139900000000023e-02
-6.420465999999999673e-02
2.853485399999999839e-02
-5.110610299999999995e-02
-2.241193699999999983e-02
4.141580300000000103e-02
-6.725509999999999648e-03
4.813841000000000127e-03
-2.184260299999999863e-02
5.421006600000000120e-03
-7.286157000000000050e-02
-3.198742000000000252e-02
-6.580081999999999598e-02
6.355037000000000012e-03
9.192143999999999315e-03
-1.809567200000000015e-02
-2.091937300000000152e-02
-1.549309199999999997e-02
8.905309000000000141e-03
2.168737999999999916e-02
-1.560694699999999949e-02
1.111729600000000012e-01
5.348435999999999815e-03
-4.836018699999999892e-03
-4.037857400000000041e-02
2.160667299999999985e-02
3.756746999999999864e-02
-1.638748900000000161e-02
