5.816771999999999915e-02
1.590946000000000027e-02
-5.109806699999999702e-02
-2.673676200000000072e-02
-2.760933200000000032e-02
3.211996699999999927e-02
-1.958055599999999896e-02
9.009082999999999328e-03
4.991416299999999751e-02
6.084701399999999788e-02
1.313045900000000057e-02
7.067879000000000522e-02
6.617903999999999454e-02
-9.259573999999999583e-03
-6.829076400000000033e-03
-5.103097800000000288e-03
1.485981200000000002e-02
4.369643299999999980e-02
-5.886472400000000021e-02
2.958611599999999911e-02
-3.171086000000000044e-02
5.565170600000000217e-02
1.200573899999999965e-02
-2.822712600000000169e-02
6.325136000000000300e-03
1.674606299999999853e-02
2.985476499999999839e-02
-6.637672999999999490e-02
-2.056328600000000006e-02
-7.144383999999999457e-02
1.696102999999999847e-02
1.579715900000000159e-02
2.463267599999999918e-02
-8.516842000000000162e-03
3.898560999999999693e-02
5.340917399999999676e-02
-1.357691549999999990e-02
-3.480348999999999943e-02
-7.204464600000000038e-03
-4.921828000000000314e-02
-1.033733000000000048e-02
-8.345797000000000632e-02
-3.761427999999999994e-02
-3.493411699999999891e-03
-4.134610700000000000e-02
1.427943199999999989e-02
-3.315046399999999754e-02
-2.790222900000000061e-02
-2.636961999999999987e-02
4.098651999999999851e-02
3.253770200000000168e-02
6.741075299999999687e-03
-3.193679499999999699e-02
-3.990728400000000120e-02
2.276334699999999975e-02
-1.502569900000000000e-02
-8.521251000000000519e-02
-2.574612199999999976e-02
5.828994500000000273e-02
-2.616258999999999946e-02
1.646664399999999903e-02
-1.223586100000000065e-02
-3.633177299999999776e-02
-3.503725299999999737e-02
7.310413000000000328e-02
-4.940040999999999877e-02
3.355577600000000243e-02
2.890436399999999836e-02
-8.418689000000000033e-02
-1.448425650000000064e-02
-4.045833599999999752e-02
2.293647500000000131e-02
4.037676800000000038e-02
-3.401695200000000308e-02
7.171116299999999617e-03
1.060652099999999961e-04
-2.476335099999999942e-02
-8.683022000000000309e-03
4.299483400000000261e-02
1.847122199999999895e-02
7.062526399999999663e-03
-3.604518000000000305e-02
1.861340400000000006e-02
3.297593399999999841e-03
-1.786856499999999945e-02
3.413808000000000120e-02
5.982839000000000212e-02
-2.812691800000000075e-02
-7.104348400000000396e-02
1.118839999999999939e-02
1.037189300000000008e-01
-3.753672999999999732e-02
-1.714444400000000000e-03
-9.640467999999999260e-03
1.827969000000000122e-02
-3.019972499999999845e-03
-8.359373000000000498e-02
-4.071103400000000011e-02
1.594263500000000014e-02
-2.071677699999999872e-02
-7.382780999999999719e-03
1.332585099999999967e-02
1.524861800000000024e-02
-3.015177499999999872e-02
5.600823500000000343e-02
1.058298350000000040e-02
-2.195265100000000011e-02
-7.509681399999999958e-03
-4.826823000000000224e-02
1.500172999999999958e-02
2.644929500000000114e-02
5.957211999999999924e-03
1.950227499999999947e-02
-7.793788000000000278e-03
1.871107300000000168e-02
-3.300364000000000075e-02
-2.403910299999999917e-02
-3.117028300000000002e-02
1.577510099999999971e-02
-4.530631400000000031e-02
1.668762999999999844e-02
4.027792000000000178e-02
-3.173259999999999970e-02
-7.267006000000000333e-03
7.733984000000000691e-02
4.918764500000000206e-02
-3.061509299999999947e-02
1.300765100000000028e-02
-8.069248499999999436e-02
-2.436295200000000022e-02
2.892509000000000139e-03
1.432966899999999974e-02
-1.622896000000000061e-02
4.334173600000000397e-03
-1.618258499999999933e-02
-3.240591699999999936e-02
-9.388122999999999954e-03
1.915135400000000021e-03
-2.829994300000000101e-02
1.655524599999999916e-02
-3.482309699999999730e-02
-2.056058499999999928e-02
-5.927962400000000298e-02
1.918680799999999964e-02
-3.140277799999999925e-02
-4.312876000000000209e-02
-5.815449999999999786e-03
3.635044400000000259e-02
2.224351100000000053e-02
2.701276700000000090e-03
-7.059913999999999600e-03
-5.277450999999999844e-03
5.726712999999999942e-02
-1.860123299999999827e-02
1.152039799999999940e-02
-8.935072000000000500e-03
8.161256000000000413e-03
-7.944616000000000178e-02
1.754669500000000104e-02
-9.384438000000000155e-03
3.876182000000000238e-02
-9.371862000000000248e-02
2.938640500000000086e-02
6.099831700000000329e-02
-5.529631299999999972e-02
4.454897299999999866e-03
-2.505595000000000044e-02
-9.513087600000000310e-02
-2.547853300000000112e-02
2.217148600000000067e-02
-2.217424999999999952e-02
-6.117299200000000242e-02
3.324746600000000156e-03
-5.422934000000000088e-02
2.233682799999999954e-02
3.109181000000000097e-02
3.399065199999999794e-03
6.350467400000000401e-03
-7.110977000000000270e-02
1.211155400000000007e-02
1.079889099999999935e-01
-1.954579500000000122e-02
5.194436000000000192e-03
-4.223274999999999946e-02
-1.982072000000000001e-02
-4.608407600000000159e-02
2.694323499999999941e-02
-3.729859399999999742e-02
2.179009999999999996e-04
8.840357999999999550e-02
2.918640000000000123e-02
-1.174136899999999976e-02
-2.841000000000000122e-02
9.842346999999999901e-02
3.650715299999999792e-03
8.727353000000000194e-02
5.033271400000000062e-02
-1.952357199999999945e-02
-3.095203499999999927e-02
-6.893776000000000070e-02
2.152950500000000086e-02
4.341479000000000171e-02
-5.074748999999999927e-02
-2.944769499999999943e-02
1.789272399999999928e-04
6.885578500000000268e-02
-1.439984400000000019e-02
-2.257023999999999836e-02
8.680938000000000543e-02
2.427811399999999994e-02
3.954350500000000310e-03
-5.138678500000000426e-03
-2.791340800000000066e-02
1.405972599999999982e-02
3.373140499999999903e-02
-1.401641999999999992e-02
5.864364300000000224e-02
1.029368599999999981e-02
6.299022599999999639e-02
-6.807088400000000337e-03
7.056880000000000097e-02
-1.863775599999999838e-02
5.356862400000000218e-02
1.630422299999999963e-02
2.235419800000000047e-03
-1.808568799999999907e-02
-9.508547000000000526e-02
-9.568937999999999489e-04
6.250637000000000554e-02
-9.741123000000000837e-03
3.007448999999999886e-02
-1.357358099999999949e-02
-3.838189300000000026e-02
6.676061999999999969e-03
-5.296305199999999658e-02
4.302476000000000217e-02
4.929860999999999965e-02
-3.964173399999999792e-02
2.984181299999999915e-03
-5.396635299999999989e-03
-2.314039099999999974e-02
4.202107000000000064e-02
2.043021299999999915e-02
-1.466185799999999984e-02
3.994341199999999759e-02
-1.649346399999999935e-02
1.933564600000000147e-02
3.416815399999999919e-02
-4.905872399999999800e-02
-2.345208000000000015e-02
-2.195926999999999948e-02
2.340561899999999904e-02
1.097592799999999938e-03
3.739801799999999815e-02
-4.297304999999999875e-02
1.696485500000000091e-02
3.577460300000000204e-02
5.300305000000000294e-02
-1.374419600000000019e-02
-2.786722399999999947e-02
9.753238999999999659e-02
1.026485200000000063e-04
3.704234599999999683e-02
-5.577097000000000304e-02
9.433346999999999913e-03
-6.694279000000000202e-02
-1.924543600000000118e-02
-1.172173199999999946e-03
-2.075038900000000103e-02
-1.318209300000000063e-02
3.432031700000000296e-02
-6.691415600000000241e-02
-4.879195599999999744e-02
-9.044994000000000645e-03
-5.867208000000000145e-02
7.203285000000000243e-03
-1.438204799999999971e-02
9.238052000000000069e-03
1.525715549999999941e-02
-1.699178499999999883e-02
3.555412200000000050e-02
-1.202170500000000058e-02
2.296971700000000061e-02
3.739064000000000276e-02
-4.467157000000000072e-02
-7.697187399999999569e-03
2.873839400000000044e-02
-5.666270400000000297e-03
-1.680514799999999892e-02
1.058962000000000098e-03
2.106905699999999867e-02
2.456014000000000114e-02
-5.352557600000000179e-03
-9.490719999999999712e-02
3.249882999999999939e-02
1.148849400000000100e-03
5.377175299999999852e-02
4.295309299999999775e-02
-6.166613999999999950e-03
-2.226701400000000164e-02
6.168912000000000007e-02
4.432868000000000225e-02
-1.967481700000000069e-02
1.992150599999999855e-02
-4.424116999999999980e-03
3.510294500000000345e-02
2.900269999999999931e-02
-4.566992599999999958e-03
-1.275734700000000048e-02
2.893702299999999922e-02
5.135774000000000068e-03
2.157898200000000002e-02
-2.785787500000000069e-02
-2.514009999999999856e-02
-6.722933000000000381e-02
6.904254999999999767e-03
-8.032047000000000492e-02
3.947362299999999935e-02
2.789095800000000042e-02
-1.941768300000000155e-02
2.433993300000000110e-02
8.851718999999999213e-03
-3.434929499999999822e-04
3.493431599999999998e-02
9.397849399999999576e-02
-1.607798699999999931e-03
2.029723500000000028e-02
-5.058282199999999951e-02
1.051539399999999909e-03
-1.158745599999999945e-02
-3.038471400000000017e-02
-9.666196999999999637e-03
4.923301199999999961e-02
-1.591927200000000167e-02
1.439523200000000086e-02
-1.461570700000000035e-02
-3.650413999999999742e-02
4.297779499999999919e-02
7.965352000000000543e-02
2.381088599999999986e-02
8.293412999999999480e-03
7.928127999999999998e-04
4.413672999999999902e-02
3.853303200000000178e-02
-3.075365299999999885e-02
-1.409051899999999927e-02
6.061156000000000486e-04
8.296983000000000179e-04
-4.398509999999999573e-03
-8.302759399999999623e-02
4.737657700000000305e-02
4.850506999999999735e-02
-7.557361599999999624e-02
-2.919616699999999856e-02
-2.400535399999999785e-03
5.605802299999999849e-02
3.887030500000000083e-02
-1.194707599999999918e-02
4.200138999999999956e-02
-3.131366499999999747e-02
-1.834827099999999933e-02
-1.770019000000000106e-02
-1.017698549999999924e-02
5.493849499999999692e-02
9.005018499999999787e-03
2.358328000000000160e-02
4.271098200000000150e-02
5.015815800000000130e-02
-2.336000699999999861e-02
1.833203400000000052e-02
-5.261086300000000077e-02
5.534245000000000136e-02
4.166665700000000278e-02
1.795918700000000146e-02
3.087494500000000086e-02
-3.332463299999999934e-02
8.295705999999999913e-03
-9.950044999999999376e-03
-1.727215799999999926e-02
-4.533645000000000209e-03
-3.470434000000000019e-02
-5.068967499999999654e-02
-2.496251999999999846e-02
-2.152343699999999943e-02
-7.077402400000000135e-03
4.663650300000000276e-02
-6.936393000000000419e-02
-3.124817499999999956e-02
-7.170316999999999837e-03
7.584776300000000207e-03
-1.193840200000000074e-02
2.349688299999999966e-02
-5.093455499999999941e-04
3.124120999999999843e-02
9.424151999999999876e-03
9.625661000000000633e-03
2.764520399999999961e-02
3.456559399999999810e-02
5.995982999999999868e-03
-7.157933400000000140e-03
-3.920895199999999831e-02
-1.991747500000000046e-02
1.409687800000000019e-02
-9.349994999999999834e-03
1.138113099999999919e-02
-1.126721200000000041e-02
5.512024000000000090e-02
5.009154999999999858e-02
-2.094117200000000095e-02
2.801551299999999883e-02
8.049554999999999905e-03
-2.132288699999999870e-02
-4.525507399999999930e-04
3.471322000000000296e-02
-5.704653600000000185e-02
-6.871443999999999989e-03
5.320186500000000096e-02
-1.602493400000000109e-02
4.162178200000000300e-02
4.462520799999999954e-02
-1.227519900000000053e-02
4.606288000000000049e-02
2.958315200000000145e-02
3.540440000000000254e-02
-4.030157300000000026e-02
-2.924200700000000042e-02
-1.002255800000000086e-02
-1.593853900000000157e-02
3.063489499999999879e-02
-2.638593300000000030e-02
1.943162600000000045e-02
-2.884605399999999858e-03
9.863161500000000234e-03
5.460096999999999867e-02
-1.397699200000000058e-02
4.655911000000000077e-02
1.781907699999999914e-02
-2.475411399999999981e-03
-3.144507500000000288e-02
5.540143000000000151e-02
-1.016282800000000049e-02
1.415797000000000062e-02
1.034087540000000055e-01
1.876252799999999967e-03
-3.104192600000000093e-02
2.895646199999999879e-02
5.877518000000000326e-02
-5.326570199999999811e-02
2.447245300000000165e-02
1.060609300000000046e-02
-1.421605050000000064e-02
-9.753657000000000646e-03
1.019197399999999948e-02
-3.525072700000000253e-02
-4.716813999999999729e-02
4.339116400000000290e-02
3.377452999999999705e-02
-7.144268999999999967e-03
-3.073767800000000092e-02
8.409234999999999280e-03
-3.221136299999999980e-02
-4.984544199999999675e-02
3.393406000000000200e-02
1.770441199999999923e-02
-1.060379399999999972e-02
-1.923110499999999834e-02
-3.718693599999999683e-02
-3.796635400000000164e-03
3.802086000000000094e-03
3.755141800000000307e-02
5.253250000000000107e-03
2.470411499999999871e-02
4.473693000000000114e-02
3.112310000000000076e-02
-5.070213199999999698e-02
-3.574741299999999872e-02
-2.496185899999999944e-02
7.861480000000000551e-03
-3.166680399999999979e-02
-3.247508300000000181e-03
-3.318920699999999835e-02
-4.740262800000000221e-02
-2.049747000000000027e-02
4.025135199999999719e-02
3.353185999999999667e-02
-4.035334000000000143e-02
-2.300228699999999973e-02
2.626631399999999894e-02
-3.979578599999999966e-02
-2.798621399999999884e-02
-2.022162500000000002e-02
2.492434300000000158e-02
-2.932103599999999911e-03
5.055757699999999938e-03
3.398987299999999684e-02
-2.589343100000000147e-02
8.542898000000000158e-02
-1.938499100000000072e-02
-5.804936000000000124e-02
4.613779500000000228e-02
3.171058999999999684e-02
8.492732999999999532e-02
-4.850962700000000134e-03
-5.902575999999999656e-02
-2.073207999999999995e-02
-2.293657299999999830e-02
-5.601434400000000063e-02
-2.435342999999999883e-02
1.657004999999999936e-02
-2.685165999999999942e-02
2.436385300000000129e-02
-1.531647400000000006e-02
1.346180299999999962e-02
2.861817599999999864e-02
-3.608929000000000303e-02
1.028760400000000054e-02
2.399321499999999829e-02
-1.839083000000000037e-02
-2.482347199999999920e-02
2.967769799999999888e-02
9.333482000000000584e-03
-4.615976699999999738e-02
2.083974699999999961e-03
1.122394300000000011e-02
4.286394300000000157e-02
-1.478465799999999913e-02
3.567180999999999824e-02
-3.452376599999999740e-02
2.386683399999999997e-02
-1.613545599999999941e-02
2.292580300000000154e-02
6.742106400000000277e-02
4.958783999999999718e-04
5.479852500000000071e-02
1.127485200000000014e-02
1.586815999999999921e-02
6.944380999999999471e-02
1.472474300000000021e-02
4.265782600000000285e-02
5.217487700000000145e-02
3.290856000000000336e-02
1.420074300000000005e-02
7.703334000000000049e-03
-2.712569800000000017e-02
7.729302000000000394e-02
4.157127000000000044e-02
4.831077000000000288e-02
4.097191000000000027e-02
1.630264999999999839e-02
6.430254999999999999e-02
-7.843284000000000367e-02
-5.908162499999999873e-02
-1.428582899999999989e-02
5.811867299999999743e-03
2.717867499999999936e-02
-6.897509000000000279e-02
2.617909000000000078e-04
7.797676400000000483e-04
-1.538996100000000061e-02
-4.564591500000000218e-02
2.819165800000000138e-02
-4.936332999999999693e-02
2.626909700000000167e-02
-5.379448500000000299e-02
-7.334319999999999729e-02
-1.804247100000000090e-02
-2.510456000000000146e-02
5.272593700000000050e-02
-2.793142800000000033e-03
2.272653400000000049e-03
-4.883177600000000035e-03
7.249175000000000063e-03
2.430169800000000005e-02
6.206289399999999519e-04
3.942110000000000058e-02
-3.413937200000000116e-02
-3.500482800000000172e-02
-2.317891999999999869e-02
3.427411999999999820e-02
-2.267084999999999934e-02
2.052514800000000000e-02
-2.079546300000000014e-02
3.095717699999999892e-02
4.782832399999999845e-02
-2.202277600000000085e-02
-1.131601599999999992e-02
2.028391699999999853e-03
-1.954932699999999829e-02
-3.382439999999999752e-02
3.530581700000000323e-02
-5.558824999999999877e-03
-3.930457700000000026e-02
-1.846776199999999868e-02
4.783174800000000032e-02
5.112698300000000085e-02
-5.254732000000000153e-02
-2.364238299999999945e-03
-6.179005299999999756e-02
3.242208399999999685e-02
3.715998699999999849e-02
2.275906899999999983e-02
-1.714254499999999862e-02
5.325622499999999732e-02
1.282807250000000086e-02
-4.600270499999999790e-02
7.249254999999999588e-03
-1.558674200000000065e-02
-6.526241000000000680e-02
-1.220644100000000017e-02
-1.370360200000000049e-02
-1.962756599999999907e-02
4.328593999999999845e-03
2.713734299999999867e-03
-7.428129000000000329e-03
-1.505533199999999940e-02
8.840234000000000633e-03
-2.191652499999999920e-02
-2.342998799999999882e-02
1.378254899999999984e-02
1.392424700000000071e-02
5.140948299999999888e-02
5.855153299999999762e-03
1.490294799999999920e-02
-2.437901500000000041e-02
-7.268829000000000262e-02
1.486921000000000076e-02
6.452670000000000627e-02
1.288395600000000023e-02
2.968457299999999882e-02
-2.557024700000000081e-02
-1.917275599999999913e-02
1.403184799999999954e-02
7.753762000000000154e-02
-7.059289500000000273e-02
-5.779498999999999748e-02
-2.279896799999999932e-02
-3.772332500000000199e-02
2.520612800000000125e-02
4.605668999999999735e-03
-1.328788200000000086e-02
1.320211200000000022e-02
6.344102999999999548e-02
1.045424799999999932e-01
5.469255600000000328e-03
-7.437313999999999991e-04
4.514537300000000426e-03
3.480097699999999683e-02
-2.180280999999999886e-02
1.955874499999999891e-02
5.341452700000000331e-02
-1.243954799999999992e-02
7.379852000000000634e-02
-5.609222500000000250e-02
-1.780189199999999972e-02
-1.933189999999999908e-02
-6.637817999999999496e-02
-1.907112000000000043e-02
-9.196127000000000121e-04
5.434558999999999918e-02
-2.215684999999999877e-02
4.218598999999999960e-02
2.873819700000000005e-02
-1.377950600000000039e-02
2.173101300000000041e-02
-9.150045000000000747e-03
-8.220764999999999670e-03
-4.014072199999999674e-02
-3.950184000000000334e-02
-1.700123400000000048e-02
-4.177868700000000185e-02
1.196608100000000081e-03
-3.999893000000000198e-02
2.102236400000000172e-02
2.893538000000000013e-02
1.993631599999999907e-02
1.089065500000000082e-02
3.346200700000000194e-02
3.503356600000000209e-03
-3.956997799999999871e-02
-2.307220999999999925e-02
-2.347039600000000101e-02
1.193142399999999950e-02
1.998650000000000079e-02
-2.548765000000000058e-02
-8.385816999999999577e-02
-1.746906900000000026e-02
6.254545999999999717e-02
-3.763480300000000139e-03
1.168926999999999987e-02
-2.075136099999999920e-04
-6.154405000000000379e-04
-3.175271699999999975e-02
6.153402999999999998e-03
3.321075999999999889e-02
1.120003500000000055e-02
1.553751199999999985e-02
-7.332241000000000453e-02
3.644413500000000250e-02
-1.260471099999999935e-02
-1.855168299999999937e-02
-1.991151999999999853e-02
-4.231486000000000275e-02
-5.273374000000000117e-02
-1.065417500000000010e-02
4.757539400000000002e-03
1.117424700000000000e-02
6.451959000000000166e-02
4.974035499999999999e-02
-2.461676700000000120e-02
3.949222299999999991e-02
-1.167003399999999927e-02
2.114138000000000128e-02
1.692346000000000128e-02
5.984574000000000317e-03
-9.322439999999999546e-03
-2.309249500000000108e-02
1.374806649999999950e-02
3.130505599999999777e-02
2.131889400000000143e-02
-4.234573000000000156e-03
2.256482099999999880e-02
1.516331700000000081e-02
3.996965999999999714e-02
3.999446300000000093e-02
2.870967600000000081e-03
1.234400599999999938e-02
7.755592000000000388e-03
-1.475402900000000010e-02
-3.375607399999999703e-02
2.459489000000000033e-03
6.019443000000000016e-02
2.769367799999999935e-02
-1.539888049999999994e-02
3.957447800000000321e-02
2.915478100000000114e-02
-1.006005500000000004e-02
1.324851999999999974e-02
-5.718648999999999955e-02
-4.750596399999999775e-02
1.333353200000000037e-02
3.732883599999999719e-02
-1.182259599999999945e-02
3.143656599999999912e-02
-1.343826000000000048e-02
-1.003447399999999982e-02
3.053690799999999803e-03
2.156357299999999907e-03
-5.833454400000000206e-02
1.234183999999999976e-02
-5.091770400000000113e-02
-4.269861999999999963e-02
-5.182754199999999728e-02
1.669932999999999834e-02
2.437800199999999931e-02
6.736411000000000482e-02
-1.769061599999999929e-02
3.356137000000000009e-02
5.041158300000000113e-03
5.196718499999999907e-02
6.258274000000000302e-03
-7.377933000000000408e-02
7.766215999999999398e-02
1.544832600000000007e-02
4.464860499999999920e-03
-1.084421900000000043e-02
-3.780886499999999706e-02
1.965389400000000161e-02
5.249400999999999894e-03
