7.287232000000000431e-02
4.023163800000000012e-02
-5.404371799999999754e-02
1.249209499999999994e-02
2.664520600000000114e-02
7.329607999999999957e-02
2.839625399999999925e-02
4.256657500000000233e-02
-2.164000399999999828e-03
2.060928799999999991e-02
6.552929400000000182e-02
5.111058799999999847e-02
2.346756100000000136e-02
-8.591868000000000768e-03
-2.338889200000000140e-02
-4.790332499999999660e-02
3.616524600000000072e-03
9.632649999999999546e-03
-5.169733199999999862e-02
5.643106000000000164e-03
-2.255595100000000117e-02
7.398446000000000146e-04
5.188550799999999685e-02
6.787079000000000029e-02
8.697774999999999604e-03
-4.341045999999999794e-02
5.696029000000000023e-03
-2.844955600000000084e-02
3.801538799999999718e-02
-7.656148999999999594e-02
3.182405199999999851e-02
-1.275283699999999951e-02
1.498766200000000055e-02
-5.546533499999999929e-03
4.761238999999999749e-02
1.965938899999999934e-02
1.946778999999999871e-02
1.752415699999999854e-02
1.025396899999999906e-03
-6.218212000000000045e-02
-3.622962999999999878e-02
-1.324568500000000010e-02
-1.024886900000000073e-02
1.099489499999999932e-02
-5.062553699999999823e-02
-7.013669000000000153e-02
-2.730181300000000116e-02
-7.595023999999999699e-03
-1.319991600000000077e-02
4.395607499999999723e-02
4.805959799999999678e-03
4.202964000000000006e-02
1.016126100000000042e-03
7.533947000000000040e-03
-1.909441300000000105e-03
-3.134327800000000219e-02
-3.091030499999999990e-03
-7.731287300000000418e-03
9.889467000000000396e-02
-2.115162799999999871e-02
1.007763100000000009e-02
-5.698972599999999750e-02
-1.462169550000000026e-02
-7.393452500000000094e-02
2.642492199999999999e-02
-7.698037000000000629e-02
5.995271299999999602e-03
-2.281733600000000056e-02
-7.936396399999999518e-02
1.389264299999999966e-02
3.611343399999999981e-02
8.079776999999999793e-03
-3.045639400000000122e-02
2.069827000000000125e-02
1.148356700000000008e-02
4.951482000000000105e-02
1.387765699999999984e-02
-1.357390600000000017e-02
2.553493299999999924e-02
2.779359699999999975e-02
-4.382562599999999947e-02
-2.196820299999999865e-02
5.200139000000000150e-02
4.537864400000000270e-02
-3.646012399999999654e-02
3.243716399999999750e-02
4.491417000000000326e-02
-4.214175800000000138e-02
-4.503033299999999878e-02
-9.492402000000000478e-03
1.279334299999999869e-01
3.388057299999999716e-02
2.008389000000000181e-03
2.461284399999999831e-02
7.317509499999999556e-02
1.743745099999999921e-03
-5.762113600000000335e-02
-1.246677199999999958e-01
1.310026599999999930e-02
3.165542300000000198e-02
-1.459986599999999954e-02
2.300690700000000005e-02
-3.776763999999999816e-02
3.041707000000000091e-02
-1.041463500000000021e-02
4.867561999999999757e-03
2.084447999999999857e-02
-7.296631500000000381e-02
-1.151959800000000034e-01
-1.674446399999999927e-03
4.628830400000000234e-02
1.945672400000000163e-02
2.875859000000000054e-02
-3.796673400000000111e-03
-1.213330100000000085e-02
2.646410500000000166e-02
-6.192695299999999986e-02
1.600998600000000036e-02
-5.471372999999999862e-03
6.310791700000000296e-03
3.104523600000000036e-02
5.845713999999999771e-02
-3.996265699999999865e-02
3.572962400000000149e-02
4.853184499999999707e-02
-5.339582600000000040e-02
-5.109671999999999999e-03
-1.103077799999999976e-02
-2.648294500000000079e-02
1.792734299999999836e-02
-3.297408999999999844e-03
-1.222100100000000043e-02
3.094850000000000032e-02
3.085227899999999981e-02
1.625520700000000068e-02
6.814442499999999936e-04
7.202980999999999967e-02
3.559809600000000268e-02
-5.687196299999999934e-03
3.183935599999999921e-02
-3.317114699999999805e-02
-6.693166500000000130e-02
-8.286865999999999677e-02
-1.255799299999999993e-02
-3.852676599999999701e-02
-2.175926599999999933e-02
4.396653999999999840e-03
3.243721599999999788e-02
-2.462898000000000170e-02
-2.867545200000000058e-02
-1.841568600000000056e-02
3.405584299999999797e-03
1.093807899999999986e-02
-4.448525600000000080e-02
-2.875832000000000041e-02
2.419358500000000009e-02
-3.938346000000000208e-02
-2.550983799999999996e-02
4.966224400000000122e-02
5.477982999999999637e-03
-1.141730200000000070e-02
-6.907937000000000105e-02
-1.271668599999999962e-02
6.202314800000000017e-02
-7.105657499999999682e-02
-5.497159800000000346e-02
-2.932879299999999884e-02
-8.421119999999999994e-02
-3.728715200000000136e-03
-2.455817999999999890e-02
-3.412001199999999818e-02
-6.929705999999999366e-02
-7.707263500000000045e-02
-8.704720400000000302e-02
-6.770464999999999817e-03
2.669541699999999906e-02
-1.169736700000000018e-03
-2.968755699999999983e-02
-3.850175799999999704e-02
8.496470999999999581e-04
6.616635999999999351e-02
-5.082905699999999694e-02
-5.618396000000000327e-03
-4.797757999999999884e-02
2.335447599999999815e-03
1.348354000000000046e-02
5.644833999999999616e-03
5.800410000000000288e-02
1.968088999999999950e-02
5.773600599999999944e-02
-1.013242200000000030e-02
-2.706161699999999962e-02
1.761359200000000083e-02
2.107434899999999917e-02
4.846299999999999913e-02
5.084868499999999764e-02
-1.514169299999999947e-02
-9.448730000000000670e-03
5.576699599999999923e-02
-4.109842999999999830e-02
4.522836599999999901e-02
6.639763999999999389e-02
3.371579999999999716e-02
-1.644737300000000124e-02
3.576037299999999808e-02
2.766636199999999990e-02
-9.796757999999999161e-03
-4.039978600000000003e-02
4.816484000000000217e-03
2.321355499999999943e-03
-1.596134000000000094e-02
-8.096180999999999517e-02
4.694672300000000097e-03
-3.161064999999999708e-02
2.730002600000000154e-02
2.203462999999999949e-02
3.087848799999999908e-02
3.212666499999999870e-02
3.440741399999999728e-02
-2.199787599999999954e-02
3.861719000000000263e-02
2.029867999999999950e-02
-3.467390000000000055e-02
6.244606999999999936e-02
-9.958450000000000635e-03
6.692887699999999600e-03
-3.988179599999999714e-02
3.428790999999999783e-02
2.114269900000000091e-02
-5.747384999999999994e-02
-1.151441100000000044e-02
4.607118700000000129e-03
3.161736600000000091e-02
-2.086464700000000005e-02
2.205670599999999884e-02
5.408701300000000323e-02
-8.645374000000000808e-03
-2.809353499999999934e-02
-2.675085099999999910e-02
-4.779416000000000220e-02
1.480287700000000074e-02
2.702424100000000093e-02
2.306468999999999880e-02
8.260019999999999862e-03
5.941924999999999985e-02
-4.880782200000000071e-02
6.335667000000000382e-02
3.112637000000000043e-02
-3.193296999999999802e-02
1.481579000000000056e-02
-3.738663300000000245e-02
-3.400298200000000104e-02
-3.415562199999999660e-02
6.556692000000000249e-03
-2.873812800000000167e-02
4.162600999999999801e-02
-1.920296800000000081e-02
3.887332200000000182e-02
3.042688400000000126e-02
4.081370000000000137e-02
2.747720500000000107e-02
2.196722499999999995e-02
4.324145599999999756e-02
-3.555809299999999895e-02
-4.098310000000000147e-02
-5.986612000000000183e-02
-1.841090600000000119e-02
-1.944105499999999875e-02
1.037601850000000048e-02
-6.190952699999999892e-02
7.421811999999999854e-02
-3.504372399999999832e-02
-4.324597499999999900e-02
-1.009736900000000014e-02
-2.548795800000000153e-02
3.208645799999999826e-02
-1.974151000000000031e-02
9.806343999999999825e-03
-1.384398100000000000e-02
-1.133945299999999934e-02
4.306411000000000266e-02
2.486944699999999852e-03
-1.423281399999999988e-02
-1.891744500000000148e-02
1.618160000000000084e-02
5.883592600000000193e-03
2.158183199999999871e-02
1.535350600000000038e-04
-1.482444899999999996e-02
-3.083494499999999902e-02
1.045615400000000049e-02
-2.482615599999999853e-02
-3.475007399999999885e-02
-8.835975000000000079e-02
1.752817799999999843e-02
1.627738699999999906e-03
4.514413700000000085e-02
1.831172999999999829e-02
-1.809525500000000106e-02
-3.492561999999999750e-02
3.018246000000000123e-02
1.557499799999999962e-02
-6.076204400000000116e-02
4.476567000000000046e-02
-1.310167649999999934e-02
3.547435399999999961e-03
-4.248298699999999983e-02
1.755122799999999858e-02
-1.213021199999999959e-02
-1.554317000000000025e-02
3.488390000000000241e-02
5.601137999999999950e-02
1.969125999999999863e-03
-2.485894599999999982e-02
-2.865570799999999849e-02
-3.705901000000000334e-02
-8.498189999999999911e-02
-6.084802599999999603e-03
2.552144400000000077e-02
4.144754600000000178e-02
3.805532699999999990e-02
6.802009000000000354e-03
-8.103283999999999487e-02
7.696941500000000283e-03
3.699716000000000116e-02
-2.935198500000000058e-02
4.352950700000000200e-02
-3.138999299999999798e-02
5.520149700000000215e-02
3.107742800000000069e-02
1.836810399999999968e-02
-7.051541500000000316e-03
3.805428400000000072e-02
-5.864873999999999782e-02
3.863696199999999865e-03
-1.656306299999999940e-02
-9.062103000000000519e-02
-1.742743999999999890e-02
8.539776999999999785e-02
3.067079500000000070e-03
-1.516550600000000047e-02
-1.990890899999999894e-02
3.904842199999999930e-02
3.086139599999999927e-02
-2.407094800000000173e-02
-4.148041000000000228e-02
-3.410180299999999998e-02
-4.105985999999999664e-02
4.522746400000000194e-02
8.005315000000000694e-03
2.067847000000000088e-02
3.319102000000000163e-02
-1.561378199999999966e-02
-3.902652000000000204e-02
1.834718299999999955e-02
3.876585999999999921e-02
4.488853699999999919e-02
5.062723000000000223e-02
4.819631600000000293e-02
2.265861300000000106e-02
2.719169000000000100e-02
6.878287500000000027e-03
-1.189889400000000014e-02
3.053662600000000074e-02
4.091842999999999869e-02
3.298282599999999981e-02
3.438174000000000091e-02
4.364714799999999673e-02
-4.148708000000000257e-02
-1.446823700000000011e-02
-1.015622499999999963e-02
2.371894800000000011e-02
9.014945999999999376e-03
5.431514200000000202e-03
4.531831299999999896e-02
-4.338323000000000179e-02
-1.900679400000000047e-02
1.219291900000000041e-03
-1.305717799999999915e-02
-1.086298800000000050e-02
-3.419023999999999675e-02
-1.624174600000000135e-02
2.543740400000000200e-03
2.341332399999999925e-03
-5.068188500000000291e-02
5.949311000000000182e-02
-5.447464400000000262e-02
-1.026650399999999921e-02
-2.598330000000000084e-02
-1.854183499999999957e-02
-3.097841700000000115e-02
4.004223300000000346e-02
2.222497199999999909e-02
5.946157500000000262e-03
-5.743605999999999712e-02
7.796949000000000241e-02
5.095153000000000182e-02
5.912482000000000154e-03
4.823352000000000368e-03
-8.718969999999999498e-03
3.615939299999999974e-03
-3.322154299999999921e-02
-8.665468000000000823e-03
-4.979027999999999926e-02
2.904220000000000065e-02
-2.139846200000000004e-02
6.365334000000000270e-02
2.626746699999999921e-02
-6.563650000000000040e-02
5.009748800000000252e-02
1.229110500000000009e-02
-2.283403599999999853e-02
3.511449299999999923e-03
1.805509400000000070e-02
-5.403045599999999754e-02
-8.922319999999999210e-03
-1.692678300000000080e-03
-1.159103199999999938e-03
1.788201000000000027e-02
7.895917399999999309e-02
5.969499400000000122e-02
3.255783400000000077e-02
2.290966700000000161e-02
1.663934699999999964e-03
1.049272499999999962e-02
-2.481291299999999894e-02
-3.537550600000000101e-02
2.042269099999999976e-02
-7.706448000000000291e-03
1.230172600000000067e-03
3.535175299999999965e-02
1.747092199999999984e-02
-3.063511099999999959e-02
2.826942299999999839e-02
-1.586727799999999855e-02
1.414851200000000024e-02
1.503502800000000063e-02
-7.691401999999999961e-03
-2.031878200000000051e-02
7.582761999999999836e-02
3.515052400000000243e-02
2.286810400000000021e-02
4.276506599999999741e-02
-1.747423400000000168e-02
-5.817107400000000317e-03
-3.535504000000000077e-03
2.388717400000000060e-02
2.059532299999999871e-02
-1.607267199999999965e-02
-2.341515599999999947e-02
1.387771500000000054e-02
2.393407199999999916e-04
-1.545661700000000062e-02
-7.666562000000000376e-02
-5.270745200000000186e-02
3.498492400000000058e-02
-8.851572999999999733e-03
5.119166499999999731e-02
-5.250403299999999857e-02
-1.930055099999999999e-03
-3.495777399999999702e-02
8.394001999999999367e-03
3.506850499999999982e-02
2.703271999999999967e-02
-3.161463399999999910e-03
5.313825000000000319e-03
-2.173607799999999896e-02
3.841004499999999683e-02
-1.297435399999999914e-03
2.675696500000000148e-03
8.214825000000000252e-03
2.241241999999999887e-02
6.364363000000000659e-02
-1.666832999999999856e-02
-1.037175199999999971e-02
-1.306816199999999992e-03
4.533017999999999770e-02
8.647076300000000170e-04
8.164061999999999708e-03
-5.699799000000000185e-03
-3.226659400000000261e-02
-1.182859500000000078e-02
-4.298859000000000014e-02
6.595769999999999411e-02
-7.931920999999999763e-03
1.997045999999999988e-04
-4.225768999999999880e-03
1.089355000000000011e-02
-2.705392800000000139e-02
1.343376299999999961e-02
3.245636999999999828e-02
-1.448083799999999935e-02
-1.321905850000000028e-02
2.698877000000000134e-03
2.973729199999999850e-02
7.593306000000000187e-03
6.244920200000000227e-02
-3.308278299999999755e-02
-2.126518599999999842e-02
5.847400800000000093e-02
6.449630000000000640e-02
4.925286400000000037e-02
-2.923813499999999843e-02
-6.129563299999999867e-03
-2.358784699999999859e-02
8.867435999999999374e-03
-7.349118999999999791e-02
8.099678000000000780e-03
8.267766999999999478e-02
2.465331200000000014e-02
1.412920699999999953e-02
-5.103938699999999856e-02
1.493301999999999997e-02
1.425331399999999957e-02
-3.554473400000000144e-02
-4.827961299999999900e-02
1.504557800000000042e-02
-3.503087199999999849e-03
-1.485256000000000076e-02
3.908388699999999771e-02
-8.274981000000000047e-04
-1.814218800000000006e-02
-1.877832800000000038e-02
-1.854942700000000028e-02
-7.157915299999999606e-03
2.944378400000000062e-02
5.038945999999999703e-02
-1.635381199999999882e-02
2.759427999999999881e-02
2.431830399999999979e-03
3.415518000000000200e-03
5.588378799999999674e-02
-1.830588299999999849e-02
2.406540100000000015e-02
9.368865999999999999e-03
1.775711599999999987e-02
7.991353399999999441e-02
5.554088999999999467e-04
5.257297699999999990e-02
-7.101256400000000371e-03
5.423811500000000341e-02
4.838097999999999704e-02
-8.131131999999999249e-03
7.956048500000000023e-03
2.316346600000000061e-02
5.136876600000000320e-02
4.533983299999999779e-03
6.438216600000000456e-02
-2.675446299999999916e-02
5.420814000000000188e-02
-5.119220000000000020e-02
-6.334509000000000320e-03
-2.251367799999999877e-02
-3.826090000000000046e-02
3.731787000000000298e-02
-2.984347199999999936e-02
7.668239599999999989e-02
-3.619940199999999858e-02
-3.469040000000000318e-02
-5.610071599999999666e-03
5.992855500000000141e-02
-1.760243599999999908e-02
2.355507299999999842e-03
-1.740023699999999895e-02
-4.370273000000000040e-03
-2.532511999999999958e-02
-3.506364299999999851e-02
3.273358199999999718e-02
-1.900082900000000076e-03
2.204490599999999953e-02
-9.023244499999999446e-03
-1.545158200000000016e-02
5.743820000000000175e-02
-1.832379799999999878e-02
5.840823800000000121e-02
-2.386467700000000081e-02
-5.962838200000000061e-02
1.040509600000000083e-02
6.121493000000000073e-02
2.205203299999999866e-02
3.190751700000000329e-02
-7.622976299999999726e-03
4.725286399999999859e-02
1.931465200000000160e-02
2.539193300000000021e-03
-8.744428999999999744e-03
-3.503212399999999853e-05
-6.100383399999999984e-02
-2.085239400000000153e-03
2.674607999999999847e-02
-2.596343900000000135e-02
4.042497300000000293e-02
3.645422999999999719e-02
-3.803160399999999663e-02
1.068275599999999985e-02
-2.388425200000000165e-02
-4.956968500000000222e-02
1.313917700000000026e-04
5.702230999999999966e-02
-2.272789600000000090e-02
1.321465800000000065e-02
-5.592501999999999890e-02
3.071237500000000009e-02
-6.388660400000000352e-04
-1.375791399999999956e-02
-6.122870700000000027e-02
-5.131539300000000081e-02
-7.280256000000000227e-02
-1.890705499999999900e-02
2.337277999999999925e-02
-1.236655000000000046e-02
3.967745599999999984e-02
-5.250423800000000168e-02
-2.290383000000000002e-02
-6.725272000000000194e-02
1.051143499999999953e-02
-1.605397800000000000e-02
-3.677151399999999820e-02
-1.815375300000000164e-02
2.474663800000000136e-02
-3.535576900000000217e-03
3.505487999999999660e-02
3.752093799999999674e-02
-6.040898299999999943e-02
-4.201664000000000093e-02
-1.774302000000000171e-02
2.346574099999999830e-02
2.807456800000000113e-02
6.281771999999999356e-02
-2.286693000000000059e-02
-3.268213200000000263e-02
2.525478999999999918e-02
5.649902999999999870e-02
-1.979425400000000071e-02
-1.394786500000000026e-02
-3.003244799999999978e-02
-2.726142999999999969e-02
1.005526349999999979e-02
3.492883000000000099e-02
-3.203620399999999868e-02
1.561124399999999982e-02
4.307869400000000071e-02
8.030225000000000557e-02
-2.635329999999999964e-02
5.100731300000000377e-03
-3.037741999999999873e-02
8.670812999999999438e-03
-3.627707000000000154e-02
-1.211763499999999986e-02
4.577699300000000193e-02
2.869858000000000131e-02
3.511057000000000067e-02
-2.111285599999999929e-02
1.846287200000000170e-02
-4.305165300000000222e-02
-4.654497999999999969e-03
1.301766099999999982e-02
2.746470300000000090e-03
8.120095000000000784e-03
1.513212899999999937e-02
3.631829500000000044e-02
-3.668777000000000149e-02
1.702865400000000071e-02
5.847519300000000170e-02
-1.271270799999999965e-02
1.421659699999999922e-02
-5.445853600000000183e-02
-1.507158299999999951e-02
1.314738699999999996e-02
-1.686428699999999864e-02
2.024556900000000145e-02
-5.971539399999999803e-02
-1.269425300000000083e-02
5.922802399999999500e-04
3.216917999999999861e-02
-5.208219000000000043e-03
1.964500500000000011e-02
3.271419999999999884e-02
-3.618447999999999803e-02
1.277292600000000042e-02
-8.163966999999999405e-03
1.428616100000000035e-02
9.555196999999999649e-03
-4.988148800000000160e-02
7.259951699999999753e-04
1.274321699999999939e-02
1.865485299999999902e-02
-3.210289999999999672e-02
5.867418000000000113e-03
4.022295800000000310e-02
-2.587192300000000153e-02
-9.492161999999999822e-02
-5.231522400000000045e-02
3.398563000000000278e-02
3.660365599999999831e-02
6.315537499999999971e-02
-4.651061000000000084e-02
1.408095300000000022e-02
4.165279499999999940e-02
3.451202300000000105e-03
-2.593313699999999847e-02
-5.674371999999999576e-03
-1.188570599999999935e-02
-3.150349999999999678e-02
1.782211800000000138e-02
-2.478014099999999859e-02
4.123687000000000186e-02
2.431754200000000102e-02
-7.625438000000000008e-03
6.360040000000000138e-02
-5.051238999999999729e-02
3.296953400000000173e-02
2.972025000000000014e-02
-6.797529000000000071e-03
2.439975999999999950e-02
-4.071234399999999884e-04
3.507380000000000220e-02
5.924537800000000132e-02
6.373819999999999486e-02
1.616947700000000154e-02
5.819447999999999982e-02
2.877442899999999894e-03
3.943947999999999898e-02
3.613026400000000221e-02
-1.241609549999999999e-02
8.976829000000000405e-03
-1.621644599999999894e-02
-3.479299999999999754e-02
-4.172953000000000079e-02
1.370811800000000004e-02
2.398258300000000003e-03
5.446493999999999641e-03
-5.354356400000000182e-02
-5.851963000000000303e-02
-1.536123099999999950e-02
-2.871600399999999984e-02
2.804016499999999884e-02
-3.488854999999999734e-02
1.372503299999999933e-02
1.990836699999999973e-02
6.073286800000000235e-02
-2.591485300000000158e-02
-2.800869200000000170e-02
-1.952711099999999977e-02
-2.480550899999999989e-02
4.133086999999999872e-02
-2.886338899999999971e-02
2.400576899999999972e-02
1.077919199999999994e-02
-1.174687200000000022e-02
-5.435971500000000289e-02
2.161762899999999932e-02
-3.782540000000000208e-02
-6.145697999999999786e-03
1.841477000000000044e-02
-2.202847000000000138e-02
-2.335122400000000029e-02
1.799523699999999943e-03
2.238913999999999835e-02
-1.282220000000000061e-02
2.529265500000000069e-02
7.786108999999999392e-02
-3.127427800000000258e-02
-2.052617300000000172e-02
-8.233327000000000007e-02
5.952966999999999981e-03
4.503887499999999905e-02
-8.276258000000000226e-02
