7.248942999999999359e-02
3.505794300000000113e-02
-6.531248000000000609e-02
-3.692025000000000168e-02
2.361178399999999938e-03
4.626639600000000130e-02
2.821459800000000046e-02
3.052818200000000093e-02
4.266157700000000261e-03
1.559213800000000018e-02
3.476820500000000341e-02
5.519318599999999825e-02
8.401238000000000108e-03
3.502855000000000031e-03
1.104046600000000052e-02
-1.582218300000000008e-02
3.387766999999999862e-03
7.760212800000000112e-03
-5.529884599999999872e-02
-1.748981000000000147e-02
-5.325755000000000072e-02
2.163732599999999839e-02
4.206691700000000228e-02
3.240264200000000233e-02
-3.956282999999999675e-03
-3.515623999999999832e-02
-5.938581999999999889e-02
-7.292229999999999546e-02
2.478725500000000109e-02
-1.056361100000000053e-01
-1.042118500000000034e-03
2.714563000000000045e-02
1.417698799999999974e-02
-4.209601999999999788e-02
6.355202000000000073e-02
2.167183300000000146e-02
4.379930399999999897e-03
4.736212000000000061e-03
-1.535768399999999992e-02
-4.149429000000000312e-02
-1.811774799999999949e-02
-1.950760400000000130e-02
2.645161000000000040e-02
4.392719999999999958e-02
-3.952218200000000292e-02
-7.519159000000000259e-02
1.258226599999999994e-02
-1.138971000000000081e-02
-4.220563000000000092e-02
5.699905799999999828e-02
-1.444365200000000040e-03
7.078906000000000087e-02
-1.742824399999999899e-02
1.507487000000000063e-02
5.251032999999999569e-03
-6.335743000000000624e-02
3.046130999999999839e-02
-1.431179800000000057e-02
5.095471399999999818e-02
-4.016209800000000024e-02
-4.613131199999999875e-04
-5.905686999999999742e-02
-1.436291200000000025e-02
-3.612005000000000077e-02
4.502541399999999798e-03
-6.351901599999999759e-02
1.589434899999999902e-03
-6.159261199999999797e-02
-7.994043000000000676e-02
1.896382699999999907e-02
1.520718699999999918e-03
-1.516217100000000033e-02
-1.678533000000000108e-02
-2.546670800000000109e-02
5.105866599999999908e-03
1.555304199999999956e-02
1.268442100000000084e-04
-2.871206800000000031e-02
3.193815800000000121e-02
-1.688627199999999905e-03
-5.012400399999999978e-02
-3.981097000000000108e-02
4.388977300000000172e-03
6.456679999999999364e-02
4.216160699999999743e-04
5.821946599999999750e-02
-1.248189300000000085e-02
-6.167932200000000170e-02
-4.345793600000000256e-02
1.065210200000000010e-02
1.067017839999999940e-01
1.705499699999999882e-02
-2.514092700000000128e-03
2.373216900000000087e-02
8.104002500000000164e-02
-1.507473500000000056e-02
-5.355134599999999967e-02
-1.135131340000000016e-01
2.595966499999999982e-02
5.188471000000000055e-02
1.921254600000000048e-02
-1.390195399999999935e-02
-4.774784700000000298e-02
7.429060999999999824e-03
2.893742399999999979e-02
-1.119611599999999945e-03
9.157511999999999597e-03
-6.625912000000000468e-02
-8.492160999999999460e-02
-6.179020700000000151e-03
7.955737400000000015e-02
-8.100855000000000555e-03
-2.634195799999999930e-04
-3.460376999999999897e-02
-1.121846399999999917e-02
-1.115589300000000006e-02
-3.092838800000000110e-02
4.027181500000000247e-02
-2.534670400000000115e-02
-1.395585899999999928e-02
4.744194999999999662e-02
8.550301000000000429e-02
-1.669034399999999932e-02
4.650714200000000131e-02
2.586056999999999939e-02
-2.960119599999999976e-02
2.506460199999999833e-02
-2.243411199999999911e-02
-1.207290500000000009e-02
3.471734999999999719e-05
3.293329500000000132e-02
-5.638936499999999685e-02
9.638212999999999642e-03
2.227842999999999837e-02
-1.564732599999999960e-02
-4.836495500000000287e-03
6.240037500000000098e-02
4.400685399999999803e-02
2.144954500000000042e-02
6.037042000000000103e-02
-2.629288000000000111e-02
-3.898804300000000000e-02
-8.065672000000000119e-02
1.628116900000000158e-02
-4.798580000000000206e-02
-4.046715399999999824e-02
1.805445599999999998e-02
3.048896800000000171e-02
-1.889670800000000164e-02
-1.368997100000000043e-02
-2.579952599999999971e-02
-1.084721649999999954e-02
8.338889000000000370e-03
-5.360937500000000078e-02
-1.717654000000000056e-02
4.605878499999999792e-02
-1.362870900000000057e-03
-2.559642700000000146e-02
1.517784399999999936e-02
9.198409499999999142e-03
3.044571500000000167e-02
-6.878286599999999806e-02
-2.511328000000000171e-02
6.645193000000000627e-02
-5.530121999999999816e-02
8.032714999999999300e-03
6.568377000000000243e-03
-4.950908200000000287e-02
1.864166399999999876e-02
-7.466041500000000254e-03
-3.401856000000000324e-02
-6.797506999999999855e-02
-7.782519999999999716e-02
-1.142509200000000058e-01
-3.070939899999999834e-02
-6.939129399999999746e-03
-4.362233400000000219e-03
-4.934894999999999907e-03
-5.607686199999999815e-02
5.447391400000000349e-03
8.605347600000000374e-02
-1.771080900000000097e-02
-6.876121000000000229e-04
-2.711274099999999923e-02
2.994576499999999919e-02
-2.921299500000000202e-03
3.404044700000000145e-02
3.297511000000000192e-02
1.745238699999999976e-02
6.488808000000000076e-02
-1.282549200000000084e-02
1.582925000000000000e-03
-1.607563500000000131e-02
2.075238500000000166e-02
-1.162939900000000033e-02
8.345223000000000224e-02
2.170345499999999910e-03
-1.177654799999999953e-02
4.601114199999999793e-02
-3.674674800000000269e-02
2.573694500000000066e-02
1.376454799999999971e-02
1.925205600000000003e-02
6.164808299999999588e-03
2.872752499999999855e-03
5.402483400000000074e-02
-6.459008399999999726e-03
-4.438762699999999894e-02
5.709358999999999962e-02
1.893961200000000150e-02
-5.463831499999999980e-02
-4.526865499999999792e-02
-2.919112299999999938e-02
-2.615439899999999832e-02
3.785923000000000066e-02
2.252040400000000081e-02
2.600409299999999896e-02
2.928911999999999835e-02
2.084908800000000173e-02
-1.682881300000000149e-02
4.780101400000000278e-02
2.079011500000000137e-02
-3.572458800000000156e-02
5.286974500000000271e-02
1.414812200000000082e-02
4.963160500000000051e-03
-3.942912999999999973e-02
2.133242399999999914e-02
2.323845199999999972e-02
-5.791260000000000158e-02
-4.045938699999999943e-02
4.152009300000000097e-02
1.456220199999999979e-02
-3.294974600000000198e-02
-4.184962999999999878e-03
4.670595999999999776e-02
-3.628009000000000182e-03
6.237725700000000192e-03
-3.247746499999999703e-02
-3.819405299999999864e-02
1.609164000000000080e-02
-1.089290899999999923e-02
1.321094599999999945e-02
4.072893400000000136e-02
1.955646999999999941e-02
-5.277110599999999818e-02
7.558691500000000452e-02
3.459062400000000037e-02
-3.130091000000000123e-02
1.935205400000000048e-02
-2.307727999999999863e-02
-1.851871000000000073e-02
-2.566029599999999824e-03
3.181009399999999709e-02
-2.069688600000000114e-02
5.495035599999999881e-02
-2.384392300000000037e-03
2.071595600000000065e-02
1.660036100000000098e-02
2.030891400000000083e-02
1.026654200000000003e-02
1.112953300000000048e-02
1.630047700000000072e-02
-4.238667299999999971e-02
-3.124374200000000143e-02
-5.070444000000000340e-02
-1.614197300000000043e-02
-2.750033899999999865e-02
6.213702699999999572e-03
-5.093319699999999950e-02
4.242472399999999699e-02
-4.306752600000000181e-02
-1.906531699999999829e-02
-2.583003799999999961e-02
-1.535344200000000013e-02
-8.965318999999999372e-03
-9.245398999999999631e-03
6.151654500000000277e-04
-2.330969299999999939e-02
-2.419001600000000168e-02
5.390319600000000044e-02
1.086870600000000055e-02
-2.427143999999999829e-02
2.041358000000000061e-03
-3.401334900000000088e-03
-1.476446399999999971e-02
7.694490299999999679e-03
1.239235799999999915e-02
1.623613500000000050e-03
-5.312265000000000043e-02
1.413747100000000041e-02
1.685149199999999917e-02
-3.357930499999999679e-02
-5.829774599999999751e-02
2.132934300000000061e-02
-6.573661700000000413e-03
7.829423000000000632e-02
3.475741300000000089e-02
-8.758019000000000567e-03
-1.158827299999999963e-02
2.011146200000000009e-02
1.437150199999999954e-02
-6.430687000000000209e-02
7.343639400000000206e-02
-4.591872500000000051e-02
9.020715399999999599e-04
-2.275287399999999932e-02
-1.496839499999999979e-03
-2.224815999999999946e-02
2.119083500000000161e-02
2.882873500000000117e-02
9.684556000000000414e-03
-1.673565999999999943e-02
-2.532633000000000106e-02
-4.883835000000000259e-02
-3.158166300000000287e-02
-9.139605000000000645e-02
-3.503730799999999878e-03
1.326905999999999919e-02
2.723119800000000160e-02
2.666600599999999904e-02
4.415347699999999827e-03
-5.096735799999999733e-02
9.970909000000000022e-03
1.963656600000000113e-02
-7.487350599999999592e-03
1.976353000000000137e-02
-1.506400099999999950e-04
4.170826999999999868e-02
2.115373499999999990e-02
-2.844956699999999852e-03
-2.638766500000000112e-02
1.514849400000000020e-02
-5.601130800000000270e-02
2.921951700000000127e-03
-2.081927999999999904e-02
-7.250073599999999618e-02
-3.951397300000000258e-03
4.640371699999999711e-02
-5.050932999999999638e-03
-6.500895999999999932e-03
-1.857650300000000115e-02
4.133106000000000280e-02
2.611444500000000002e-02
1.036472400000000051e-02
-5.458520000000000039e-02
-6.859168000000000209e-02
-2.213620000000000171e-02
1.239340300000000075e-02
3.370101699999999978e-02
3.988475999999999827e-02
3.444567300000000304e-02
3.606668500000000110e-02
-2.614725199999999930e-02
4.516131199999999686e-03
5.333522999999999736e-02
4.713737199999999683e-02
2.755942600000000145e-02
5.622524000000000272e-02
1.431705100000000078e-02
1.127599200000000031e-02
1.555053699999999969e-02
-2.441625999999999866e-02
1.615880199999999989e-02
7.075180000000000358e-02
1.726131100000000140e-02
5.348242999999999747e-02
5.309020700000000037e-02
-3.599623999999999879e-02
-1.384732900000000023e-02
-1.424224600000000007e-02
2.401889000000000107e-02
1.883795300000000103e-02
2.757758000000000084e-02
5.577697999999999684e-02
-3.211951300000000231e-02
-2.270190600000000086e-02
-9.968473000000000264e-03
-8.988558000000000658e-03
-1.853094799999999848e-02
-4.373296000000000128e-02
-3.121737200000000018e-02
-6.580922799999999739e-03
7.654641999999999696e-03
-5.533785000000000093e-02
1.449663999999999987e-02
-6.296461999999999892e-02
1.832665099999999936e-02
-3.209599500000000216e-03
-4.282213700000000317e-02
-2.512528699999999962e-02
1.015607399999999931e-02
2.070870299999999845e-02
2.902853500000000114e-02
-4.672818299999999953e-02
7.066247000000000500e-02
2.415576599999999866e-02
-1.040210800000000019e-03
1.728645900000000055e-02
-6.603155799999999714e-03
2.086446800000000060e-02
-1.998008800000000001e-02
3.415303299999999931e-02
-5.072727800000000065e-02
6.324886000000000050e-03
-1.563996399999999926e-02
8.793325000000000446e-02
3.939546599999999704e-03
-6.380413999999999530e-02
5.780542600000000003e-02
-1.642952099999999901e-02
8.467763500000000500e-04
-2.041967199999999982e-02
1.249283550000000048e-02
-3.895228399999999674e-02
-1.458792400000000038e-02
1.901842000000000116e-02
4.578258400000000117e-03
3.350573800000000019e-02
7.846442600000000378e-02
3.421909399999999851e-02
2.543013200000000112e-02
1.266327599999999935e-02
-4.168082499999999774e-03
-1.637269900000000097e-03
-5.433837700000000021e-02
-3.997897999999999730e-03
3.313272700000000157e-03
-6.418084000000000115e-03
-2.187039299999999839e-02
7.468864999999999879e-03
3.233496000000000287e-02
-4.325570499999999846e-02
3.980660400000000237e-02
-1.385921600000000059e-02
2.285654499999999895e-02
5.100939799999999746e-02
-1.388103199999999975e-02
-3.953976599999999876e-03
4.498280999999999807e-02
5.321327599999999686e-02
3.659923999999999816e-02
4.938425999999999927e-02
-8.468704000000000509e-03
1.181163899999999921e-03
-3.117280000000000051e-02
-1.042014900000000008e-02
1.737466600000000042e-02
-9.012828999999999979e-03
-3.005392200000000028e-03
-4.212938700000000078e-03
-2.620405099999999904e-02
-1.051684750000000078e-02
-5.732995600000000136e-02
-5.753641200000000205e-02
2.696254500000000096e-02
-1.949607999999999897e-02
7.347239599999999538e-02
-4.256899000000000099e-02
1.209243999999999944e-02
-2.881923100000000071e-02
-2.415221000000000035e-02
2.518010999999999860e-02
1.687252699999999828e-02
-1.314417550000000073e-02
2.747789200000000029e-02
-4.570737999999999884e-02
4.047226500000000032e-02
1.876665699999999909e-02
9.702786999999999176e-03
3.077299099999999954e-02
-7.092096400000000127e-03
8.193478999999999346e-02
-1.481393500000000073e-03
-3.290194999999999925e-02
-3.648321999999999850e-03
7.503979000000000031e-03
-1.197238500000000032e-02
1.822467499999999921e-02
1.592571300000000106e-02
-2.918442200000000153e-02
-1.723571900000000004e-02
-2.600167499999999840e-02
5.204264000000000112e-02
1.996145800000000137e-02
-8.774445999999999982e-03
-1.142502600000000089e-03
2.470167499999999933e-02
-5.134710299999999811e-02
3.775908800000000315e-02
4.208676000000000084e-02
-8.218029000000000393e-04
-2.433847600000000125e-02
-1.016422200000000053e-02
8.373301999999999135e-03
1.953953099999999887e-02
5.225441599999999798e-02
-6.685093999999999932e-03
-4.189054999999999862e-02
7.455942000000000125e-02
7.670272999999999675e-02
4.813806300000000177e-02
-2.998270499999999839e-02
-3.101963699999999921e-02
-2.155721999999999847e-02
1.754931499999999936e-02
-1.014656500000000044e-01
3.720046700000000095e-03
7.589608400000000255e-02
3.161571500000000257e-02
1.037858900000000056e-02
-3.843762399999999663e-02
2.771459500000000159e-02
-8.636724000000000137e-03
-6.648677000000000059e-02
-7.101875700000000353e-03
-1.152690299999999980e-02
1.853090699999999924e-02
-3.013062000000000032e-02
3.000646300000000058e-02
3.583937000000000234e-02
-2.516760499999999914e-02
-3.616979699999999659e-02
-3.286814700000000034e-02
-2.721950199999999959e-02
3.779898200000000180e-02
8.248524000000000134e-02
1.809388899999999972e-03
3.947965800000000081e-02
1.536579300000000085e-02
-1.227239699999999999e-03
6.724222000000000532e-02
-4.091170600000000081e-03
5.124634000000000134e-02
2.450505600000000075e-02
2.370112200000000155e-02
4.679455200000000314e-02
1.072525600000000072e-02
2.927558300000000086e-02
1.787191700000000062e-03
4.661949399999999744e-02
4.297390599999999922e-02
1.184459099999999980e-02
2.990675900000000151e-02
1.359265699999999931e-02
6.166136299999999681e-02
-1.295664099999999964e-02
6.018853600000000081e-02
-4.780658299999999972e-02
3.974429499999999893e-02
-7.442899999999999516e-02
-5.286978999999999984e-02
-2.738441000000000139e-02
-4.408110999999999974e-02
4.057473699999999961e-02
5.082672999999999575e-04
5.752639999999999837e-02
-5.942619200000000268e-02
-4.809517399999999748e-02
-1.903788999999999829e-02
4.878610399999999681e-02
-3.306880599999999920e-02
6.252278000000000002e-03
-2.312578300000000045e-02
-2.419979099999999828e-02
-3.042463999999999932e-02
-7.233190999999999926e-03
2.073419699999999935e-02
-3.276125700000000196e-02
-3.498392900000000215e-03
-2.080289600000000128e-02
-2.607197099999999934e-02
3.701652200000000309e-02
-2.446625800000000114e-02
6.154861999999999833e-02
-3.399662999999999990e-02
-6.267045999999999728e-02
1.103678599999999982e-02
5.479889699999999919e-02
3.909953299999999882e-02
4.086612500000000314e-02
9.879883000000000762e-04
4.920324300000000067e-02
1.443884800000000065e-02
4.612257199999999883e-03
-2.895855300000000146e-02
-4.894764000000000233e-03
-1.191435849999999963e-02
-1.695574000000000039e-02
2.341640999999999861e-02
-2.612108600000000169e-02
4.627839000000000258e-02
-9.664183999999999275e-03
-3.517767000000000116e-02
1.194497299999999936e-02
-1.141409799999999926e-02
-5.903689200000000054e-02
1.572006600000000129e-02
3.322255000000000347e-02
4.736745700000000343e-03
2.255233200000000132e-02
-7.152390999999999610e-02
2.849998899999999988e-02
2.091243899999999881e-03
4.475232300000000205e-04
-3.486774499999999860e-02
-5.936448300000000261e-02
-4.984013999999999806e-02
-1.997133699999999873e-02
3.477216999999999808e-02
-1.790523200000000009e-02
4.949204299999999945e-02
-4.067271199999999975e-02
-2.678779499999999966e-02
-7.257484000000000157e-02
1.276873050000000044e-02
-6.282071000000000183e-02
-2.241806899999999880e-02
-3.505326400000000064e-02
1.635754999999999848e-02
2.719694200000000173e-02
1.998142699999999952e-02
1.781967300000000115e-02
-1.579064100000000109e-02
-3.567420300000000155e-02
1.384289099999999953e-02
4.726885000000000114e-02
9.166304000000000118e-03
4.277898399999999907e-02
-5.150467999999999713e-02
-1.977622700000000039e-02
3.357405200000000006e-02
6.701859999999999762e-02
-6.030328599999999761e-02
-3.404654599999999698e-02
-9.903764000000000664e-03
-2.385366499999999959e-02
6.547674999999999546e-04
2.020674199999999976e-02
-4.958099700000000339e-03
5.965027999999999823e-03
7.402971999999999331e-02
8.145320999999999811e-02
1.106467300000000056e-02
-7.622345400000000125e-03
-6.779485000000000025e-03
2.230386200000000069e-02
-5.486007799999999962e-02
-2.356088300000000121e-02
5.496761000000000008e-02
-5.660359999999999697e-03
1.165420600000000029e-02
-2.622896200000000150e-02
3.733846500000000124e-02
-4.321404000000000217e-02
-2.674984500000000213e-03
4.074105000000000087e-02
-1.632656299999999880e-02
7.115182999999999751e-03
2.869159400000000082e-02
3.540697300000000131e-02
-8.896675999999999196e-03
1.263011099999999942e-02
6.734300000000000008e-02
-1.034308400000000065e-02
2.101092599999999921e-02
-4.897578400000000137e-02
2.101846499999999833e-03
-2.584781700000000210e-03
-5.842738000000000098e-02
8.087732999999999728e-03
-1.093972900000000047e-02
-1.307509400000000065e-02
2.957013199999999897e-02
1.557724599999999945e-02
-8.023020999999999972e-03
5.268517000000000339e-02
2.961490899999999829e-02
-4.956357000000000124e-02
1.804686499999999874e-02
7.581489000000000283e-03
1.898088699999999837e-02
3.196128000000000163e-02
-4.820430299999999696e-02
-7.811359000000000358e-03
-2.634760200000000122e-02
4.535693699999999995e-02
-2.527462100000000059e-02
3.159515000000000240e-02
2.413500099999999968e-02
-1.131548599999999960e-02
-7.731888000000000649e-02
-2.124842600000000081e-02
3.092071799999999981e-02
6.423262000000000416e-02
1.083384160000000068e-01
-1.322378700000000074e-02
-2.951621000000000106e-02
6.734299499999999751e-03
-2.126876800000000040e-02
-3.218762199999999907e-02
-2.186404000000000125e-02
-8.182142599999999875e-04
3.261388000000000047e-03
-1.695827000000000098e-02
-1.465657000000000071e-02
5.144293999999999950e-02
2.958120200000000088e-02
6.824816000000000042e-03
3.645064700000000268e-02
-6.104672700000000202e-02
3.415186700000000242e-02
5.018006600000000234e-02
-5.395044600000000086e-03
2.474245400000000053e-03
-1.329989800000000010e-03
6.091556699999999686e-02
6.026458999999999983e-02
2.148054400000000072e-02
2.557684299999999841e-02
4.319822799999999824e-02
3.796797600000000050e-02
2.462747900000000073e-02
3.543383600000000327e-02
1.556945700000000009e-02
7.192456600000000054e-03
1.014820299999999974e-02
-1.249772099999999983e-02
-4.497585400000000261e-02
8.627498500000000542e-03
3.010335000000000094e-02
1.032046200000000073e-02
-1.662654800000000141e-02
-4.018509800000000243e-02
-1.751696700000000091e-03
-2.818874000000000032e-02
1.945053000000000060e-02
-3.878141999999999701e-02
-1.356822249999999931e-02
1.132865199999999982e-02
2.068365399999999923e-02
-3.380524000000000029e-02
-1.200504900000000028e-02
-2.786411299999999938e-02
-1.262779500000000069e-03
1.630003600000000039e-02
-8.165039000000000671e-03
1.381058200000000007e-02
-3.793298699999999874e-03
-3.847562000000000204e-02
-8.461016999999999844e-02
-4.467208000000000290e-03
-4.497572999999999849e-02
1.698630300000000121e-02
5.685890999999999862e-02
8.139431500000000527e-03
-3.486494700000000030e-02
-3.698633800000000055e-03
3.076058300000000106e-02
2.132098399999999942e-03
3.696754199999999907e-02
8.293757599999999897e-02
-4.809717000000000159e-02
-1.907142899999999999e-03
-6.042246999999999896e-02
3.252247700000000102e-02
4.797462999999999728e-02
-5.359121399999999813e-02
