6.907881999999999911e-02
2.783867699999999917e-02
-6.571588000000000429e-02
-4.135236500000000204e-02
2.949992000000000131e-04
4.243384299999999887e-02
1.092728999999999923e-02
1.716945500000000013e-02
-4.492349500000000252e-03
5.472926000000000353e-03
4.656209399999999832e-02
5.770151999999999920e-02
-9.158400000000000134e-04
-3.696403500000000186e-03
-2.540863100000000010e-03
-1.854367000000000168e-02
3.265651000000000057e-03
1.503104299999999914e-02
-7.054871999999999532e-02
-2.369842900000000002e-02
-5.326900600000000069e-02
2.296186600000000091e-02
3.631314599999999754e-02
2.925436400000000145e-02
-6.402199600000000115e-03
-3.574385499999999799e-02
-5.851694999999999813e-02
-6.934538499999999550e-02
2.280607399999999910e-02
-9.673180000000000667e-02
3.302219300000000003e-03
3.982724199999999881e-02
1.691883400000000065e-02
-4.503057500000000324e-02
5.793434399999999873e-02
1.685909400000000155e-02
6.978445699999999592e-03
3.769533499999999995e-03
-1.360703299999999928e-02
-4.555975300000000144e-02
-1.659405799999999834e-02
-3.008243299999999870e-02
3.292897300000000027e-02
2.851129900000000036e-02
-3.071387000000000075e-02
-7.117938000000000043e-02
1.010566300000000084e-02
-1.259332399999999949e-02
-4.026992000000000071e-02
6.073878700000000241e-02
4.454755700000000151e-03
6.480395999999999379e-02
-6.721694999999999753e-03
8.113837999999999953e-03
-4.689737700000000051e-03
-6.237918499999999672e-02
2.154449699999999926e-02
2.916822700000000143e-03
4.484851000000000115e-02
-4.031897999999999732e-02
-2.808407599999999948e-03
-6.192046400000000145e-02
-2.243406499999999956e-02
-3.945064499999999946e-02
2.152359499999999953e-02
-6.338299999999999490e-02
1.150065699999999920e-02
-6.332292999999999950e-02
-7.463844000000000034e-02
1.424106200000000051e-02
-4.736836500000000082e-03
-8.993009999999999199e-03
-1.710217100000000021e-03
-1.787284000000000095e-02
9.644340599999999932e-04
2.699435000000000029e-02
-1.967258200000000096e-02
-1.351213899999999940e-02
2.869332800000000058e-02
-8.145677000000000473e-03
-5.303784500000000013e-02
-3.966278000000000165e-02
9.244766999999999221e-03
6.308574000000000126e-02
-4.448681000000000337e-03
5.263567000000000246e-02
-1.309703700000000061e-02
-7.356579000000000590e-02
-4.967934599999999923e-02
-9.078406000000000670e-03
9.933588999999999614e-02
2.747073400000000012e-02
8.912002999999999939e-03
1.090977400000000055e-02
7.671650000000000691e-02
-1.353686599999999983e-02
-6.410367000000000148e-02
-1.054739950000000009e-01
1.709408999999999929e-02
5.165509499999999810e-02
1.787341400000000066e-02
-9.349829000000000473e-03
-4.577117800000000264e-02
2.666113199999999971e-03
3.550673599999999708e-02
-4.344788999999999943e-03
1.575028900000000065e-02
-7.537644999999999762e-02
-7.568988000000000105e-02
-7.377368999999999941e-03
7.933255000000000168e-02
2.317035599999999959e-02
3.065434299999999796e-03
-3.210992700000000338e-02
-8.761078999999999742e-03
-4.358676700000000369e-03
-3.202628700000000050e-02
3.060003199999999923e-02
-2.512559099999999920e-02
-1.768948899999999921e-02
3.717000799999999744e-02
9.184692999999999330e-02
-1.195658599999999995e-02
3.790935499999999875e-02
3.320693000000000256e-02
-2.507647899999999874e-02
2.438471000000000041e-02
-3.257705999999999796e-02
-1.561502000000000029e-02
-3.479384600000000067e-03
3.216760999999999926e-02
-4.993632800000000205e-02
1.683357400000000045e-02
2.034162999999999943e-02
3.295669800000000042e-03
-9.796040000000000216e-04
5.336855000000000071e-02
5.555613699999999849e-02
1.564652100000000004e-02
5.783507200000000126e-02
-2.398033299999999951e-02
-4.166700999999999738e-02
-8.154775000000000218e-02
1.462125799999999982e-02
-4.629889499999999963e-02
-3.996875500000000164e-02
2.947528799999999879e-02
5.213463000000000125e-02
-2.806955400000000003e-02
-1.696622999999999881e-02
-2.040291799999999905e-02
3.909853300000000129e-03
2.853421499999999819e-03
-3.685385699999999681e-02
-1.847024400000000025e-02
6.200924000000000019e-02
-5.183501000000000081e-03
-2.138444200000000003e-02
5.322445599999999638e-03
2.086282999999999888e-02
3.478927500000000145e-02
-6.750322999999999740e-02
-2.835274499999999864e-02
6.833425999999999390e-02
-6.669990000000000641e-02
-1.748300499999999895e-03
-2.955000599999999932e-03
-6.157418299999999761e-02
2.599400799999999900e-02
3.488123899999999965e-03
-3.179967000000000210e-02
-5.596951000000000009e-02
-8.466823399999999500e-02
-1.117022399999999943e-01
-2.247164200000000001e-02
1.257674299999999960e-03
6.769988700000000026e-03
-1.224339200000000051e-02
-6.607227999999999712e-02
-8.024297999999999154e-03
7.158883000000000607e-02
-2.272354000000000041e-02
5.240151999999999657e-03
-3.416019299999999842e-02
2.178683999999999829e-02
-2.155856800000000018e-02
3.250808599999999854e-02
1.791273000000000171e-02
5.933121000000000402e-03
5.603045999999999721e-02
-1.830201600000000081e-02
-1.157129399999999933e-03
-2.162001100000000148e-02
2.575977999999999948e-02
1.031325400000000087e-02
7.395419500000000035e-02
1.645020200000000057e-02
-1.982548300000000138e-02
4.819861000000000284e-02
-4.918650000000000105e-02
1.819269499999999831e-02
6.428553000000000045e-03
2.481111899999999953e-02
8.316008999999999207e-03
5.217885000000000231e-03
6.434062999999999588e-02
-7.794358000000000362e-03
-2.554709299999999988e-02
5.072270999999999724e-02
1.732569999999999943e-02
-4.955028400000000000e-02
-3.596896299999999963e-02
-3.137066000000000160e-02
-2.265188099999999871e-02
2.784710699999999942e-02
3.414129500000000206e-02
3.359194499999999806e-02
3.415184500000000012e-02
1.988002999999999992e-02
-3.109390700000000049e-02
6.468756999999999979e-02
2.328342200000000153e-02
-2.464769400000000124e-02
3.703706699999999991e-02
5.627393999999999973e-03
-9.015087999999999227e-03
-3.892719699999999672e-02
2.706451299999999838e-02
2.094455799999999854e-02
-5.274896700000000077e-02
-3.279243800000000014e-02
4.279965499999999895e-02
9.588635499999999603e-03
-1.895268400000000089e-02
-9.489641000000000048e-03
4.198443999999999787e-02
-1.370618699999999988e-02
-8.744628000000000817e-03
-3.125603999999999882e-02
-3.362687300000000157e-02
1.798030399999999904e-02
1.088634500000000040e-02
1.245840450000000078e-02
3.967705400000000326e-02
1.569703199999999965e-02
-4.878024999999999722e-02
8.293480400000000086e-02
3.352070199999999944e-02
-2.792423800000000053e-02
1.894890000000000116e-02
-1.738037400000000052e-02
-1.035269300000000005e-03
-9.061951999999999854e-03
2.531055499999999847e-02
-1.809870800000000154e-02
6.065860800000000275e-02
4.431382799999999608e-03
3.855769700000000189e-02
2.302369099999999891e-02
1.781764400000000054e-02
1.714451399999999959e-02
1.011467100000000043e-02
2.112630199999999958e-02
-4.300657699999999722e-02
-3.088735800000000017e-02
-5.546213299999999680e-02
-3.828594700000000073e-03
-1.395736199999999920e-02
9.364209999999999548e-03
-4.040128700000000100e-02
5.246067000000000091e-02
-2.750003700000000148e-02
-1.764851599999999951e-02
-1.978227700000000089e-02
-1.299453899999999940e-02
-1.024670999999999915e-02
-7.187589000000000304e-03
9.511603999999999892e-03
-2.914501699999999876e-02
-2.239569599999999966e-02
6.540999000000000119e-02
-4.043151600000000241e-03
-2.587490200000000171e-02
7.188744000000000167e-04
-6.297568299999999585e-03
3.474054600000000062e-03
1.439488499999999963e-02
2.336191599999999993e-02
7.501802000000000123e-03
-6.183483499999999772e-02
1.693109599999999965e-02
9.739799999999999847e-03
-3.474684000000000106e-02
-6.085988500000000245e-02
2.799137000000000153e-02
-3.079484200000000022e-04
7.565028000000000030e-02
2.636399999999999855e-02
-2.672667199999999993e-02
-1.823908499999999863e-02
6.860561000000000263e-03
8.578199999999999367e-03
-6.279927500000000162e-02
6.415020000000000444e-02
-4.223878699999999986e-02
-1.286526099999999936e-02
-2.218381900000000045e-02
-6.991192700000000045e-03
-2.323135999999999951e-02
1.597277299999999914e-02
4.544590400000000224e-02
4.724426999999999793e-03
-1.654227800000000054e-02
-2.357447099999999962e-02
-4.079828800000000200e-02
-2.563040899999999983e-02
-9.583537000000000305e-02
-1.900938600000000008e-03
2.843116000000000046e-02
2.786587700000000070e-02
2.710594399999999987e-02
5.302485499999999748e-03
-4.616802999999999879e-02
4.648498399999999851e-04
2.769709600000000091e-02
-8.926254999999999259e-03
2.811427000000000023e-02
-2.425971999999999851e-02
3.443195000000000283e-02
1.142444400000000061e-02
-4.385941400000000054e-05
-1.963329100000000063e-02
1.791125000000000009e-02
-6.419439000000000395e-02
2.703197799999999904e-03
-1.934150600000000136e-02
-8.442607500000000320e-02
9.174557999999999325e-03
4.998989799999999789e-02
1.202195799999999926e-02
-6.018067200000000276e-03
-3.833081999999999809e-03
3.369727000000000139e-02
3.223595800000000205e-02
1.335888300000000022e-02
-5.433269200000000188e-02
-7.019161000000000150e-02
-2.352246800000000124e-02
1.212930100000000032e-02
2.610818000000000166e-02
5.394685999999999926e-02
3.989616800000000268e-02
2.977782500000000082e-02
-2.538414900000000168e-02
-4.847190999999999826e-03
5.491892599999999985e-02
4.372696999999999695e-02
2.751128200000000149e-02
5.856013999999999664e-02
1.554630899999999948e-02
7.351627599999999672e-03
-1.477310300000000010e-04
-1.728694100000000011e-02
2.217447000000000168e-02
7.024018499999999665e-02
2.626933899999999919e-02
4.834452000000000194e-02
4.286332400000000126e-02
-3.703054399999999857e-02
-1.830552900000000094e-02
-1.470302599999999925e-02
3.443257000000000262e-02
2.877876299999999887e-02
2.996082200000000154e-02
5.402450999999999781e-02
-3.212836399999999953e-02
-3.090793799999999938e-02
-1.228128099999999980e-02
-1.498923700000000074e-02
-2.561454999999999982e-02
-3.564884000000000108e-02
-2.004422999999999969e-02
-9.395656999999999967e-03
7.037468699999999654e-03
-6.140000000000000319e-02
1.014616599999999987e-02
-6.186398500000000328e-02
1.469556200000000055e-02
-8.388506000000000434e-03
-3.995083299999999810e-02
-2.519735099999999978e-02
3.140653999999999668e-02
-2.658613299999999877e-03
2.519279500000000047e-02
-4.656472799999999967e-02
6.622659000000000185e-02
2.486124600000000004e-02
6.043210000000000248e-03
1.519523700000000033e-02
-1.348694299999999950e-02
1.654935000000000087e-02
-7.601205300000000303e-03
2.728922500000000029e-02
-5.687516599999999783e-02
5.941156999999999862e-03
-2.179539600000000160e-02
9.336273000000000488e-02
9.845753999999999964e-03
-6.686266000000000431e-02
5.718482300000000268e-02
-1.969355899999999937e-02
4.318525299999999945e-05
-1.595935999999999882e-02
2.137629699999999897e-02
-3.313428999999999680e-02
-2.758748000000000103e-02
1.387000900000000085e-02
-3.220445000000000165e-03
3.439971000000000001e-02
8.145006000000000468e-02
3.739525999999999961e-02
2.377192100000000141e-02
7.110267400000000113e-03
-1.017188699999999925e-02
-2.171243499999999868e-02
-3.660779000000000116e-02
-1.317912249999999945e-02
1.542764299999999957e-02
-1.121625899999999926e-02
-2.913014599999999912e-02
-9.632496000000000808e-03
2.825829399999999977e-02
-3.650815799999999889e-02
4.251138000000000139e-02
-2.779376500000000152e-02
3.394493500000000247e-02
5.156425800000000170e-02
-7.058767599999999851e-03
-1.995589799999999969e-02
4.888853800000000221e-02
5.154721000000000303e-02
4.240221000000000268e-02
5.826480700000000179e-02
-2.609646000000000188e-03
5.147719999999999727e-03
-4.327447699999999869e-02
-1.569897699999999938e-02
1.727718699999999941e-02
-2.130505800000000172e-02
3.613960499999999999e-03
-2.656699900000000086e-03
-1.373629699999999974e-02
-6.984220999999999659e-03
-6.358440999999999399e-02
-4.603204000000000323e-02
2.690209799999999929e-02
-3.132762000000000047e-02
6.263944500000000193e-02
-4.155089700000000330e-02
-3.002736799999999829e-04
-1.802031100000000066e-02
-2.198092499999999838e-02
5.190992999999999649e-03
2.553614599999999915e-02
-1.104683400000000017e-02
2.359670599999999854e-02
-4.601405599999999763e-02
2.428058500000000036e-02
2.903826300000000166e-02
4.852111999999999571e-03
1.730186499999999961e-02
2.790287099999999836e-03
7.606006999999999352e-02
1.700375600000000051e-03
-2.353987999999999914e-02
-1.282577700000000001e-02
9.104170999999999445e-03
-1.479680499999999968e-02
1.159664799999999933e-02
1.143010799999999959e-02
-2.092987699999999951e-02
-2.202700599999999828e-02
-2.902462299999999940e-02
5.229529699999999753e-02
1.585082700000000136e-02
3.041035000000000092e-03
4.811641799999999587e-03
2.280853999999999868e-02
-5.246699999999999975e-02
2.565929999999999947e-02
4.104536400000000085e-02
-6.477990500000000264e-04
-1.395175799999999987e-02
-4.254886000000000258e-03
1.261153599999999958e-02
2.107720999999999900e-02
5.786125400000000085e-02
-1.656481000000000012e-03
-4.431715600000000338e-02
7.097646999999999984e-02
7.553021999999999514e-02
2.787566199999999897e-02
-2.835562999999999972e-02
-2.706446499999999936e-02
-2.300443500000000016e-02
1.843815299999999879e-02
-1.032961200000000052e-01
1.176906100000000080e-02
7.523984000000000227e-02
1.623341400000000156e-02
8.528768000000000807e-03
-6.227699700000000060e-02
3.686085699999999687e-02
5.004414399999999701e-03
-8.067628999999999773e-02
-1.219574999999999999e-02
-6.910496399999999616e-03
2.906817199999999976e-02
-3.564705700000000282e-02
3.522556599999999982e-02
1.655309599999999978e-02
-1.865566899999999972e-02
-4.592065000000000036e-02
-2.811749700000000171e-02
-2.082086000000000006e-02
2.865998299999999999e-02
7.161571999999999383e-02
-3.032624299999999926e-03
2.963496399999999975e-02
1.259507300000000003e-02
-5.744553000000000333e-03
5.841807999999999723e-02
-1.406899999999999991e-02
5.754800499999999930e-02
3.614545200000000152e-02
2.053166999999999839e-02
4.564110200000000284e-02
9.166047999999999557e-03
3.085191199999999870e-02
-1.517627700000000017e-02
3.824912800000000029e-02
4.230474299999999882e-02
1.312770199999999977e-02
2.596002999999999852e-02
1.156507099999999968e-02
6.718632600000000454e-02
-1.968016699999999841e-02
6.384394000000000180e-02
-5.330361000000000127e-02
3.217003499999999960e-02
-5.793221999999999955e-02
-6.413737999999999384e-02
-1.464300699999999955e-02
-4.395661499999999750e-02
3.988676499999999764e-02
-7.183054999999999822e-04
5.067612199999999706e-02
-5.476497999999999783e-02
-3.754154199999999719e-02
-1.987210500000000102e-02
5.206791699999999828e-02
-3.062856599999999943e-02
6.804270000000000283e-03
-2.783454200000000031e-02
-3.379831500000000238e-02
-2.669002700000000158e-02
-8.699570000000000219e-03
3.076513499999999901e-02
-7.993531999999999374e-03
5.640533799999999931e-03
-2.268929999999999905e-02
-3.088899300000000001e-02
3.974893699999999808e-02
-3.401481700000000274e-02
6.236187399999999770e-02
-2.681125700000000153e-02
-6.183394400000000179e-02
1.009505100000000072e-02
4.872563500000000325e-02
3.910109800000000080e-02
3.817116999999999732e-02
2.890654999999999787e-03
3.703307699999999758e-02
2.592075199999999829e-02
-1.928938999999999957e-03
-2.037135299999999830e-02
-6.188871999999999776e-03
-1.274164099999999973e-02
-2.144556499999999977e-02
2.733528799999999925e-02
-3.316845999999999683e-02
4.427484999999999754e-02
-3.187731999999999979e-03
-3.137116499999999947e-02
1.349115000000000036e-02
-2.446403499999999856e-02
-6.835832999999999493e-02
2.079376800000000067e-02
4.195500499999999661e-02
4.884682999999999907e-03
2.914958000000000132e-02
-6.894725599999999843e-02
2.915929800000000016e-02
1.221671400000000048e-03
-1.343935299999999937e-02
-2.959388900000000169e-02
-5.949622799999999823e-02
-5.108338600000000146e-02
-2.306566000000000172e-02
4.065488300000000277e-02
-1.131513299999999979e-02
4.610386000000000345e-02
-4.159713999999999773e-02
-2.461282000000000053e-02
-6.655788399999999772e-02
1.515977899999999996e-02
-6.516376000000000113e-02
-2.448981600000000106e-02
-2.825481800000000099e-02
1.457750699999999996e-02
2.657567200000000157e-02
3.153691000000000133e-02
1.954681999999999947e-02
-1.513839600000000014e-02
-2.515283999999999923e-02
7.444374999999999604e-03
4.606893000000000099e-02
1.242293099999999990e-02
4.697566499999999978e-02
-5.201006700000000010e-02
-3.520108000000000265e-02
1.902905699999999853e-02
6.945439999999999947e-02
-5.537143299999999768e-02
-4.286857300000000009e-02
-1.956744700000000170e-02
-2.086904300000000032e-02
2.668446999999999898e-04
2.685369599999999982e-02
6.716820400000000219e-03
1.101516999999999948e-02
8.583382500000000248e-02
9.046419999999999462e-02
3.919991000000000274e-03
-1.107417200000000018e-02
-5.929130599999999675e-03
2.263250600000000015e-02
-4.973904999999999993e-02
-2.396573100000000053e-02
5.768453300000000311e-02
-1.068878099999999963e-02
3.702371200000000029e-02
-2.078721999999999862e-02
3.364395700000000211e-02
-5.140671000000000129e-02
-1.363532899999999985e-02
4.204547799999999724e-02
-1.620675800000000166e-02
7.115917999999999723e-03
3.565234700000000090e-02
4.052863999999999772e-02
-7.694931200000000408e-03
2.216780399999999929e-02
6.605223600000000028e-02
-1.220789100000000023e-02
2.338313100000000144e-02
-4.588029999999999886e-02
-3.212888699999999920e-03
-6.358759000000000286e-04
-6.164156300000000338e-02
9.063338000000000644e-03
-1.078448700000000059e-02
-1.194172599999999973e-02
3.019684200000000152e-02
1.544519500000000010e-02
-6.226300300000000253e-03
5.258929700000000013e-02
2.508090600000000003e-02
-4.188063699999999834e-02
1.497689100000000086e-02
1.846291099999999939e-03
2.105507300000000054e-02
2.623653999999999917e-02
-5.807610600000000234e-02
-1.971403000000000044e-02
-2.665782200000000116e-02
4.128594299999999856e-02
-8.785282999999999634e-03
3.122083800000000076e-02
2.343685200000000107e-02
-8.779572999999999501e-04
-7.391216000000000452e-02
-2.674474400000000085e-02
2.617629200000000031e-02
6.833956400000000542e-02
1.190483100000000044e-01
-2.166361500000000065e-03
-1.330088800000000029e-02
1.684521300000000124e-02
-1.695290799999999917e-02
-3.519874800000000192e-02
-2.074063799999999874e-02
-3.666724799999999951e-03
1.038198700000000051e-02
4.195203500000000384e-03
-1.490573899999999945e-02
5.245425000000000088e-02
2.104500000000000121e-02
1.359768499999999998e-02
4.170217400000000157e-02
-5.950886999999999843e-02
3.516927000000000247e-02
4.424780600000000064e-02
-1.095291099999999920e-02
1.283981300000000027e-02
-7.583063600000000334e-03
5.792198300000000327e-02
7.280741999999999770e-02
3.039706299999999847e-02
2.234309400000000084e-02
3.405418200000000228e-02
2.588683199999999851e-02
3.440132700000000238e-02
4.516130699999999776e-02
-2.684502000000000069e-03
2.278867700000000024e-02
6.951705600000000068e-03
2.099096999999999855e-03
-5.712504999999999666e-02
9.008283000000000609e-03
2.449795399999999887e-02
2.320451100000000058e-02
-6.169444399999999759e-03
-3.369537699999999858e-02
5.174049600000000214e-03
-2.207318999999999948e-02
1.797856399999999896e-02
-2.465060399999999957e-02
-1.736352999999999855e-02
1.950829999999999925e-02
4.052189999999999959e-02
-2.947425299999999887e-02
-1.026523950000000039e-02
-2.016095299999999882e-02
-7.758593999999999734e-03
1.718050399999999922e-02
-2.606731000000000152e-03
1.264424700000000082e-02
-4.333108700000000250e-03
-4.668031300000000106e-02
-7.369182999999999983e-02
-3.731248200000000011e-03
-4.736218999999999846e-02
1.347266899999999962e-02
5.139266700000000299e-02
1.365774900000000028e-02
-3.206765699999999941e-02
-6.177142000000000049e-03
3.051207800000000150e-02
7.832090999999999359e-03
2.976407899999999884e-02
8.266065999999999692e-02
-3.575102000000000141e-02
-8.342406999999999601e-03
-4.539403699999999819e-02
4.018639400000000028e-02
4.330864999999999715e-02
-5.247596999999999678e-02
