6.154227300000000150e-02
-1.604601200000000056e-03
-6.080397199999999780e-02
-1.700293300000000132e-02
-3.327223299999999828e-02
3.990269999999999755e-03
8.344268999999999645e-03
1.343798700000000020e-02
4.849250599999999772e-02
3.776044800000000201e-02
2.940618399999999841e-02
6.582124999999999782e-02
5.246453400000000017e-02
-1.782322999999999893e-02
2.189425199999999946e-02
-5.092042500000000353e-03
6.570417000000000618e-02
8.326886999999999484e-02
-3.670604499999999965e-02
-1.219925600000000034e-02
8.746943000000000079e-03
2.035067200000000021e-02
3.072128999999999832e-02
-6.983485000000000213e-03
-1.857566500000000162e-02
-1.549803999999999939e-02
3.147452700000000214e-02
-4.950463000000000086e-02
-5.048860999999999974e-03
-5.510530599999999973e-02
1.959971500000000019e-02
3.829803700000000005e-02
3.744663699999999790e-02
-1.191869700000000067e-02
6.185991700000000038e-02
4.191025699999999937e-02
-2.758292500000000119e-02
-7.298261000000000331e-03
-4.688410000000000060e-04
-6.477722499999999384e-02
-2.246320400000000050e-02
-3.520767000000000341e-02
-1.806200100000000114e-02
-2.738744599999999932e-02
-4.070015999999999912e-02
3.188905499999999948e-02
-1.011500299999999915e-02
2.432905299999999979e-02
-3.953478500000000284e-02
4.880478600000000278e-02
3.135940400000000045e-02
4.403628799999999982e-02
-2.609445200000000062e-02
-2.925180600000000172e-02
-7.911415999999999241e-03
-1.082959699999999897e-03
-7.497821999999999820e-02
-3.366564999999999835e-02
3.494280200000000197e-02
-2.491234000000000157e-02
2.606811200000000092e-02
-9.302737000000000159e-03
-8.717410000000000089e-03
-5.890160999999999661e-03
2.015535499999999980e-02
-4.526211000000000123e-02
1.090930000000000025e-02
-2.169141000000000125e-02
-8.589189499999999589e-02
-3.436302300000000122e-03
-2.529267600000000005e-02
2.985080500000000109e-02
2.088720499999999897e-02
4.660043400000000134e-03
-3.125855199999999934e-03
1.044956600000000041e-02
-3.093664700000000115e-02
-4.121041999999999761e-02
1.862856400000000023e-02
-3.611621399999999892e-03
-2.575184200000000048e-02
-1.275402500000000043e-02
4.401585000000000220e-02
1.019180299999999928e-02
1.013523199999999923e-02
5.629952600000000251e-02
5.826395000000000185e-02
-3.602742800000000023e-02
-7.604508000000000101e-02
-5.975776999999999825e-04
1.160210150000000051e-01
-4.485081000000000029e-04
-6.567854999999999614e-04
-2.318465999999999930e-02
4.334846500000000269e-02
2.121558000000000124e-02
-8.329134000000000537e-02
-6.993025499999999672e-02
2.033493000000000106e-02
2.762483799999999878e-02
-1.011021500000000052e-02
9.158594000000000804e-03
2.667463200000000194e-03
-2.032176200000000016e-02
6.621069499999999997e-02
1.020726899999999972e-02
1.911393000000000120e-02
-5.816796400000000256e-02
-6.828979000000000299e-02
-3.301966700000000168e-03
-8.681009499999999685e-03
1.549876900000000078e-02
2.163101200000000154e-02
-2.462890200000000199e-03
-8.637095500000000186e-04
-1.738738000000000089e-02
-9.577802999999999317e-03
-3.766518799999999789e-03
3.641654499999999982e-03
-2.019268000000000104e-02
6.096088999999999675e-02
7.980734000000000439e-02
-4.436682499999999862e-02
-2.802434999999999822e-03
6.249262399999999662e-02
3.071442799999999848e-02
-3.157498999999999723e-02
2.221917999999999810e-03
-9.659188000000000496e-02
-3.814195499999999822e-02
-2.562618300000000116e-03
-1.439526799999999926e-02
-5.608034600000000227e-04
2.980315099999999995e-02
1.736432499999999990e-02
-5.453594800000000076e-02
-6.490350699999999570e-03
2.372974900000000137e-02
-4.438423400000000157e-02
2.601816699999999830e-02
-4.880724000000000173e-02
-1.367009999999999927e-02
-5.011332000000000286e-02
5.618850999999999707e-02
-3.015442999999999943e-02
-4.123828000000000216e-02
2.199099800000000118e-02
5.479378000000000026e-02
1.269454099999999972e-03
1.039595299999999944e-02
-2.607479999999999867e-02
-8.538093999999999545e-03
6.540570399999999507e-02
-4.469521299999999753e-02
-4.298183700000000190e-02
4.102727399999999726e-03
2.467878000000000085e-02
-6.873660500000000617e-02
1.978756300000000107e-02
-2.133696900000000077e-02
2.818161200000000172e-02
-7.698372000000000548e-02
1.739461000000000132e-02
6.136260000000000325e-02
-5.596026400000000262e-02
2.325422099999999853e-02
-4.569845299999999999e-02
-9.312811000000000006e-02
-1.261435900000000034e-02
1.633574600000000168e-02
1.950253199999999951e-02
-7.460493599999999670e-02
-2.424965099999999880e-03
-4.571667699999999723e-02
1.673993500000000093e-02
1.920144299999999860e-02
3.655894500000000241e-02
2.447440799999999958e-02
-7.696633999999999420e-02
-2.339583399999999817e-03
7.788225000000000009e-02
-2.059609000000000092e-02
1.643617299999999837e-02
-4.421493800000000224e-02
-2.673267799999999930e-02
-1.963494299999999845e-02
-1.653640199999999909e-03
-1.957441999999999863e-02
-3.436035000000000044e-03
3.204048999999999786e-02
5.577122000000000329e-03
-2.521121899999999999e-02
-9.934813000000000671e-03
8.632871999999999768e-02
-2.460016000000000199e-03
9.530044999999999489e-02
5.063329400000000230e-03
-1.355711700000000047e-02
-6.394107999999999736e-02
-3.967678000000000177e-02
6.156111499999999959e-02
5.502100299999999888e-02
-1.899228000000000027e-02
-2.548845900000000150e-02
3.987638699999999925e-02
4.669283700000000092e-02
-4.759699500000000305e-02
-2.646629899999999869e-02
3.344029600000000130e-02
-5.971726499999999854e-03
1.099777000000000046e-02
-1.354687899999999952e-02
-5.640282499999999671e-02
-2.485407300000000083e-02
5.239184000000000029e-03
-1.628659699999999988e-02
5.719765300000000108e-02
3.567970000000000169e-02
4.098007499999999602e-03
-2.333866000000000065e-02
5.994954999999999729e-02
-1.877598800000000040e-02
1.635240199999999852e-02
2.658674299999999949e-02
-7.661877000000000097e-03
1.945884499999999892e-02
-6.565770499999999676e-02
-3.176298400000000105e-02
3.922260000000000330e-03
-6.502660000000000384e-02
-2.857006400000000178e-03
8.225625000000000298e-03
-3.319418999999999842e-02
1.845353500000000008e-02
-4.783934399999999892e-02
3.770383399999999857e-02
4.167005800000000287e-02
-5.416730799999999735e-02
-4.680806299999999698e-03
-3.041048199999999910e-02
-1.137131450000000016e-02
2.445019999999999832e-02
3.193704800000000260e-02
1.760398200000000066e-02
5.564941000000000332e-02
-5.003318200000000243e-02
3.335886999999999880e-02
5.226568000000000186e-02
-3.756394999999999873e-02
-3.935827299999999918e-02
-4.439923999999999954e-02
-8.598451499999999748e-03
2.586876600000000137e-02
9.294556000000000692e-03
-6.431045400000000301e-02
-4.448602400000000422e-03
6.502584999999999962e-03
4.212326000000000265e-02
-4.610212500000000074e-02
-1.708215000000000081e-02
6.036661200000000005e-02
2.761218299999999848e-02
4.271935300000000157e-02
-5.707206000000000085e-02
-2.284990300000000127e-02
-4.461999199999999721e-02
-2.635209000000000162e-02
-1.845257399999999937e-02
1.938163099999999986e-02
-2.989545999999999870e-02
3.179653699999999972e-02
-9.202231499999999342e-02
-6.396209999999999396e-02
-3.828425700000000122e-03
-2.628755199999999875e-02
1.536949300000000067e-04
-1.368576900000000041e-02
1.350443800000000055e-02
1.734484199999999920e-02
-3.041719799999999946e-02
6.534044399999999753e-02
3.026675800000000211e-04
1.621386400000000144e-02
2.333777999999999894e-02
-2.480873800000000032e-02
-7.609311000000000547e-02
9.107597000000000262e-03
-6.461147700000000223e-03
3.358462600000000197e-03
-1.969081000000000130e-03
3.515987999999999752e-02
1.141010800000000040e-02
-1.458510300000000030e-02
-1.159744560000000035e-01
3.310311999999999977e-02
1.766057299999999886e-02
5.155160699999999929e-02
4.264712699999999995e-02
-1.752855799999999964e-02
-4.442162000000000367e-03
4.648176600000000075e-02
2.416081200000000026e-02
-8.889585999999999669e-03
2.377309300000000133e-04
-4.117948999999999915e-02
-5.442240699999999903e-03
1.493599299999999984e-02
-4.964071999999999929e-03
-5.065909799999999963e-02
2.115287799999999996e-02
1.902419500000000069e-02
4.230864299999999995e-02
-1.296331600000000077e-02
-3.033713799999999960e-02
-6.844605500000000564e-02
1.210480700000000020e-04
-1.095802040000000005e-01
2.560491100000000103e-02
2.790680699999999875e-02
1.090081000000000036e-02
2.020746799999999926e-02
1.221873300000000072e-02
8.967848999999999959e-03
4.571005999999999680e-02
3.479002400000000272e-02
1.532978200000000013e-02
-9.491641999999999788e-03
-3.094732499999999949e-03
2.574033100000000171e-02
3.797807000000000266e-02
-2.798710600000000118e-02
2.177024300000000162e-02
1.399902350000000080e-02
-2.283786599999999833e-02
2.044798999999999922e-02
-3.786813499999999721e-02
-3.828966200000000208e-02
2.632364400000000021e-02
8.592901399999999801e-02
3.849246399999999707e-02
-1.324539800000000024e-02
2.582614500000000174e-03
3.096020799999999948e-02
4.370185399999999831e-02
-1.776169799999999938e-02
-2.183904100000000001e-02
-4.045570000000000069e-03
1.312488199999999961e-03
9.937535999999999852e-04
-5.834701700000000102e-02
3.430923400000000095e-02
6.915949000000000402e-02
-3.533904999999999685e-02
-7.981517999999999946e-02
1.269534799999999953e-03
3.306905000000000261e-02
6.457214999999999483e-02
2.441851399999999880e-02
1.993531000000000122e-02
-3.406466700000000160e-03
-2.628211999999999909e-02
7.723029200000000247e-03
-6.725028000000000082e-03
7.564407600000000453e-02
2.808331500000000105e-02
2.885412000000000046e-02
3.277640799999999993e-02
4.345861000000000168e-02
-1.717395500000000116e-02
7.780429999999999638e-03
5.005284999999999943e-03
3.538057000000000007e-02
4.356640999999999986e-02
-7.251911400000000127e-04
2.278053199999999917e-02
-2.793269799999999886e-02
-8.425876000000000546e-03
-5.776755500000000342e-03
-2.622897000000000076e-02
-1.353654099999999916e-02
-7.307106600000000049e-03
-4.331871999999999806e-02
-4.294075399999999765e-02
5.647008999999999709e-03
-9.165319999999999370e-03
4.752946999999999728e-02
-6.923638000000000015e-02
-5.078667800000000176e-02
1.736822899999999935e-03
1.441909299999999915e-02
-1.633174000000000041e-03
3.434989599999999782e-02
-1.499387800000000041e-02
3.541765699999999822e-02
5.704607000000000427e-03
-9.479688999999999477e-03
8.711391000000000620e-03
1.861290999999999987e-02
-2.730747700000000014e-02
-5.407646000000000328e-03
-5.274121500000000101e-02
-1.331136100000000072e-02
4.360260400000000314e-02
-2.487435400000000130e-02
4.134473599999999999e-02
-2.474236299999999986e-02
7.096199999999999730e-02
6.565668600000000403e-03
-7.947076000000000140e-02
1.441986900000000009e-02
-1.781925700000000154e-02
-2.798072399999999849e-02
-8.358334000000000250e-03
3.919460000000000305e-02
-1.115700300000000006e-01
1.474844799999999951e-03
7.709129000000000675e-02
-2.966546999999999934e-02
3.046370099999999928e-02
4.414668299999999906e-02
-2.243164699999999900e-02
5.882790999999999715e-02
1.323091049999999998e-02
2.004022000000000095e-02
-5.006183000000000161e-02
-6.529055999999999749e-02
-2.009746399999999891e-02
3.707293700000000199e-03
4.807660999999999879e-02
-2.962092900000000070e-02
1.797085000000000002e-02
-2.500305499999999972e-02
2.942563699999999841e-03
5.003919500000000159e-02
-2.208385800000000135e-02
4.570116999999999929e-02
2.687445000000000112e-02
4.166577500000000038e-03
-4.759827300000000344e-02
4.787691300000000011e-02
-1.190795750000000000e-02
4.469173499999999633e-03
5.420685199999999981e-02
-1.115172300000000054e-02
6.696017999999999762e-03
4.786344599999999699e-02
3.386780600000000030e-02
-2.647066899999999876e-02
2.049116200000000027e-02
-1.995845099999999858e-02
1.480782300000000034e-03
-7.633874700000000367e-03
-5.860774000000000018e-03
-4.870650499999999716e-02
-2.671443700000000060e-02
3.901537499999999797e-02
5.041464699999999646e-03
1.606669299999999995e-02
-4.244632599999999950e-02
-3.501647699999999724e-02
-6.108434499999999823e-02
-3.753981399999999774e-02
5.760602699999999715e-02
4.776347999999999705e-03
-2.179050999999999991e-03
-1.846203800000000006e-02
-2.461978600000000114e-02
2.620838400000000123e-02
2.154173300000000041e-02
4.854890700000000225e-02
2.968727999999999992e-02
1.823910900000000074e-03
4.240139999999999881e-02
6.112362300000000193e-03
-1.521312699999999990e-02
-1.965342999999999951e-02
-1.697295500000000137e-02
-2.625411700000000043e-02
-4.069590500000000270e-03
1.942065700000000089e-02
-2.225273700000000160e-02
-3.706969999999999710e-02
-5.119145999999999766e-03
3.738934499999999744e-02
1.690389399999999917e-02
-3.771773999999999960e-02
-2.715798999999999991e-02
1.136295900000000060e-02
-1.832703700000000088e-02
8.788000000000000672e-03
1.537020100000000000e-02
2.433858599999999886e-02
-2.953415599999999891e-02
-4.347987000000000206e-03
-8.412104000000000109e-03
-3.396783800000000020e-02
8.127902400000000527e-02
-1.022918299999999933e-02
-7.209232999999999614e-02
3.505391299999999905e-02
3.785367299999999741e-02
3.433056000000000302e-02
-3.031460000000000057e-02
-2.874789599999999848e-02
-2.497555300000000103e-02
-1.024743799999999934e-02
-5.980554600000000109e-02
-3.001822499999999908e-02
1.860018999999999909e-02
-1.574498400000000006e-02
2.536372799999999858e-02
-4.126553599999999850e-02
1.966679699999999975e-02
4.698731800000000014e-02
-2.118134299999999831e-02
-6.784977400000000332e-03
-1.196651200000000033e-02
-5.826589000000000074e-03
-3.842584999999999751e-02
2.219512499999999958e-02
1.789525000000000143e-02
-3.130401000000000017e-02
-4.713626999999999748e-03
-2.804537899999999875e-02
1.684543499999999888e-02
1.790878699999999893e-02
4.259453299999999693e-02
-1.393712299999999918e-02
1.305175599999999943e-02
1.678873800000000097e-02
6.976112700000000263e-03
3.116486400000000045e-02
-2.763251599999999933e-02
6.269780499999999535e-02
1.112051000000000012e-02
3.286222700000000080e-02
8.124676999999999594e-02
1.587976999999999965e-03
3.294426200000000193e-02
2.627067300000000133e-02
3.477291400000000199e-02
-2.510978700000000147e-02
2.803796299999999908e-02
9.554094000000000822e-03
5.632016399999999895e-02
3.810572599999999949e-02
3.481285600000000313e-02
5.765892000000000239e-02
-2.396146399999999829e-02
4.268307999999999824e-02
-8.782057999999999531e-02
-5.886545399999999761e-02
-1.258077299999999996e-02
6.381402700000000233e-03
2.410310300000000072e-02
-4.133371000000000267e-02
7.917474000000000733e-03
-3.023004699999999947e-02
-1.773850000000000079e-02
-5.236791999999999836e-02
4.903520000000000101e-02
-1.398641599999999978e-02
8.610534499999999286e-03
-3.061819600000000030e-02
-6.229407299999999842e-02
-9.831434999999999480e-03
-4.419300300000000153e-02
6.367749000000000326e-02
-1.395556799999999979e-02
3.447766599999999709e-02
-2.139649399999999854e-02
1.351341900000000047e-02
-1.952217100000000049e-03
1.578103399999999934e-02
4.468129199999999746e-02
-1.679525700000000094e-02
-3.484455000000000191e-02
-3.444889999999999758e-02
3.191485000000000155e-02
9.340566999999999273e-03
2.834011800000000095e-02
1.072732199999999921e-02
4.548650199999999810e-02
4.669217800000000085e-02
-2.241811499999999888e-02
2.383797400000000136e-02
3.669112999999999888e-03
-3.595377999999999769e-02
-4.191355000000000081e-02
1.778431000000000109e-02
7.117921499999999881e-03
-2.046796000000000032e-02
-2.370908999999999864e-02
1.088731199999999968e-02
5.100873999999999686e-02
-5.846214999999999745e-02
-6.974645999999999624e-02
-6.471103999999999745e-02
5.902961999999999793e-02
3.446150600000000286e-02
-1.739599199999999901e-02
-2.620822999999999903e-02
6.155208000000000207e-02
1.255165599999999958e-02
-3.667423499999999947e-02
2.767217199999999835e-02
-2.428535399999999858e-02
-7.000119999999999953e-02
1.136577700000000052e-02
-5.574924400000000335e-03
-2.461355700000000118e-02
2.436855799999999850e-02
-2.119484500000000035e-02
-4.950384800000000307e-02
-1.399090000000000056e-02
1.596302000000000137e-02
-1.750302299999999950e-02
-1.978979299999999997e-02
-2.130034999999999915e-02
-1.269022499999999942e-02
4.822956400000000254e-02
9.556903999999999746e-03
-4.010237500000000108e-04
-1.926303000000000043e-02
-7.091598999999999819e-02
-3.890139700000000162e-03
3.735892500000000116e-02
2.838307199999999877e-02
8.458112999999999743e-03
2.040459400000000159e-02
2.115957599999999939e-02
2.962139600000000123e-02
6.359633000000000647e-02
-6.371013999999999844e-02
-7.689197000000000393e-02
1.687325199999999831e-02
-1.398813099999999914e-02
1.797190499999999982e-02
1.457923600000000063e-02
-1.565265799999999985e-02
1.041582100000000045e-02
8.398171499999999845e-02
8.726285400000000081e-02
1.840403399999999924e-03
-3.117312399999999824e-03
7.108223999999999793e-03
1.591060700000000022e-02
-3.428953199999999844e-03
-3.322762600000000316e-02
3.431677000000000338e-02
-2.408791899999999930e-02
2.068932500000000146e-02
-3.050467999999999930e-02
-5.180922000000000305e-02
-3.314116999999999758e-02
-4.842639700000000297e-02
1.046871100000000034e-02
-3.498439500000000146e-02
2.020043100000000133e-02
-2.518540999999999835e-02
1.721900000000000167e-02
-8.452048000000000200e-03
7.652973300000000083e-03
2.538177999999999962e-02
3.786401799999999842e-03
-7.522939699999999993e-03
-4.607342600000000066e-02
-6.175806300000000366e-03
-1.892003600000000119e-02
-3.530629700000000037e-02
2.339010999999999868e-02
-3.449365000000000070e-02
1.007857799999999950e-02
6.197734500000000313e-02
-2.456239600000000023e-02
-9.939152999999999183e-03
4.853466000000000030e-02
1.471432400000000085e-02
-4.805496299999999915e-02
1.309335499999999923e-02
-1.150721099999999983e-02
3.589572800000000175e-02
-1.120934900000000040e-02
-4.090331999999999996e-02
-7.415191000000000143e-02
-1.707312700000000044e-02
6.280959999999999321e-02
-4.685539800000000123e-03
-3.494755000000000084e-02
8.208180000000000684e-03
-1.229841999999999914e-02
-7.294652599999999765e-02
-7.242259600000000228e-03
6.493943000000000632e-02
4.313902599999999699e-02
2.330852099999999871e-02
-7.048474000000000406e-02
2.857139499999999943e-02
-1.706851300000000043e-02
-8.078435999999999603e-03
-2.620839999999999975e-02
-2.217807399999999901e-02
-6.455697000000000518e-02
2.459088300000000088e-02
1.349118199999999913e-02
-1.094651800000000057e-02
1.017489300000000013e-01
6.292762000000000355e-02
-3.896207399999999932e-02
2.311390300000000161e-02
-2.796533899999999878e-02
-8.013334000000000212e-04
1.559986200000000080e-02
2.316387799999999886e-03
-3.254531699999999722e-02
-1.603080100000000077e-02
3.380504299999999990e-02
4.572522300000000234e-02
3.012616699999999884e-02
1.726296399999999870e-02
2.184043000000000095e-02
2.516503999999999963e-02
4.484807700000000008e-02
3.062912799999999852e-02
1.341824599999999999e-02
4.008484999999999826e-02
-9.488401999999999947e-03
9.873514999999999375e-03
-3.188590300000000016e-02
6.354911000000000414e-03
2.358930700000000033e-02
1.696531000000000081e-02
-1.688126300000000052e-02
3.834534400000000343e-02
2.334346799999999916e-02
-1.008079400000000056e-02
1.954254100000000008e-02
-4.099935300000000227e-02
-5.647212299999999907e-02
4.697851499999999847e-02
3.237225500000000256e-02
-1.661779500000000118e-02
1.980470499999999884e-02
1.047118699999999986e-02
-5.840248000000000141e-03
7.284242999999999708e-04
2.406152400000000080e-03
-5.160957599999999729e-02
-1.556504199999999942e-02
-6.656003000000000613e-02
-3.264253599999999977e-02
-1.909451399999999993e-02
1.206230099999999923e-02
2.844806999999999891e-02
5.355923299999999776e-02
-3.370468000000000075e-02
1.681875000000000037e-02
-3.688523500000000146e-03
4.896285000000000220e-02
1.122561749999999997e-02
-6.483832999999999958e-02
6.848450000000000371e-02
1.919688500000000034e-02
1.912712299999999935e-02
-1.870839100000000130e-02
-1.065602000000000042e-02
-2.031901900000000066e-02
1.247829299999999968e-02
