7.130838999999999928e-02
2.049047099999999969e-02
-2.842921400000000126e-02
1.231986749999999971e-02
-8.207398499999999167e-03
5.748810599999999715e-02
-1.288225100000000081e-03
-3.650928400000000035e-03
-9.306628600000000208e-05
1.909910000000000080e-02
3.812620800000000171e-02
7.081374999999999476e-02
4.196975800000000284e-02
3.525618500000000238e-02
1.035261099999999941e-02
-2.153726900000000125e-02
3.246856000000000048e-02
1.664407000000000039e-02
-7.123166999999999693e-02
-1.543838600000000012e-02
-3.111366700000000110e-02
3.787763999999999714e-02
1.354919800000000014e-02
8.767854999999999746e-03
1.476223949999999965e-02
-2.649659799999999968e-02
1.829535700000000167e-02
-6.195434999999999831e-02
9.495106499999999422e-03
-6.542195400000000438e-02
4.186811299999999847e-02
5.816434000000000187e-02
1.458278999999999999e-02
-1.069407399999999959e-02
1.685912200000000069e-02
2.058918800000000132e-02
-2.191832800000000081e-02
-1.804499299999999876e-02
3.466351400000000030e-03
-5.733261600000000291e-02
-4.171909300000000223e-03
-1.463833450000000085e-02
-1.617557700000000001e-02
1.191135800000000036e-02
-3.258786699999999953e-02
-3.804931000000000285e-02
-5.493493399999999777e-02
2.377575299999999930e-03
-1.323062000000000023e-02
4.498797999999999686e-02
1.417019299999999933e-03
2.520669400000000171e-02
-4.386455000000000215e-02
-3.012157000000000029e-02
-5.606542299999999618e-03
-5.604732800000000043e-02
-4.609592299999999698e-02
-1.416485850000000039e-02
6.720779999999999810e-02
-4.604238599999999765e-02
-1.730096999999999885e-02
-5.506094000000000266e-02
4.401418599999999681e-02
-5.994137000000000076e-02
4.566632600000000014e-02
-6.041326999999999808e-02
7.995715999999999934e-03
5.434027999999999602e-03
-6.147911799999999927e-02
3.916933400000000010e-02
2.008713399999999955e-02
9.302822999999999995e-03
-5.277962000000000408e-04
8.974340000000000789e-03
-2.924745299999999965e-02
5.278423400000000106e-03
6.914840499999999959e-03
-2.158309099999999869e-02
2.541748599999999955e-02
1.636340299999999859e-02
-7.291813000000000287e-03
8.955968999999999389e-03
3.257060999999999984e-02
1.669617699999999955e-02
-4.334374500000000296e-02
5.660814399999999913e-02
8.236986000000000308e-02
1.129803300000000073e-02
-2.334918000000000063e-02
-1.140898299999999928e-02
1.501188599999999929e-01
5.094631599999999844e-03
-3.249623000000000095e-03
6.386755000000000036e-03
5.170060299999999776e-02
-1.423054699999999964e-02
-9.558437999999999657e-02
-1.080529300000000054e-01
1.941249299999999942e-02
9.944229000000001043e-04
-2.306795700000000178e-03
-6.872958000000000409e-04
-2.064873700000000034e-02
1.670882300000000112e-02
2.528164499999999842e-02
3.210640299999999864e-02
5.272614999999999594e-03
-7.201417000000000235e-02
-8.146783000000000496e-02
7.522999300000000368e-03
4.724046199999999696e-02
1.975092100000000114e-02
4.081295399999999851e-02
-1.188689000000000065e-02
-3.130340599999999890e-02
-1.089275399999999928e-02
-3.581518999999999675e-02
4.430777999999999800e-03
2.386836700000000144e-02
2.074166399999999993e-02
1.894937500000000094e-02
4.134984299999999724e-02
-3.395752999999999966e-02
4.586110300000000028e-02
1.969164600000000015e-02
3.254209000000000095e-03
-3.482419600000000171e-02
-4.910325299999999948e-02
-4.241193000000000046e-02
1.263809599999999971e-02
4.362807800000000069e-02
-1.868131799999999884e-02
1.431989200000000073e-02
4.580053700000000227e-02
-2.368878799999999882e-02
2.256674000000000180e-03
6.718410599999999344e-02
1.133213750000000054e-02
-2.345403000000000071e-02
4.123941999999999886e-02
-3.215545799999999788e-02
-2.411935700000000099e-02
-5.877838999999999980e-02
2.432664500000000091e-02
1.420966399999999935e-04
-3.040232000000000004e-02
2.358496699999999835e-02
1.621440600000000065e-02
4.485650000000000054e-02
7.896778000000000131e-03
-9.817030000000000027e-04
-6.477837999999999652e-03
2.161719499999999877e-02
-2.057147999999999963e-02
-4.927122999999999919e-02
3.651117000000000251e-02
-2.122020999999999977e-02
-3.888781699999999814e-02
5.311579000000000300e-02
-3.503434999999999883e-02
5.891969999999999846e-02
-5.413976000000000205e-02
3.283089999999999793e-03
3.130971600000000132e-02
-6.015187999999999785e-02
-6.525322000000000067e-03
-8.540841999999999878e-03
-8.305774999999999963e-02
-1.178765950000000041e-02
7.459661999999999717e-03
-4.520095500000000099e-02
-9.056280999999999359e-02
-6.226544999999999996e-02
-3.782407200000000025e-02
1.406394899999999920e-02
5.533831000000000340e-03
7.167424000000000364e-03
-3.965988399999999942e-02
-1.815129999999999869e-02
1.326815200000000007e-02
7.987307000000000434e-02
-1.206400799999999933e-02
6.695490299999999791e-03
-2.658872899999999845e-02
6.338927999999999750e-03
-2.595532099999999995e-02
6.917191000000000312e-02
4.170838999999999797e-02
1.544646449999999976e-02
5.617170800000000075e-02
1.133432399999999979e-02
-4.552165400000000167e-02
-1.964223000000000011e-02
5.454707500000000042e-02
-5.248544299999999621e-03
4.490728000000000081e-02
8.289955400000000247e-04
-1.973824199999999959e-02
2.814031199999999892e-03
-5.135217000000000254e-02
2.549208700000000008e-02
9.133038000000000267e-02
-2.122064499999999979e-02
-2.011424499999999935e-02
-1.546579599999999954e-03
7.779410000000000491e-02
-3.910937999999999914e-02
-2.854204200000000011e-02
2.218022999999999870e-02
2.701401000000000149e-02
-9.744612499999999455e-03
-6.891305999999999821e-02
2.698186400000000015e-04
-3.330686000000000063e-02
2.353749200000000014e-02
3.967078400000000060e-02
5.096217000000000108e-02
4.814032499999999770e-02
6.236550200000000321e-02
-9.816878500000000840e-03
4.101255000000000178e-02
5.507042999999999661e-03
-3.419446500000000201e-03
2.865283700000000044e-02
-2.659743200000000071e-03
-1.032234500000000013e-02
-9.249126000000000569e-02
-4.304876000000000015e-03
3.357900300000000310e-02
-8.367278999999999689e-02
-2.882839699999999866e-02
1.202769200000000085e-03
2.181757399999999930e-02
8.980066000000000090e-03
-4.883834699999999723e-02
-2.388904600000000059e-03
5.004544600000000037e-02
-3.166932599999999765e-02
5.473450999999999837e-03
-1.681844099999999995e-02
-1.936878499999999947e-02
2.696040599999999926e-02
1.080039699999999978e-02
-1.169924900000000011e-03
1.490960600000000059e-02
-1.444618800000000043e-02
6.189499400000000179e-02
5.110743300000000072e-02
-4.010299699999999960e-03
1.384790500000000063e-02
-1.061800100000000018e-02
-3.394085000000000157e-02
-2.669625200000000018e-02
3.562727700000000147e-03
-6.326700000000000379e-02
3.011119599999999980e-02
3.399717000000000017e-02
4.710570000000000035e-02
-1.849413700000000077e-02
5.972777999999999768e-03
5.676578699999999811e-02
4.137437300000000422e-03
4.912143599999999749e-02
-3.261216000000000115e-02
-2.644391700000000081e-03
-3.434364499999999903e-02
1.376481300000000074e-02
7.816665999999999892e-03
8.536172000000000508e-04
-4.526041000000000092e-02
5.402412999999999660e-02
-4.940371600000000030e-02
-4.241015800000000335e-02
-6.989225699999999757e-03
-3.387009400000000336e-02
4.253486000000000072e-02
-6.495783599999999970e-03
1.144073200000000033e-02
-1.521791299999999958e-02
-2.490397999999999917e-02
4.890380800000000000e-02
-5.476906999999999609e-03
7.978459000000000245e-03
-1.604765099999999958e-02
9.845685999999999327e-03
-3.624513000000000040e-02
1.920254999999999879e-02
9.372853000000000434e-03
-2.349454200000000020e-02
-4.187393999999999838e-02
4.417680999999999691e-02
1.448936699999999952e-02
-2.885579699999999900e-02
-7.218871000000000315e-02
1.789802700000000038e-02
3.660860999999999976e-02
6.117778000000000105e-02
7.200023499999999577e-02
-6.857905000000000251e-02
-1.223871200000000055e-02
3.104356499999999866e-02
4.321713700000000269e-02
-5.969427000000000066e-02
3.190232999999999958e-02
-2.984362999999999946e-02
2.374548699999999915e-02
3.530452299999999998e-03
5.165237599999999984e-02
-1.424433599999999980e-02
6.047038400000000376e-03
1.783362600000000173e-02
4.169785599999999842e-02
-1.270303599999999915e-02
-2.972679400000000083e-02
-3.591675300000000265e-02
-1.139557549999999954e-02
-1.204285199999999972e-01
-1.066827700000000032e-02
4.937856999999999663e-02
2.033722199999999855e-02
-4.057684399999999907e-03
2.148111499999999854e-02
-3.493276199999999915e-02
2.034089000000000036e-02
2.897177000000000086e-02
-1.113682799999999966e-02
9.144658999999999427e-03
-1.675951100000000124e-02
5.649810999999999722e-02
4.767373200000000338e-02
1.776059500000000055e-02
-1.163696500000000085e-02
5.194212000000000135e-02
-2.627371800000000146e-02
4.154549500000000173e-02
-4.222242999999999656e-03
-5.950612000000000262e-02
6.202626499999999883e-03
8.191168000000000060e-02
-1.565071999999999991e-02
1.812902799999999842e-02
-1.374682900000000034e-02
5.024716600000000283e-02
1.216407299999999921e-02
-2.703528000000000181e-03
-5.922334600000000310e-02
-3.440215399999999729e-02
-4.238393499999999758e-02
3.154707999999999818e-02
-4.450980999999999688e-02
8.494725999999999319e-03
7.682101400000000690e-02
-4.443969999999999865e-02
-3.039933400000000008e-02
-8.689143999999999340e-03
2.921926999999999858e-02
5.144469000000000125e-02
2.460377799999999976e-02
5.527628200000000297e-02
4.218145300000000070e-03
1.953958400000000133e-04
5.165034000000000292e-02
1.769588299999999906e-02
2.579693900000000137e-02
4.426514699999999775e-02
1.999032300000000081e-02
2.334536200000000145e-02
4.183884300000000056e-02
1.441879999999999985e-03
1.209368800000000001e-02
-1.285835999999999923e-02
1.655266999999999850e-02
5.371449500000000099e-02
-2.856464900000000098e-02
2.736041100000000115e-02
-3.286816000000000043e-02
-3.507244999999999807e-02
2.264721899999999968e-02
-2.523346200000000164e-02
-2.724013000000000129e-02
-5.538356000000000355e-03
-5.262639399999999995e-02
-2.571015800000000032e-02
-1.044692599999999966e-04
-1.217642199999999925e-02
7.023939999999999351e-02
-8.971679999999999933e-02
3.426991000000000065e-02
-3.390261499999999706e-02
8.164344999999999936e-03
-7.696015799999999900e-03
4.798317299999999702e-02
1.929127799999999851e-02
1.689270699999999986e-02
-3.919513499999999900e-02
4.453341699999999875e-02
4.797762299999999702e-02
-2.598168299999999847e-02
-3.130483999999999784e-03
-8.510706999999999300e-03
8.174080999999999708e-03
-4.835627199999999876e-02
2.092518800000000082e-02
-3.455113199999999829e-02
3.558093999999999840e-02
-1.918219399999999963e-02
6.044257000000000102e-02
1.341056399999999982e-02
-2.690474099999999938e-02
7.303281000000000356e-02
2.725610500000000009e-03
-1.002982900000000052e-02
-2.411734000000000100e-02
2.686450999999999856e-03
-8.955876999999999588e-02
-3.641977199999999869e-03
2.629673700000000058e-02
3.198377599999999849e-03
3.513086199999999881e-02
6.775521499999999364e-02
8.258770999999999821e-03
4.406117999999999840e-02
1.866751499999999911e-02
1.191831999999999961e-02
-4.572902200000000111e-02
-4.910428000000000015e-02
4.756920500000000156e-03
-1.430219800000000034e-02
2.852286600000000089e-02
-3.584708000000000339e-02
2.386141400000000093e-02
1.052406000000000088e-03
-2.058915399999999840e-02
4.252336000000000310e-02
-1.046889399999999942e-02
5.283921999999999924e-02
1.861520499999999925e-02
-1.749570699999999923e-02
-2.951226800000000122e-02
5.172975400000000279e-02
4.281139400000000261e-02
3.351992699999999797e-02
4.709416999999999770e-02
-1.408800299999999998e-02
-4.057850699999999804e-03
-4.029360000000000060e-03
2.293320399999999870e-02
1.719758500000000134e-02
2.610544500000000143e-02
4.277844999999999738e-03
2.543858400000000020e-02
1.677716300000000119e-02
3.120978999999999854e-03
-4.306324999999999736e-02
-7.649638999999999744e-02
6.629464999999999664e-02
1.588231099999999965e-02
-6.265940000000000225e-03
-5.084007200000000004e-02
-4.686575000000000116e-03
-5.306654000000000232e-02
-5.437403999999999848e-03
-4.648917399999999943e-03
3.339473500000000178e-02
1.567280699999999910e-03
1.378664899999999978e-02
-2.250504700000000025e-02
2.785097200000000162e-02
1.890047499999999991e-02
2.378800000000000012e-02
2.100187400000000024e-02
2.340634000000000117e-02
7.747920599999999491e-02
-9.113160999999999831e-03
-5.668271300000000262e-02
-1.301705650000000054e-02
1.123490700000000057e-02
5.493566400000000211e-03
2.170548400000000058e-02
1.323060700000000013e-02
-4.132357200000000286e-02
-1.979735700000000154e-02
-2.811067000000000080e-02
5.142736400000000319e-02
5.979309300000000028e-03
-7.054223699999999896e-03
-1.601302300000000123e-02
-5.269472499999999608e-03
-1.118801700000000019e-03
-2.590213300000000080e-02
2.693918999999999828e-02
6.608041499999999999e-03
-5.169320000000000165e-02
-2.234047700000000095e-03
1.605092500000000061e-02
7.783787999999999818e-03
8.463434000000000235e-02
-1.579851700000000150e-02
-2.196821599999999874e-02
7.227376000000000633e-02
5.867812800000000301e-02
4.061582300000000229e-02
-3.751365999999999729e-02
-4.425967000000000096e-02
-2.948130900000000068e-02
-1.091441100000000060e-02
-6.947425000000000128e-02
-5.867699599999999863e-03
2.232061299999999957e-02
1.217135700000000070e-02
3.135966999999999921e-02
-4.250174400000000102e-02
6.623661000000000305e-03
3.369504599999999933e-02
-3.210615700000000322e-02
-4.420107999999999676e-02
-5.882830000000000351e-03
-1.611329599999999918e-02
-1.111794099999999924e-02
-8.883513500000000604e-03
3.640635300000000241e-02
-4.461382299999999690e-02
-2.183818800000000143e-02
-1.275663800000000070e-03
1.920188000000000103e-02
1.347199200000000034e-02
5.947648999999999991e-02
-2.043562399999999946e-02
1.760137800000000086e-02
7.865060000000000107e-03
4.004752700000000117e-03
4.106575300000000345e-02
3.139182000000000083e-02
1.874428200000000100e-02
3.579541299999999815e-02
6.685436000000000156e-02
9.799667400000000583e-02
8.954095999999999930e-03
6.382689599999999408e-02
2.397342599999999907e-02
3.405737999999999821e-02
4.521221999999999741e-02
-1.749826999999999980e-02
3.874821000000000081e-03
5.862366000000000105e-02
4.618410399999999666e-02
1.075626699999999991e-02
4.396512699999999968e-02
-2.455629399999999934e-02
3.961486000000000174e-02
-5.093662399999999979e-02
-4.660424199999999711e-02
-2.765870800000000060e-02
-7.882660999999999141e-03
1.212568800000000079e-02
-4.712742999999999793e-02
2.766424400000000103e-02
-2.557372499999999854e-02
-4.405005599999999716e-02
-2.172050000000000022e-03
5.297406999999999810e-02
-4.275822600000000334e-02
3.098374799999999846e-02
-1.518868299999999970e-02
-4.812430000000000180e-02
-1.476371899999999980e-02
-1.248457749999999991e-02
3.047498699999999852e-02
8.392187000000000605e-03
5.005767199999999750e-02
1.269491300000000038e-02
-2.231957199999999933e-02
4.673705300000000062e-02
-2.508155999999999927e-02
4.190904599999999841e-02
-4.817908299999999755e-02
-4.664154400000000006e-02
-2.446819299999999919e-02
2.191870699999999908e-02
-6.714514500000000373e-04
-6.734638000000000256e-03
-3.615050399999999997e-02
2.222064899999999857e-02
2.548959900000000167e-02
2.686374000000000054e-03
4.859455399999999640e-03
1.107915500000000025e-02
-3.615900500000000101e-02
4.000566800000000269e-04
-2.908004000000000058e-03
-1.468863400000000076e-02
1.275516699999999955e-02
3.963559500000000263e-02
-3.725052000000000224e-02
6.815261000000000235e-02
-2.177251700000000165e-02
-1.276069699999999967e-02
-2.110752000000000114e-02
5.372147299999999875e-02
3.128672400000000187e-02
3.107459499999999999e-02
-1.762305800000000047e-02
3.818233699999999675e-02
-1.254780500000000042e-02
-4.363548400000000216e-02
-6.033141000000000198e-02
-5.281612000000000112e-02
-4.785683799999999877e-02
-1.468013599999999988e-02
7.031956699999999602e-03
8.198096999999999676e-03
9.076585999999999335e-03
-5.188165000000000138e-02
-2.853244500000000003e-02
-7.762573999999999863e-02
-2.290927599999999925e-02
-2.872518500000000030e-02
-6.889521999999999313e-02
1.644196699999999831e-02
-9.805852000000000318e-03
4.733035299999999862e-02
-8.773331500000000269e-03
-1.877675999999999998e-03
-3.228794000000000108e-02
-5.593348699999999701e-02
-3.111901499999999987e-03
3.568104300000000256e-02
5.722108800000000328e-03
5.692391499999999854e-02
-2.604258200000000162e-02
-1.559390499999999992e-02
1.648718700000000037e-02
4.906147699999999917e-02
-2.255015800000000070e-02
-5.149451299999999870e-02
-3.899022199999999799e-02
-3.354985299999999754e-02
2.682040800000000044e-02
1.240520399999999954e-02
-3.254576099999999944e-03
1.420606100000000073e-02
5.979080500000000242e-02
9.513128999999999336e-02
3.073205700000000099e-03
4.829861000000000397e-03
-1.457305000000000059e-02
-7.428546000000000281e-03
-6.364284500000000344e-02
1.006023999999999894e-03
6.337096500000000132e-02
-1.483308099999999970e-02
3.794465600000000022e-02
-5.677246999999999849e-02
-3.489288699999999917e-03
-2.514480200000000082e-02
-5.907073999999999658e-02
1.542198200000000075e-02
-1.789936799999999884e-02
7.609118699999999590e-03
-3.360624200000000145e-02
3.663795999999999720e-02
-4.098807999999999792e-03
-2.984226099999999840e-02
1.597886999999999919e-02
-2.102472999999999842e-02
-1.649780199999999891e-02
-8.391244999999999954e-02
-2.768440200000000032e-02
-3.301895999999999998e-02
-1.498763449999999942e-02
5.156820000000000154e-02
-2.913175700000000118e-02
2.910242999999999858e-02
3.312413000000000163e-02
-2.014442799999999808e-03
-8.616880999999999846e-03
6.431580000000000630e-02
3.197487999999999719e-02
-2.603055199999999847e-02
-6.634635399999999975e-03
5.129585499999999611e-03
1.518491100000000059e-02
1.988569600000000132e-02
-6.765438599999999691e-02
-3.231086999999999848e-02
-2.481939999999999841e-02
4.679909299999999994e-02
-1.489655500000000056e-02
-2.535822600000000107e-02
6.224272999999999785e-03
7.969744000000000828e-03
-6.219193700000000269e-02
-1.886722299999999894e-02
5.211232999999999838e-02
2.177289500000000044e-02
8.705421500000000423e-02
-6.709863000000000632e-02
2.926540199999999939e-02
-2.778566000000000022e-02
1.578863299999999983e-02
-3.834072000000000174e-02
3.548134599999999868e-03
-6.492596000000000478e-02
-1.440852899999999978e-02
1.344648400000000073e-03
-1.435106499999999966e-02
4.662776700000000052e-02
6.256203999999999932e-02
3.056231200000000033e-03
4.324776300000000157e-02
-3.784493700000000210e-02
4.452956500000000012e-02
4.539306699999999702e-03
-2.603486199999999889e-02
4.398526999999999992e-02
5.813685199999999928e-03
3.986830000000000235e-02
2.093908200000000122e-02
3.051356399999999996e-02
-2.539106000000000002e-02
3.709208199999999844e-02
1.992986199999999958e-02
4.327516000000000002e-02
3.937852000000000019e-02
1.153453000000000030e-03
2.385228699999999979e-02
-5.986303999999999584e-03
-5.652350200000000324e-02
-4.224644200000000210e-02
8.363682000000000755e-03
1.263786849999999976e-02
-3.447149999999999954e-03
-4.215610000000000190e-02
9.479598000000000538e-03
-1.195295700000000017e-02
-2.722002600000000133e-02
2.296965800000000044e-02
-3.806082499999999952e-02
-5.565000700000000133e-02
2.391965899999999937e-02
2.796934400000000015e-02
-2.769560600000000108e-02
1.054949900000000038e-02
-3.721457000000000237e-02
-4.073261499999999979e-02
3.506270799999999799e-02
-1.768307800000000138e-02
5.850822999999999788e-03
6.671838499999999984e-03
-3.879145500000000246e-02
-5.380155500000000091e-02
-2.376870999999999845e-02
-1.831009999999999929e-02
7.660358699999999729e-03
1.792916799999999880e-02
-6.553563000000000097e-03
2.746376600000000122e-04
-1.841820200000000157e-02
2.652679599999999832e-02
9.194219000000000003e-03
3.318508200000000029e-03
1.043220599999999942e-01
1.368177800000000034e-02
-2.862845500000000057e-02
-5.687470699999999657e-02
2.240127100000000038e-02
3.931047800000000286e-02
-8.893043999999999255e-03
