6.319953999999999850e-02
2.860242099999999940e-02
-4.119020699999999952e-02
-5.645091599999999855e-03
5.539104300000000092e-03
6.452863999999999822e-02
-1.190445600000000033e-03
6.813910299999999948e-03
-2.160971399999999862e-02
-1.830216900000000008e-02
4.150169299999999922e-02
4.591938000000000270e-02
3.226049999999999751e-02
6.504556000000000227e-02
1.743226700000000129e-02
3.446480999999999937e-03
-1.647326699999999977e-02
5.793138600000000138e-02
-2.643674000000000024e-02
-4.748316500000000079e-02
-3.168384999999999951e-02
3.313277700000000214e-02
8.430172999999999139e-03
2.005349500000000104e-02
1.830170500000000144e-02
-1.253423799999999963e-02
-2.392613099999999979e-02
-6.668648000000000631e-02
8.715639000000000719e-03
-1.044377799999999940e-01
7.676658999999999740e-03
5.304754500000000150e-02
2.816619399999999857e-02
-3.592624500000000248e-02
3.304476700000000267e-02
4.021087999999999746e-02
-2.082443200000000036e-02
-1.967682899999999985e-02
1.705167800000000067e-02
-6.170550000000000340e-02
6.424265000000000184e-03
-4.483638000000000207e-02
3.001846999999999849e-02
2.064282799999999848e-02
-8.308737000000000067e-03
-2.363776799999999997e-02
-2.438959900000000139e-02
1.558647600000000015e-02
-4.421290399999999732e-02
5.208194299999999860e-02
2.442688000000000151e-02
3.888758300000000334e-02
-1.376424000000000050e-02
-4.290331000000000006e-02
-2.208872099999999866e-02
-5.716059400000000207e-02
-2.238063900000000078e-02
-3.161497399999999708e-02
6.371502599999999406e-02
-6.439075599999999344e-02
1.729694000000000023e-02
-1.563270799999999863e-02
1.618638299999999863e-02
-4.686990399999999696e-02
1.479197600000000008e-02
-5.935755999999999671e-02
1.237355449999999989e-02
-6.270963000000000058e-03
-6.474357999999999502e-02
2.695830999999999922e-02
5.061214300000000180e-04
-6.166933000000000310e-03
-2.902832300000000171e-02
-2.653448100000000125e-03
-1.960192599999999868e-02
1.422657350000000077e-02
-3.891695700000000202e-02
1.037188200000000067e-02
1.089822399999999976e-02
9.140532999999999514e-04
-2.462399200000000080e-02
-1.662853699999999879e-02
-6.807716000000000114e-03
1.715097599999999833e-02
2.326674100000000018e-04
4.848124499999999920e-02
1.799112199999999828e-02
-1.328756399999999997e-02
-2.649793199999999835e-02
-1.578221999999999958e-02
1.434379199999999965e-01
3.512441000000000174e-02
3.312633599999999928e-02
1.209290699999999996e-02
6.803947999999999940e-02
-2.468438600000000087e-03
-8.835005999999999415e-02
-9.720520000000000549e-02
4.456418000000000185e-03
2.692820900000000156e-02
6.546012599999999695e-03
1.691892399999999838e-02
-2.869493899999999917e-02
-1.000659700000000076e-02
4.470568999999999932e-02
-2.067702399999999871e-02
1.210181599999999962e-02
-5.544719000000000036e-02
-7.215808999999999418e-02
1.362953400000000044e-02
5.629889300000000263e-02
-5.028943999999999602e-03
4.269117499999999787e-02
1.231236900000000009e-02
-3.597095000000000153e-02
-1.415496899999999988e-02
-1.694996799999999929e-02
2.450408800000000026e-02
-3.249421699999999885e-02
3.165418699999999943e-03
4.321474000000000149e-02
7.584920000000000551e-02
-1.403334600000000036e-02
8.497153999999999818e-02
4.288282599999999889e-02
1.919929500000000164e-02
-1.543180100000000020e-02
-4.756471000000000310e-02
-1.011956200000000035e-02
-9.360198000000000129e-03
1.312786699999999966e-02
-4.289065999999999712e-02
2.688034400000000046e-02
5.383857300000000068e-02
-1.516624299999999939e-02
2.890571000000000113e-02
5.880197000000000201e-02
-1.814282899999999921e-02
-5.332683999999999862e-03
2.736515999999999948e-02
-4.335145299999999813e-02
-2.207038999999999876e-02
-6.637965999999999311e-02
1.133346399999999969e-02
-6.807030999999999846e-03
-5.828800399999999743e-02
4.911840299999999798e-02
4.574595000000000050e-02
1.249410899999999977e-02
-3.624000399999999927e-02
-4.597614700000000193e-02
-4.043523700000000061e-03
6.626424999999999677e-02
-2.248357399999999923e-02
-1.064675950000000017e-02
4.594310699999999692e-02
1.671316499999999858e-02
-4.597530999999999840e-02
2.190625300000000053e-02
-6.934268399999999645e-03
1.545540599999999966e-02
-9.037460999999999411e-02
1.328975400000000084e-02
6.257268000000000552e-02
-6.529443999999999526e-02
-2.040916699999999889e-02
-5.738726799999999768e-05
-8.489729000000000025e-02
1.608374300000000104e-02
-4.785812999999999873e-03
-6.424678999999999807e-02
-7.872854999999999437e-02
-4.594757800000000281e-02
-6.796466600000000691e-02
-9.012825000000000350e-03
-1.967913200000000022e-03
-2.430304299999999987e-02
-1.075331199999999925e-02
-1.280871599999999950e-02
-2.513137500000000094e-02
6.674567000000000694e-02
-5.145350499999999661e-03
1.289231300000000073e-02
-7.824734999999999330e-02
1.185994400000000074e-02
-2.102429800000000029e-02
6.720558599999999772e-02
7.267307000000000627e-02
2.868400000000000116e-02
3.346801499999999679e-02
3.851471000000000061e-02
-2.963239499999999887e-02
-1.229508499999999987e-03
4.506429299999999832e-02
2.771542800000000029e-02
6.399944400000000255e-02
3.310976000000000197e-02
-1.562246699999999926e-02
1.290462299999999918e-03
-4.027151999999999815e-02
3.948460000000000164e-02
4.408133799999999769e-02
3.322048500000000099e-02
2.501792499999999815e-03
-8.021515999999999369e-03
5.412825000000000275e-02
-9.800125999999999282e-03
-4.867535499999999654e-02
3.270711700000000083e-02
1.374568200000000039e-02
-2.773830000000000046e-02
7.564920999999999625e-03
-2.170441299999999879e-02
-1.205966600000000014e-02
2.702591000000000021e-02
1.710998600000000064e-02
5.012326300000000123e-02
3.654458000000000012e-02
6.855851999999999780e-02
-1.923129200000000052e-03
5.907901399999999914e-02
-7.038229400000000366e-04
-2.397829500000000016e-02
4.561856000000000244e-02
-2.090866900000000125e-02
-1.439946100000000055e-02
-6.575577999999999979e-02
-1.777925299999999964e-03
6.637170999999999869e-03
-8.664784600000000059e-02
-2.247364599999999990e-02
1.342663000000000016e-02
3.085495300000000093e-02
-5.540454000000000212e-03
-5.634693799999999919e-02
-6.678720000000000186e-04
3.823396200000000328e-02
-1.512902500000000081e-02
-1.132386550000000040e-02
-3.214916000000000301e-02
1.198520200000000036e-02
6.478816000000000089e-03
-3.311389700000000325e-02
6.068902000000000151e-03
4.079972999999999933e-02
-5.139627699999999716e-02
7.799213400000000462e-02
4.058433999999999653e-03
-9.278991999999999796e-03
4.035851000000000022e-03
5.694763000000000255e-03
-3.277232000000000062e-02
-5.748919999999999725e-02
5.197000700000000036e-03
-5.919367999999999852e-02
1.835278799999999835e-02
2.262559499999999835e-02
2.084046599999999846e-02
1.513648800000000003e-02
1.385598100000000072e-03
4.300746999999999903e-02
-1.510694100000000047e-02
6.769026600000000241e-03
-4.082094499999999737e-02
-2.883354800000000051e-02
-4.480869999999999992e-02
6.304293400000000012e-03
-1.135379599999999933e-02
-6.165362399999999889e-03
-5.597019999999999773e-02
2.074158599999999936e-02
-2.401508999999999935e-02
-5.128769200000000278e-02
-6.456570000000000017e-03
-1.601680700000000096e-02
1.331594399999999970e-02
-2.317866899999999897e-02
3.160169300000000014e-02
-2.751761700000000116e-02
-3.435489500000000335e-02
5.945993599999999796e-02
1.371996850000000052e-02
4.087694499999999960e-03
-1.503682299999999951e-02
-4.318905500000000224e-03
1.632605600000000068e-03
2.605211500000000069e-02
1.240314600000000031e-02
1.194651199999999941e-02
-5.360212000000000310e-02
3.416530799999999840e-02
1.924901299999999885e-02
-3.497323799999999677e-02
-4.942501299999999681e-02
3.782011999999999961e-03
6.348081999999999336e-02
5.774942400000000059e-02
3.346614500000000270e-02
-5.508411700000000188e-03
-4.616763399999999906e-02
-4.292039699999999902e-03
1.966411399999999990e-02
-7.319232999999999989e-02
5.695604499999999681e-02
-3.332998000000000210e-02
-4.427042299999999625e-03
-2.385140599999999861e-02
3.602634400000000181e-02
-2.578042299999999893e-04
-1.089488399999999921e-03
9.645079000000000846e-03
4.213453999999999811e-02
-2.739198500000000064e-02
-2.016120399999999854e-02
-5.996504799999999996e-02
-3.405952999999999758e-02
-1.051711399999999963e-01
-1.617554599999999898e-02
2.330532100000000037e-02
3.181076000000000042e-02
2.845030800000000054e-02
2.401166199999999959e-02
-2.968636900000000065e-02
1.784498000000000030e-03
1.467847299999999917e-02
-1.496730999999999930e-02
1.958330199999999948e-03
-2.411368700000000170e-02
5.604404200000000225e-02
2.323717800000000069e-02
2.130409899999999995e-02
-4.136333999999999844e-02
4.042587999999999737e-02
-5.394341799999999992e-02
2.136824000000000015e-02
-3.611951699999999682e-02
-6.155207800000000312e-02
5.872947600000000094e-03
6.956184999999999452e-02
1.611367700000000073e-03
2.124678500000000067e-02
1.941237000000000171e-02
6.294289000000000134e-02
1.526840299999999984e-02
1.968152000000000096e-02
-4.475338000000000233e-02
-8.265920000000000212e-02
-3.184280999999999917e-02
9.721323000000000464e-03
-2.685287600000000122e-02
3.533369299999999935e-02
4.668934000000000278e-02
4.023965000000000181e-02
-8.112295999999999743e-03
-2.009019999999999903e-02
2.139193400000000134e-02
5.509340800000000343e-02
2.635411400000000140e-02
4.595632000000000189e-02
1.833217700000000071e-03
-3.553506700000000243e-04
1.813233300000000048e-02
-3.892620199999999889e-05
4.754099199999999720e-02
2.362599599999999980e-02
1.122619899999999921e-02
1.824045399999999970e-02
8.050623499999999544e-02
1.024738400000000001e-02
-3.203687999999999675e-02
-8.628883000000000386e-03
2.696602400000000163e-02
3.321327999999999780e-02
-2.534870599999999863e-02
4.630593200000000104e-02
-9.759620999999999574e-03
-4.394607200000000269e-02
5.798464599999999906e-03
-2.555690899999999918e-02
-1.258088899999999961e-02
4.042506799999999939e-05
-3.176371999999999789e-03
-1.675162300000000021e-02
2.311015699999999836e-03
-1.008994000000000037e-02
3.945771000000000001e-02
-9.290986499999999426e-02
2.957668700000000081e-02
-2.963799400000000084e-02
-1.915137999999999910e-02
-1.982394200000000065e-02
6.303295500000000162e-02
-2.222307600000000133e-02
2.822947899999999830e-02
-3.490925200000000173e-02
4.587635000000000324e-02
3.610102500000000186e-02
-6.543253499999999914e-04
-5.288112999999999668e-03
3.521670999999999829e-02
9.361638999999999725e-03
-1.494409200000000083e-02
1.818224599999999913e-02
-5.464490999999999793e-02
1.641886099999999987e-02
-2.018831499999999834e-02
1.028188099999999966e-01
2.901806999999999846e-04
-5.045744800000000196e-02
5.574693499999999746e-02
1.989113500000000076e-02
-3.764505299999999777e-02
-2.999776399999999968e-02
8.500206999999999208e-03
-4.496763599999999833e-02
-2.343093400000000048e-02
5.750233300000000269e-02
7.244709999999999692e-03
4.047106999999999788e-02
5.847516999999999993e-02
-4.514495000000000313e-03
2.607727799999999888e-02
1.496186199999999938e-02
1.313872450000000067e-02
-1.978724800000000034e-02
-6.294028000000000123e-02
-9.581341000000000163e-03
-2.736397800000000061e-03
8.210880999999999735e-03
-2.349499199999999927e-02
5.490261599999999957e-03
1.010746799999999966e-02
-2.261148600000000009e-02
6.444376999999999744e-02
-2.461683799999999853e-02
4.010167299999999740e-02
4.868573300000000187e-02
-6.113306999999999769e-02
-2.838486000000000134e-02
1.551694300000000006e-02
4.721233200000000269e-02
5.190513299999999913e-02
6.505487000000000075e-02
-1.198001800000000026e-02
7.414285999999999967e-03
1.673947500000000019e-02
-3.349702600000000179e-03
3.570003000000000065e-02
1.880510200000000062e-02
-7.405430499999999909e-03
2.396502299999999849e-02
6.098483000000000029e-03
1.133254199999999927e-02
-7.669405999999999446e-02
-6.009255000000000152e-02
7.488210500000000436e-02
-1.810938700000000109e-02
3.638816999999999746e-02
-2.887715399999999863e-02
-4.049762999999999627e-03
-5.015172999999999853e-02
-9.781018999999999738e-04
3.446490700000000296e-02
2.159566400000000053e-02
-4.504870999999999875e-02
-6.136299599999999778e-03
-2.801005999999999982e-02
2.110052100000000055e-02
2.743080599999999855e-02
1.042391449999999914e-02
2.727602399999999941e-02
8.568644000000000260e-03
7.558383999999999936e-02
2.442234000000000071e-02
-2.211850500000000011e-02
1.781377800000000060e-03
5.651840499999999726e-03
2.366201600000000099e-02
1.677487399999999865e-02
1.856810600000000089e-02
-2.104165599999999886e-02
-1.980303200000000166e-02
-4.585102600000000306e-02
4.191220600000000046e-02
5.426225999999999966e-02
6.883684999999999631e-03
-1.326473799999999988e-02
2.482782299999999887e-02
-2.210846500000000076e-02
-9.447277999999999926e-03
2.257522799999999927e-02
2.721020299999999878e-03
-2.341517799999999830e-02
-3.702101000000000003e-02
3.812072400000000166e-02
1.116792200000000027e-02
5.657712000000000158e-02
-8.614300000000000082e-03
-5.542636699999999722e-02
4.842326400000000058e-02
7.009234999999999771e-02
3.037776400000000154e-02
-4.524786399999999875e-02
-3.812668500000000044e-02
-4.490852399999999828e-02
1.126472799999999989e-02
-7.410530999999999369e-02
4.161263999999999588e-03
2.856937999999999839e-02
3.714989599999999909e-03
1.930648999999999907e-02
-4.897432799999999753e-02
4.386694399999999799e-02
2.459259700000000076e-02
-6.441278999999999755e-02
-2.276750500000000038e-02
-1.150160100000000019e-02
4.313611000000000181e-03
-3.607168999999999653e-02
7.482390999999999695e-03
7.496218299999999474e-04
-2.896120400000000081e-02
-5.431238000000000038e-02
-1.521690799999999948e-02
-1.152481300000000007e-02
1.710493500000000167e-02
4.295937699999999998e-02
-1.802091000000000109e-02
3.758027699999999961e-03
-9.146173000000000497e-03
-2.511116099999999990e-02
1.672042199999999867e-02
-2.702381199999999862e-03
6.269985999999999615e-02
3.159299499999999872e-02
6.496507999999999450e-02
5.909298999999999802e-02
4.329564000000000155e-03
3.685020299999999804e-02
3.273162200000000188e-02
4.023757599999999712e-02
3.334675699999999771e-02
1.732614000000000029e-02
3.961175000000000113e-02
4.135160999999999698e-02
2.767439199999999905e-02
-3.937707300000000028e-03
6.480075999999999892e-02
-5.499039599999999695e-02
5.638721000000000011e-02
-6.145843499999999876e-02
-2.107196999999999890e-02
-2.986808999999999992e-02
-3.421450799999999765e-02
3.164167300000000210e-02
-1.655806599999999976e-02
3.646807400000000310e-02
-1.396873799999999964e-02
-1.941340999999999900e-02
-8.245448000000000707e-03
4.334888199999999830e-02
-1.833928599999999978e-02
1.053725999999999968e-02
-3.564397999999999872e-02
-6.133773000000000003e-02
-2.691645200000000043e-02
-9.442983400000000416e-04
2.099840999999999860e-02
1.437114500000000010e-02
-1.486692199999999943e-02
8.304159999999999667e-03
-1.169562250000000074e-02
3.098733000000000043e-02
-3.198876999999999970e-02
5.288766999999999774e-02
-6.770813399999999795e-03
-8.265691999999999484e-02
3.311146400000000017e-02
4.870391599999999988e-02
9.684062999999999699e-03
-5.667691700000000027e-02
-1.919641700000000034e-02
4.444496700000000189e-02
4.436057799999999773e-02
-1.041058100000000035e-02
-1.126754999999999944e-02
2.317818300000000151e-02
-3.096905499999999794e-03
1.633496400000000043e-02
1.413177300000000025e-02
1.332846800000000000e-03
2.770377300000000185e-03
-1.660518000000000063e-02
-2.499531799999999901e-02
4.609435399999999711e-02
-4.003983400000000331e-02
-4.108766500000000238e-02
1.924300400000000105e-02
4.544931299999999813e-02
2.300052699999999978e-02
2.624414099999999861e-02
-3.549447700000000344e-02
3.910772500000000290e-02
1.761995300000000026e-03
-2.460816999999999866e-02
-5.129442699999999661e-02
-5.420127999999999752e-02
-6.729303000000000368e-02
9.512626999999999194e-03
4.530904399999999971e-02
-2.442523600000000034e-03
3.529680500000000054e-02
-6.246140599999999710e-02
-4.653583499999999762e-02
-6.395921000000000245e-02
-2.712377599999999962e-03
-4.009602200000000199e-02
-3.028092300000000126e-02
1.324060099999999985e-03
1.604440199999999928e-02
2.070104000000000041e-02
1.179218599999999964e-02
-3.156745299999999966e-03
1.025617300000000037e-02
4.923712700000000249e-04
6.414246000000000184e-03
4.039663999999999755e-02
-1.415227900000000025e-02
4.497779999999999834e-02
-5.915854000000000251e-02
-2.185450099999999840e-02
-3.418622499999999804e-03
5.779399699999999973e-02
-3.157050000000000134e-02
-7.018183999999999534e-02
-6.870871000000000617e-02
-3.434270200000000273e-02
9.634444000000000688e-03
2.674905999999999898e-03
1.484961899999999967e-02
1.258051999999999955e-02
4.291811200000000132e-02
8.794715000000000171e-02
2.228933400000000092e-02
-2.876371000000000136e-02
1.151133049999999991e-02
1.497315199999999999e-02
-7.388282599999999867e-02
-5.053450999999999603e-03
5.017655299999999874e-02
2.348468199999999891e-03
6.902724500000000096e-02
-3.765598700000000187e-02
-4.726028499999999910e-03
-3.183325000000000043e-02
-2.639692999999999901e-02
2.948767999999999875e-02
-5.235385499999999775e-02
-2.285869999999999916e-02
-1.192958650000000044e-02
1.713619200000000148e-02
-5.975909500000000339e-03
-2.001552300000000034e-02
1.010361199999999966e-02
-2.783507500000000079e-02
8.214677000000000090e-03
-6.234288600000000014e-02
-3.140825800000000140e-03
-1.154509299999999933e-02
-3.059566799999999948e-02
2.663470199999999968e-02
5.733952399999999762e-03
-1.505136700000000039e-03
1.245581699999999924e-02
-8.792328000000000296e-03
2.000628200000000023e-02
3.387442000000000231e-02
4.405069999999999819e-02
-6.767819999999999912e-03
-4.840336699999999576e-03
-2.760574699999999819e-03
2.595382400000000034e-02
2.456068800000000066e-02
-4.662255600000000250e-02
-6.561835000000000237e-04
-1.490003500000000071e-02
4.339404799999999757e-02
-2.053682700000000055e-03
3.515294199999999952e-02
-2.884518600000000182e-03
5.618264000000000417e-03
-5.649421999999999777e-02
-1.183157100000000080e-02
7.394520000000000259e-02
1.217819300000000035e-02
1.059864100000000031e-01
-9.766794000000000517e-03
2.219910699999999917e-02
-1.951539299999999894e-02
2.119028800000000157e-02
-2.898615400000000009e-02
-1.315244749999999914e-02
-2.841383199999999998e-02
-2.348391999999999841e-02
-3.922183499999999830e-03
-1.538255399999999967e-02
4.663325000000000109e-02
3.499100699999999758e-02
2.934031399999999928e-02
2.076695099999999877e-02
-4.513698399999999805e-02
3.189798399999999728e-02
1.625624700000000145e-02
6.010153300000000386e-03
1.230050300000000083e-02
2.943319299999999986e-02
6.820065000000000155e-02
5.480461200000000255e-02
3.617473300000000058e-02
2.101870000000000127e-02
6.421976499999999810e-02
3.154177200000000264e-02
3.866087599999999680e-02
6.689586999999999617e-02
9.039702000000000154e-03
6.451009300000000272e-03
-2.521237499999999868e-02
-1.398960699999999939e-02
-7.670146999999999382e-02
1.124375000000000027e-02
3.627791600000000033e-02
2.547179700000000088e-02
-3.176756199999999919e-02
6.561215999999999923e-03
9.118129000000000858e-03
-7.114673999999999651e-03
4.330026000000000014e-02
-1.471007099999999991e-02
-1.974661299999999967e-02
1.964452100000000159e-02
5.521012499999999878e-02
-4.304216000000000292e-02
6.805829200000000287e-03
-3.359775999999999735e-02
-2.034231800000000159e-02
2.666604300000000038e-02
-2.172218600000000097e-02
-3.698719000000000052e-03
9.242146999999999168e-03
-4.519071799999999778e-02
-9.446388000000000007e-02
-1.183981999999999916e-02
-2.328633899999999965e-02
1.057547399999999964e-02
2.723413499999999959e-02
8.075742000000000337e-03
-2.561218100000000122e-02
-3.842019299999999832e-02
1.075686999999999997e-02
-8.812574000000000102e-03
-1.504327450000000031e-02
8.543444000000000038e-02
3.128207499999999947e-02
-2.810790200000000058e-02
-1.709815300000000135e-02
1.136567900000000006e-02
2.908200400000000158e-02
-2.553270800000000118e-02
