6.719563000000000619e-02
4.724465700000000240e-02
-3.395251600000000203e-02
3.656317999999999981e-03
1.735362199999999910e-02
3.685957599999999806e-02
2.336496899999999932e-02
2.586458599999999844e-02
-4.000695000000000293e-03
1.509177800000000057e-03
5.711118999999999918e-02
4.417582199999999654e-02
3.918576199999999898e-02
-7.633700499999999944e-03
1.207073300000000016e-02
-2.015009499999999981e-02
2.478078800000000151e-02
1.671983700000000128e-02
-4.460150999999999699e-02
-5.096594999999999771e-03
-6.382859299999999944e-03
2.781763000000000031e-03
3.524059400000000009e-02
3.765984299999999840e-02
2.255405499999999994e-03
-4.921624000000000138e-02
-1.104246499999999957e-02
-6.403366000000000613e-02
1.232847850000000009e-02
-9.400331000000000659e-02
-7.755456499999999719e-03
6.654481999999999758e-03
1.357214500000000074e-02
-2.732704000000000036e-02
4.614617299999999867e-02
-6.949816999999999627e-03
1.633369200000000035e-03
-3.890170499999999823e-03
6.792277600000000415e-03
-7.229465999999999670e-02
-2.095753499999999936e-02
-1.757354800000000133e-02
-9.256868999999999167e-03
3.470272600000000318e-02
-3.801270999999999817e-02
-7.976598999999999495e-02
3.158442300000000231e-04
-2.377233999999999944e-02
-2.948537999999999853e-02
3.566007300000000046e-02
9.662547000000000497e-03
5.429400499999999935e-02
-1.003591799999999958e-02
-3.360405200000000231e-02
-2.970809500000000034e-02
-3.858842999999999995e-02
5.746974500000000350e-04
-2.152738900000000094e-02
9.012889000000000317e-02
-3.261382499999999907e-02
3.163881999999999806e-02
-4.235835000000000294e-02
2.666411499999999865e-02
-5.385821999999999832e-02
1.668325600000000047e-02
-8.898290999999999840e-02
5.107208299999999729e-02
-2.409541999999999934e-02
-7.383086499999999552e-02
1.625032200000000107e-02
3.975613000000000237e-03
-2.510773800000000097e-02
-1.869969000000000145e-02
-4.452471999999999853e-03
4.048357699999999683e-05
2.810449300000000122e-02
-2.449422000000000058e-02
1.173114100000000048e-02
4.141321800000000164e-02
1.629790700000000037e-02
-5.476068700000000233e-02
-3.258029999999999954e-02
9.554524000000000003e-03
3.034923999999999955e-02
-2.380414499999999878e-02
4.614146999999999693e-02
1.618488900000000091e-02
-5.301430000000000031e-02
-2.226284699999999880e-02
2.218508300000000127e-02
1.288964200000000115e-01
3.888263000000000136e-02
1.534517799999999925e-02
2.925474600000000161e-02
7.215831000000000328e-02
-5.230565999999999861e-03
-7.948979999999999935e-02
-1.117146100000000059e-01
1.321018600000000050e-02
2.745187500000000058e-02
-4.538376299999999884e-03
-6.886326199999999974e-03
-2.567781900000000103e-02
1.546146299999999994e-02
3.104071900000000134e-02
-2.011898700000000137e-02
1.173997599999999962e-03
-8.171027999999999625e-02
-8.504984499999999892e-02
-2.892505000000000076e-02
4.335808399999999813e-02
3.646018000000000175e-02
2.866063599999999975e-02
-5.136613299999999611e-03
-5.142523999999999880e-03
3.337989400000000023e-02
-6.075127400000000094e-02
4.477650700000000011e-02
-2.515600999999999948e-02
-2.427778400000000017e-02
5.094426500000000246e-02
7.455077999999999705e-02
-4.149679500000000298e-02
4.652480800000000083e-02
4.741982000000000141e-02
-1.286246350000000080e-02
1.595846199999999965e-02
-2.770729200000000142e-02
-3.306991599999999781e-02
6.907438999999999593e-03
2.973684700000000028e-02
-5.112617500000000287e-02
4.445986999999999856e-02
3.541704999999999853e-02
-3.685794800000000149e-02
-1.028470599999999936e-02
4.879064500000000054e-02
3.640883999999999787e-02
-1.198432500000000053e-02
2.249084599999999837e-02
-4.076368400000000142e-02
-5.977369500000000169e-02
-1.000385800000000019e-01
9.297006999999999494e-03
-4.293661199999999900e-02
-3.175556300000000054e-02
-5.104511000000000161e-04
2.629644199999999973e-02
-2.397477900000000162e-03
-2.216630799999999915e-02
-9.744778000000000814e-03
9.838210999999999484e-03
1.408032099999999981e-02
-5.071231600000000034e-03
-2.475987699999999958e-02
3.719270200000000109e-02
-8.021794999999999967e-03
6.402536000000000338e-03
3.131057000000000284e-02
1.181512399999999977e-02
8.013618000000000130e-03
-5.053119999999999834e-02
1.704996500000000026e-03
1.050862149999999967e-01
-9.095316400000000301e-02
-1.345797399999999928e-02
-6.487015599999999826e-03
-4.287785999999999681e-02
-1.167811500000000106e-03
-4.874417600000000017e-03
-4.232071999999999917e-02
-7.981370999999999605e-02
-6.768641000000000241e-02
-9.584964999999999458e-02
1.052533899999999901e-03
1.779439099999999968e-02
1.036794400000000090e-03
-2.471810199999999874e-02
-3.984466200000000291e-02
6.052450299999999686e-03
7.282160000000000022e-02
-7.213680399999999882e-02
3.451538300000000191e-03
-3.957515600000000022e-02
-2.755331600000000131e-02
-1.147520999999999958e-02
1.682492500000000099e-02
3.769887999999999711e-02
1.864359999999999976e-02
2.413832200000000025e-02
-1.109635299999999977e-02
2.322497000000000190e-03
1.641293599999999950e-02
1.512112399999999968e-02
1.270699800000000060e-02
6.223527000000000226e-02
3.929724499999999628e-03
-3.992852800000000132e-03
1.934138900000000050e-02
-4.875755999999999840e-02
3.637223700000000171e-02
6.069332399999999988e-02
6.818994999999999571e-03
-1.379848699999999991e-02
4.707331000000000015e-02
2.285205200000000117e-02
8.517227999999999952e-03
-1.707515100000000022e-02
-8.296074000000000503e-03
2.797925100000000012e-02
-2.521952599999999906e-02
-5.424915999999999766e-02
9.641017999999999463e-03
-5.434056999999999950e-03
1.248175299999999995e-02
5.058735600000000172e-03
4.382170700000000141e-02
1.236440899999999982e-02
4.951973999999999959e-02
-4.402613300000000202e-02
5.795307999999999710e-02
3.215578999999999660e-02
-5.974971500000000185e-02
4.458760500000000238e-02
-2.063751000000000127e-02
-7.751408500000000167e-03
-7.132363999999999371e-02
8.765020999999999576e-03
2.164532400000000051e-02
-5.471385599999999821e-02
6.765212999999999956e-03
-6.795357000000000133e-03
2.894147500000000123e-02
-3.991755999999999777e-02
-2.822304900000000005e-02
4.083674400000000121e-02
2.937380600000000165e-04
-4.323873300000000142e-02
-2.929108399999999848e-02
-4.925452999999999776e-02
5.924885000000000394e-03
-2.141795000000000157e-03
8.208853000000000330e-03
2.181781600000000029e-02
3.820548199999999894e-02
-4.568103999999999915e-02
9.437658999999999632e-02
4.187853999999999882e-02
7.180616299999999577e-03
3.716490000000000071e-02
-3.108133199999999971e-02
2.184271999999999950e-02
-2.675691800000000106e-02
2.900600799999999979e-02
-1.884729400000000055e-02
3.237771200000000293e-02
-1.601217300000000107e-02
7.501206000000000540e-02
1.854425100000000118e-02
3.105835200000000088e-02
5.957112999999999992e-02
2.330189200000000113e-02
3.080559500000000159e-02
-2.230226800000000009e-02
-4.405055599999999766e-02
-4.352428800000000125e-02
3.828718599999999823e-03
-1.590690999999999980e-02
1.816521999999999928e-02
-6.535734999999999462e-02
5.575928499999999871e-02
-5.328389000000000042e-02
-4.434537000000000201e-02
-2.568318299999999832e-02
-4.533954700000000088e-02
3.251879299999999723e-02
-5.391048699999999652e-03
-2.224810399999999945e-03
-1.670846700000000115e-02
-3.124814000000000064e-02
4.156565999999999733e-02
-9.730021000000000156e-03
6.946403000000000516e-04
-2.109973000000000057e-02
8.248939999999999745e-03
-7.589827799999999784e-03
3.457945600000000147e-02
9.606649000000000091e-03
1.098023449999999991e-02
-5.304955000000000087e-02
3.350016000000000105e-02
5.336631599999999871e-03
-2.045675200000000166e-02
-4.959536700000000131e-02
2.193546099999999985e-02
-1.558990600000000060e-02
5.100656700000000265e-02
2.296124399999999871e-02
2.188904200000000091e-02
-3.406349200000000077e-02
2.148888599999999871e-02
2.456811999999999885e-02
-3.873689999999999772e-02
7.173121000000000358e-02
-5.019469199999999909e-02
3.053180999999999864e-04
-5.886065000000000047e-02
3.230318399999999954e-03
-4.761238999999999749e-02
-9.969003500000000323e-03
3.235406999999999866e-02
4.135710399999999870e-02
-1.600184899999999855e-02
-3.188463999999999882e-02
-2.894543100000000063e-02
-2.675900200000000048e-02
-9.843730000000000535e-02
-6.418188600000000223e-03
8.520431999999999659e-03
3.896096699999999913e-02
4.403338600000000075e-02
2.405022299999999818e-03
-5.652363999999999999e-02
9.752890999999999644e-03
1.873915300000000145e-02
-1.283966500000000011e-02
5.279743700000000262e-02
-4.853209499999999732e-02
6.793248999999999815e-02
3.336121000000000225e-02
1.942123499999999850e-02
1.908181000000000113e-02
4.741842000000000279e-02
-4.522608599999999868e-02
7.996793000000000304e-03
-7.787547500000000303e-03
-9.081865999999999550e-02
-1.082386299999999954e-02
5.882995600000000269e-02
2.132868999999999911e-03
5.441756499999999587e-03
-4.894143000000000104e-03
3.862481000000000247e-02
3.519144999999999912e-02
-1.068962199999999932e-02
-3.570369300000000162e-02
-4.301954999999999668e-02
-1.533232500000000081e-02
2.625379499999999991e-02
-1.185920900000000076e-02
1.328671199999999913e-02
4.304021000000000235e-02
2.753213000000000014e-03
-3.511745000000000144e-02
3.740503000000000057e-04
4.921671700000000010e-02
2.669038300000000155e-02
2.790830700000000025e-02
3.613140799999999681e-02
1.311414299999999998e-02
2.084537599999999880e-02
2.695232599999999867e-02
8.637175000000000408e-03
4.755890699999999749e-02
5.840258000000000255e-02
2.427874000000000004e-02
2.574150999999999870e-02
4.102764999999999884e-02
-4.074094400000000116e-02
-7.492552999999999887e-03
8.216133000000000464e-03
2.906669699999999898e-02
4.208557000000000270e-02
4.626894699999999777e-02
6.230357699999999888e-02
-5.154886999999999664e-02
-2.144505600000000053e-02
1.448146500000000066e-02
5.040277000000000125e-04
3.228604600000000140e-03
-3.059987700000000102e-02
-4.702758399999999728e-02
-2.434858499999999898e-02
2.186196899999999846e-02
-6.481665400000000132e-02
5.547636999999999707e-02
-8.311385000000000300e-02
-6.193041300000000360e-03
-2.380857999999999933e-02
-4.648672000000000221e-02
-1.161500099999999980e-02
5.727281399999999828e-02
9.229496000000000228e-03
2.086788399999999974e-02
-5.580029599999999923e-02
6.892336999999999769e-02
5.364312000000000247e-02
1.004934300000000051e-02
1.001567199999999977e-02
-2.072152099999999969e-02
3.529973000000000138e-02
-2.378208600000000089e-02
2.570101799999999909e-02
-3.949094200000000110e-02
4.355199299999999718e-02
-2.230403200000000141e-02
7.183364000000000416e-02
2.428881400000000058e-03
-5.766461999999999977e-02
4.770633199999999713e-02
-1.148358399999999981e-02
-7.603172000000000055e-03
-2.616720999999999804e-03
2.540159800000000093e-02
-4.388178999999999691e-02
-3.407293599999999811e-02
3.069924599999999948e-02
1.431756099999999948e-02
3.256168000000000257e-02
6.161523000000000000e-02
3.300831500000000335e-02
1.773156199999999932e-02
-2.061199600000000048e-02
6.375181999999999637e-04
-3.532206600000000179e-03
-4.911391799999999946e-02
-6.692578000000000242e-03
-8.519314999999999527e-03
3.291389000000000033e-03
-8.614798999999999374e-03
3.231995599999999691e-02
2.869756500000000127e-02
9.658276999999999834e-03
4.753973000000000226e-02
-2.801426000000000090e-03
2.995435299999999954e-02
2.783400000000000110e-02
-2.031689899999999938e-02
-7.820250500000000549e-03
5.506869400000000137e-02
3.160390300000000263e-02
5.685014000000000386e-03
7.240879999999999539e-02
4.466588999999999868e-04
-3.442184000000000042e-03
-1.047435900000000079e-02
5.340988300000000175e-03
-9.173736999999999517e-03
-4.895800999999999972e-03
-1.904549399999999962e-02
1.516606600000000062e-02
1.350446100000000059e-02
-6.452915299999999708e-03
-7.698440600000000522e-02
-5.036007599999999668e-02
2.314472999999999878e-02
-2.078139999999999848e-02
5.455033499999999841e-02
-5.396408199999999655e-02
-1.652647200000000038e-02
-4.536721500000000240e-02
-1.889173300000000083e-02
2.341019399999999875e-02
2.663358000000000045e-02
-1.154170799999999948e-02
1.067587799999999976e-02
-8.284671000000000396e-03
1.732400599999999943e-02
1.579105499999999829e-02
1.198107699999999970e-02
7.358012700000000385e-03
1.742697299999999838e-02
6.477874499999999869e-02
1.678209400000000087e-02
-1.120961699999999985e-02
-7.395107300000000258e-03
-1.031806000000000043e-02
-1.008558600000000055e-02
1.965851299999999899e-03
-1.317523299999999974e-02
-5.612473999999999935e-02
-1.782656300000000013e-02
-4.860791200000000312e-02
3.371437000000000045e-02
2.711437300000000064e-02
-1.265874600000000023e-02
7.075602999999999754e-03
4.926138600000000249e-03
-5.420254499999999781e-02
1.814959400000000153e-02
2.286795700000000126e-02
-1.024539399999999968e-02
-4.080950500000000286e-02
-5.340277000000000045e-03
3.607544000000000028e-02
-3.934904200000000074e-02
6.921526000000000067e-02
-2.620378300000000132e-02
-2.006908099999999903e-02
5.779732800000000198e-02
6.782813999999999510e-02
5.866124999999999812e-02
-2.093951599999999830e-02
1.460715299999999946e-02
-1.168034199999999981e-02
1.751935500000000034e-02
-7.861448000000000047e-02
1.711787299999999873e-02
5.006848600000000232e-02
2.322339600000000032e-02
1.151752300000000000e-02
-4.056578999999999741e-02
4.262694000000000205e-02
6.382005799999999895e-03
-1.679665400000000114e-02
-5.400947500000000123e-02
1.838252699999999920e-02
1.731995299999999904e-02
-4.680011399999999683e-02
1.243341000000000064e-02
-2.316184800000000051e-03
-3.238170600000000315e-02
-2.413226699999999891e-02
-4.570099999999999857e-02
-1.426635499999999966e-02
1.380934299999999997e-02
5.921239400000000153e-02
2.395757000000000095e-03
2.007768500000000136e-02
3.935696600000000017e-02
-2.159542999999999879e-02
4.941193800000000247e-02
-1.358580099999999978e-02
4.217949499999999741e-02
3.291455299999999917e-02
3.977681699999999904e-02
7.080355000000000676e-02
6.152586500000000423e-03
5.855931300000000173e-02
1.585218899999999917e-02
7.437823999999999824e-02
4.890092000000000050e-02
2.204993699999999862e-02
2.209749000000000088e-02
-9.319258000000000403e-03
6.463726599999999878e-02
-8.750617500000000201e-03
2.582492499999999858e-02
-3.119950999999999974e-02
5.874590200000000262e-02
-3.629486299999999666e-02
-6.338329600000000563e-02
-7.769400699999999896e-03
-3.720174999999999871e-02
2.188663600000000098e-02
-4.432430000000000224e-03
5.751982700000000254e-02
-3.760480499999999809e-02
-2.874109500000000122e-02
-4.458616999999999789e-03
5.923789699999999769e-02
-3.432488399999999995e-02
6.794141000000000069e-03
-2.150774199999999983e-02
-2.602497900000000017e-02
-3.992372400000000071e-02
-5.024031999999999804e-02
2.388073900000000152e-02
-7.439775400000000170e-03
2.227575700000000020e-02
1.488041499999999927e-02
-8.229363999999999429e-03
2.948998099999999845e-02
-2.233778900000000026e-02
6.879557000000000033e-02
-3.209904000000000229e-02
-5.451471000000000094e-02
-6.817437699999999781e-03
6.308063999999999338e-02
2.595379600000000120e-02
8.521671999999999234e-03
-2.492371200000000064e-02
7.079799999999999982e-02
1.543318800000000046e-02
-8.735492000000000083e-04
-8.324085999999999638e-03
2.878271799999999880e-02
-5.668907200000000007e-02
-5.110243000000000424e-03
1.523368599999999976e-02
-3.173116100000000165e-03
2.182857300000000042e-02
2.162528199999999914e-02
-1.253687600000000062e-02
1.822502000000000150e-02
-3.190798699999999877e-02
-6.360166999999999904e-02
-1.773615699999999892e-02
5.148247999999999713e-02
1.239883100000000078e-02
2.093741000000000005e-02
-5.847997600000000296e-02
2.257006400000000079e-02
7.282933999999999589e-03
-7.302206999999999795e-03
-3.766413799999999978e-02
-3.719377000000000100e-02
-6.114633800000000147e-02
-8.027845999999999940e-03
4.266675999999999802e-02
8.049989000000000450e-03
4.805828599999999867e-02
-3.650972000000000245e-02
1.698884899999999988e-03
-3.628234600000000004e-02
1.440061500000000029e-03
-3.614176999999999668e-02
-4.867660000000000042e-02
-3.932559499999999791e-02
1.416092000000000045e-02
4.936991300000000138e-02
3.298556799999999983e-02
3.511957500000000010e-02
-3.845165700000000020e-02
-4.091489000000000237e-02
-4.001685999999999958e-03
3.047725199999999982e-02
-8.852798999999999738e-03
5.716904999999999903e-02
-4.450714599999999743e-02
-1.574841999999999909e-02
-1.546360699999999901e-03
4.722865300000000238e-02
-3.831655500000000214e-02
-3.926907500000000051e-02
-3.133177000000000184e-02
-8.536937500000000255e-04
-5.921054000000000248e-03
4.376540300000000133e-02
-2.749538400000000118e-02
2.093485700000000116e-02
4.862614999999999993e-02
8.399444999999999828e-02
-2.701241000000000059e-02
2.841489600000000199e-03
-2.199458899999999842e-02
1.149710299999999984e-02
-7.112150999999999890e-02
-8.755119500000000179e-03
2.451081000000000093e-02
1.896824999999999987e-03
-7.383472299999999967e-03
-2.524707500000000077e-02
6.116002300000000259e-03
-2.227681899999999979e-02
-4.876085599999999826e-03
1.551907400000000076e-02
-5.208484400000000340e-03
-2.832266999999999966e-04
2.844787199999999905e-02
3.118494299999999969e-02
-8.671966999999999176e-03
-8.858338000000000323e-03
4.396027699999999899e-02
6.692857499999999710e-03
3.004474199999999928e-02
-4.746377000000000235e-02
1.258494999999999926e-02
-2.467758300000000120e-03
-2.606875300000000006e-02
-8.975182999999999425e-03
-5.624505999999999950e-02
-1.790375300000000142e-02
2.975531500000000093e-02
1.505716699999999977e-02
1.279972799999999937e-03
2.013607900000000117e-02
2.694839200000000157e-02
-3.552384299999999939e-02
-3.982277600000000417e-03
-9.191997000000000362e-03
-1.624493299999999960e-02
1.320936099999999933e-02
-2.903543199999999991e-02
-1.765569300000000008e-02
1.188526600000000023e-02
3.602315500000000115e-02
-3.521639499999999756e-02
2.479767199999999977e-02
3.302521600000000307e-02
-1.874205699999999947e-02
-9.078851000000000282e-02
-1.888765200000000130e-02
1.887357599999999955e-02
3.135864399999999802e-02
7.507980599999999893e-02
-3.431635000000000241e-02
-8.704996399999999921e-04
2.275473000000000079e-02
2.003063000000000066e-02
-4.115357199999999938e-02
-2.431982200000000136e-02
-5.336044399999999993e-03
3.658422699999999955e-03
9.944468999999999184e-03
-2.488225999999999979e-02
8.254295000000000382e-02
2.769335499999999936e-02
-1.145408500000000057e-03
4.604523600000000327e-02
-6.891361999999999488e-02
4.254909999999999942e-02
1.040764100000000046e-02
-2.799162999999999998e-02
2.784977900000000159e-02
-1.120639600000000041e-02
4.829700299999999807e-02
8.910958500000000504e-02
7.324706999999999746e-02
8.958407999999999302e-03
5.137337699999999785e-02
3.595173399999999908e-02
5.757488000000000189e-02
2.255693799999999860e-02
-1.715923700000000079e-02
1.141338400000000038e-02
-1.104665200000000055e-02
-2.636255300000000037e-02
-5.446270000000000278e-02
-5.984948999999999608e-04
4.588225399999999732e-03
8.024587999999999166e-03
-2.904978600000000105e-02
-3.232486500000000124e-02
-2.885327099999999978e-02
-3.148830700000000010e-02
4.180471599999999871e-02
-2.152315999999999951e-02
-1.182153100000000057e-03
3.595467000000000107e-02
4.060862600000000183e-02
-2.331338000000000160e-02
-1.340636400000000047e-02
-2.541694400000000034e-02
-1.154278499999999985e-02
3.315939400000000176e-02
-3.323492399999999902e-02
1.380042899999999947e-02
-6.781494199999999958e-03
-2.044418599999999961e-02
-8.860015999999999725e-02
-5.317122000000000081e-04
-6.030672799999999695e-02
-3.742737700000000126e-03
3.228149999999999770e-02
-1.003388199999999918e-02
-2.679963200000000031e-02
-5.713061000000000181e-03
6.734671000000000017e-04
-7.138985999999999943e-03
3.442059300000000020e-03
8.239673000000000136e-02
-1.940311700000000097e-02
2.363723500000000036e-03
-3.031610499999999944e-02
1.298097700000000031e-03
2.726304900000000100e-02
-6.246071000000000262e-02
