7.525207000000000424e-02
3.424316300000000007e-02
-7.279715999999999965e-02
-8.107770000000000254e-03
2.502235800000000149e-02
3.803241599999999945e-02
7.978487399999999521e-04
4.450443999999999928e-02
1.310611700000000046e-02
7.833434000000000230e-03
5.423779000000000100e-02
4.197063300000000025e-02
8.069517000000000009e-03
2.425905299999999917e-02
3.124088800000000138e-02
-1.543626199999999921e-02
-1.061487799999999947e-02
4.224316799999999761e-02
-3.387012999999999829e-02
-4.839551000000000269e-02
-5.165773299999999735e-02
1.390468599999999944e-02
4.268544500000000241e-02
-2.980891099999999870e-03
2.277652000000000149e-02
-1.151636150000000074e-02
6.444394600000000195e-03
-7.081213999999999564e-02
1.649448800000000159e-02
-5.990782399999999841e-02
2.221216999999999983e-02
2.311066200000000057e-02
2.558103600000000144e-02
-3.159619500000000053e-02
6.060183799999999815e-02
2.128464000000000050e-02
-2.208607599999999963e-02
-1.941180400000000125e-02
1.135001100000000013e-02
-8.010667600000000166e-02
-6.171711699999999669e-03
-5.633639999999999655e-03
-4.501868499999999752e-03
3.287791000000000324e-02
-3.011329000000000089e-02
-5.567903400000000225e-02
-3.411515999999999854e-02
-7.186549999999999883e-03
-2.381405799999999906e-02
3.589258699999999663e-02
8.280996000000000537e-03
3.924438699999999863e-02
-4.365929999999999811e-02
-1.433278099999999930e-02
-2.587609000000000090e-02
-6.406410999999999356e-02
1.678086300000000003e-02
-2.640670399999999959e-02
7.043665000000000342e-02
-5.963139600000000318e-02
9.478644499999999348e-03
-4.444244499999999709e-02
2.217265800000000134e-02
-7.825242999999999782e-02
2.625158000000000005e-02
-9.908722999999999836e-02
1.955337600000000078e-02
-3.062603600000000101e-04
-8.625607999999999886e-02
1.407462450000000059e-02
7.288595999999999617e-03
-1.557536049999999964e-02
2.524586000000000104e-03
-1.276934700000000034e-02
-1.645518099999999928e-02
6.499755000000000289e-03
-2.311705999999999830e-02
5.159312999999999573e-03
3.638678000000000051e-02
2.034778900000000154e-02
-3.570152000000000048e-02
-4.620645000000000308e-02
7.352753499999999803e-03
2.517311599999999885e-02
-4.743964600000000198e-02
3.308516999999999708e-02
1.183352300000000031e-02
-1.281856399999999974e-03
-2.032986100000000115e-02
7.905376000000000417e-03
1.550460999999999923e-01
3.215243699999999899e-02
1.072203000000000045e-02
1.125133700000000014e-02
6.263219999999999898e-02
-3.233894699999999983e-02
-9.130989999999999940e-02
-1.324995900000000004e-01
-6.378947799999999668e-03
2.903842599999999913e-02
3.544700300000000123e-03
-4.913154500000000043e-03
-4.106130000000000196e-02
1.000253949999999926e-02
3.568463799999999769e-02
1.819642600000000165e-02
-1.891598699999999869e-02
-6.662184000000000161e-02
-7.815172500000000522e-02
-1.379813600000000078e-02
7.621696599999999711e-02
3.013678100000000137e-03
4.700613399999999803e-02
-4.929355300000000384e-03
-2.768380599999999830e-02
-8.301060000000000730e-03
-3.221725300000000125e-02
1.958968700000000146e-02
7.291278499999999515e-04
-7.568217999999999820e-03
3.348579599999999823e-02
5.781667000000000056e-02
-3.096114999999999978e-02
5.946453000000000155e-02
4.691666700000000217e-02
3.234229700000000162e-03
-1.543736700000000045e-02
-1.426163199999999978e-02
-2.671083600000000169e-02
1.051696700000000033e-02
-2.503252999999999989e-03
-3.977259600000000034e-02
2.886522399999999836e-02
4.305378299999999825e-02
-2.007422999999999846e-02
-3.462705999999999857e-03
7.211465999999999710e-02
8.923791999999999836e-03
-2.259384099999999992e-02
4.218366999999999950e-02
-2.464072800000000063e-02
-2.209517199999999973e-02
-8.294933999999999641e-02
9.487980999999999498e-03
-4.092799999999999910e-02
-5.166854299999999733e-02
3.612879000000000090e-02
1.583295300000000030e-02
1.099846200000000052e-02
-3.289813500000000196e-02
-3.400276199999999888e-02
-1.298368400000000054e-02
2.038239500000000107e-02
-3.371153000000000344e-02
-2.303260799999999955e-02
3.333435600000000248e-02
1.605960500000000110e-02
-2.373515600000000031e-02
2.721410200000000043e-02
-3.830024199999999823e-02
1.402379100000000073e-02
-6.678079000000000653e-02
-1.640072799999999983e-02
6.777490999999999377e-02
-4.839867999999999948e-02
-4.399274300000000082e-02
-2.015250300000000216e-03
-4.523026000000000130e-02
-2.014705999999999789e-03
-3.359245999999999760e-02
-7.056827999999999712e-02
-5.868410699999999924e-02
-6.544092999999999438e-02
-6.707778999999999825e-02
1.306387900000000046e-02
2.068968499999999933e-02
-1.952909900000000115e-02
-3.871340300000000040e-02
-3.002626300000000095e-02
1.802168200000000067e-02
6.663370999999999877e-02
-4.002104699999999710e-02
1.113235500000000003e-02
-6.334565600000000019e-02
-4.644518700000000062e-03
1.193438399999999927e-02
6.560372999999999899e-02
5.316416999999999671e-02
3.566817600000000282e-02
4.669672600000000090e-02
1.725839800000000118e-02
-4.013336399999999776e-02
-7.028722700000000073e-03
2.991045999999999982e-02
1.095415500000000014e-02
9.122044999999999459e-02
5.473404700000000095e-03
6.616936500000000082e-03
1.733180299999999979e-02
-4.611901599999999879e-02
5.208883799999999842e-02
7.927625600000000328e-02
7.557854499999999871e-03
-1.817315799999999829e-02
-4.809785999999999923e-03
5.905899800000000144e-02
-7.177690999999999932e-03
-4.785454000000000097e-02
1.414671800000000083e-02
2.461157699999999907e-02
-3.288139799999999918e-02
-3.221358400000000344e-02
-1.450796499999999940e-02
-3.321462000000000026e-02
2.456468700000000172e-02
2.363279800000000000e-02
1.435508199999999991e-02
5.071507799999999677e-02
6.483366999999999603e-02
-3.335078999999999821e-02
6.561223400000000539e-02
4.068027800000000027e-02
-4.422597000000000333e-02
7.672682399999999903e-02
5.925858999999999467e-04
-8.735302999999999818e-03
-8.745719999999999883e-02
1.298514899999999965e-02
1.387353799999999950e-02
-7.252893600000000218e-02
-1.388172900000000064e-02
7.873455999999999164e-03
1.124060099999999937e-02
-1.640322400000000097e-02
-5.375101399999999974e-02
5.840559500000000112e-03
2.229613299999999923e-02
-3.086136700000000066e-02
-8.924331500000000361e-03
-2.237847999999999921e-02
3.301010000000000055e-03
1.585184599999999930e-02
-3.156219100000000072e-03
8.216252000000000277e-03
1.681944200000000042e-02
-3.785131500000000343e-02
6.537995500000000348e-02
4.432769500000000029e-02
-2.174840100000000054e-02
-7.167742000000000384e-03
-4.366146399999999705e-03
-1.598124600000000103e-02
-4.896005999999999969e-02
8.685224000000000069e-03
-2.314656000000000005e-02
2.677491699999999877e-02
2.025817699999999874e-02
2.419500800000000049e-02
2.979757599999999923e-02
4.277394999999999808e-02
5.737247300000000022e-02
-2.928899999999999906e-03
1.619898300000000013e-02
-3.447412700000000024e-02
-2.815827400000000050e-02
-5.527828600000000286e-02
-1.145843799999999961e-02
-2.347230399999999939e-02
1.550937299999999991e-02
-5.519293200000000010e-02
2.554145999999999847e-02
-4.500837299999999735e-02
-5.128093400000000024e-02
-1.431461600000000049e-02
-3.139426199999999917e-03
3.112821699999999969e-02
-2.582796500000000134e-02
3.375681500000000251e-02
-4.082786699999999686e-02
-4.587941000000000241e-02
5.092409999999999992e-02
6.939553700000000019e-03
-1.304589500000000006e-02
-3.607306999999999875e-02
1.630925800000000009e-02
-1.007253200000000036e-02
1.735729700000000070e-02
8.653291000000000455e-03
-4.857531299999999670e-03
-4.372555000000000192e-02
2.392649300000000007e-02
2.940647999999999873e-02
-1.972551000000000165e-02
-8.840531000000000084e-02
2.762475000000000000e-02
-4.087272400000000220e-04
4.125639799999999968e-02
5.236752699999999705e-02
-3.023534599999999975e-02
-2.351792700000000097e-02
1.869706999999999966e-02
2.211718999999999838e-02
-5.897997299999999804e-02
6.509602000000000444e-02
-4.038965299999999758e-02
2.477637300000000084e-02
-3.724552999999999892e-02
2.949645399999999834e-02
-9.558640999999999666e-03
1.486669300000000027e-02
4.816340700000000356e-03
5.844454000000000315e-02
-8.543995000000000409e-03
-1.060446900000000005e-02
-4.612792000000000281e-02
-3.773811500000000263e-02
-9.553303999999999963e-02
-1.025243200000000056e-02
1.029675600000000066e-02
4.001531400000000321e-02
2.250971499999999959e-02
1.299161650000000071e-02
-3.868698000000000276e-02
1.337011299999999944e-02
-1.500573300000000027e-02
-2.594614199999999843e-02
3.224827999999999723e-02
-2.761713999999999836e-02
5.103407799999999661e-02
1.252809400000000004e-02
3.331408599999999970e-02
-1.773886200000000107e-02
3.927398499999999737e-02
-3.682446999999999804e-02
1.859370399999999909e-02
-4.241226199999999918e-02
-5.837127000000000288e-02
-2.401870899999999920e-02
7.119601999999999875e-02
-9.715450999999999948e-03
7.779530199999999847e-03
9.927850999999999690e-03
4.663927999999999824e-02
2.897507699999999926e-03
1.009477699999999922e-02
-2.324640600000000071e-02
-6.184929200000000016e-02
-1.001414200000000018e-02
3.320754300000000082e-03
2.215312600000000085e-04
3.576504800000000067e-02
3.494170299999999757e-02
7.867829999999999269e-03
-2.147229599999999836e-02
-3.554632199999999912e-03
3.704012000000000276e-02
3.563833000000000278e-02
2.419281599999999893e-02
4.526093199999999678e-02
1.949010400000000115e-02
2.205471999999999988e-02
5.200613700000000089e-02
-2.252141699999999844e-03
4.676758000000000304e-02
6.046094999999999942e-02
3.182349699999999920e-02
4.084604599999999697e-02
4.760851700000000297e-02
-1.334297400000000050e-02
-4.397711499999999718e-02
5.830311700000000152e-03
2.776866799999999982e-02
2.231403800000000132e-02
-1.054379499999999990e-03
5.424216400000000243e-02
-3.825172799999999873e-02
-3.633834799999999948e-02
1.331800600000000029e-02
-2.239077399999999871e-02
-3.004802000000000167e-02
-1.570774399999999918e-02
-5.374393200000000120e-02
-3.437552600000000347e-02
1.274023799999999922e-02
-1.568864000000000022e-02
6.306016000000000399e-02
-6.243107500000000254e-02
1.132005699999999969e-02
-3.819328999999999780e-02
-2.981522500000000075e-02
-1.948925899999999836e-02
5.562976699999999664e-02
5.078186999999999632e-03
-2.057219999999999795e-03
-1.779184300000000163e-02
6.247256300000000179e-02
2.854575599999999852e-02
-1.970378999999999881e-02
-1.155933399999999923e-02
-1.904362799999999994e-02
3.862307200000000135e-02
-3.719332399999999983e-02
4.781795700000000121e-02
-5.121205699999999833e-02
2.981442000000000120e-02
-2.214231499999999922e-02
6.920680999999999361e-02
1.008681699999999966e-02
-6.456476999999999355e-02
4.491228600000000265e-02
2.165594399999999989e-03
-3.245493800000000262e-02
-1.512544899999999914e-02
8.912108999999999656e-03
-4.763962299999999900e-02
8.042218999999999757e-03
3.579342700000000266e-02
3.982422000000000219e-03
5.466132199999999830e-02
8.299612000000000656e-02
1.583870700000000048e-02
7.472493999999999664e-03
1.905103400000000141e-02
1.911298599999999848e-02
-1.610301999999999914e-02
-6.233987199999999756e-02
-1.763217900000000130e-02
-4.072954000000000158e-03
7.302287000000000187e-03
-2.288312799999999911e-02
3.063701799999999850e-02
1.323965900000000084e-02
-1.267773600000000021e-02
5.965653399999999718e-02
-1.844242000000000103e-02
3.850565499999999974e-02
3.910931200000000024e-02
-1.005733299999999990e-02
-2.999160799999999946e-02
3.474337599999999943e-02
3.814490499999999978e-02
1.685707300000000020e-02
7.231139999999999790e-02
-1.202358000000000073e-02
1.172207100000000014e-03
-3.017180200000000104e-02
1.118323899999999933e-02
1.122546900000000007e-02
-9.834003000000000449e-04
-1.227593499999999997e-02
-9.873143400000000105e-05
1.122912400000000005e-02
-2.161618499999999957e-02
-5.612643400000000282e-02
-5.279586499999999738e-02
7.153720399999999313e-02
-1.672111599999999984e-03
3.991482400000000152e-02
-3.966519000000000295e-02
-9.563551999999999470e-03
-6.979589999999999406e-02
-2.905180699999999894e-02
1.132201600000000072e-02
9.774740999999999985e-03
-2.130665799999999915e-02
2.040048300000000051e-02
-3.343371299999999685e-02
3.002142699999999984e-02
5.674633999999999928e-02
1.170644799999999951e-02
3.462122799999999695e-02
9.990301999999999516e-03
9.123868000000000256e-02
3.150380400000000330e-02
-2.269772000000000109e-02
-1.264008399999999935e-02
6.302279000000000041e-04
8.283370400000000106e-04
5.856509000000000194e-03
-8.931478499999999376e-03
-3.335001299999999780e-02
-2.353989500000000165e-02
-3.732130300000000012e-02
5.259873000000000326e-02
4.586967000000000128e-02
-2.883263499999999882e-02
3.802570999999999816e-03
3.621681600000000063e-03
-2.595888799999999941e-02
6.122388999999999783e-03
4.485716000000000009e-02
3.670839199999999941e-02
-2.002742000000000064e-02
-4.071422699999999867e-02
2.738982599999999906e-02
-2.953143999999999908e-02
5.344589000000000284e-02
-3.817811200000000016e-02
-4.912531700000000168e-02
7.753391599999999440e-02
7.224993400000000177e-02
4.387001299999999937e-02
-4.297060500000000199e-02
-2.722603999999999996e-02
-2.822927800000000001e-02
1.864027799999999971e-02
-6.682889000000000190e-02
3.925598700000000434e-03
2.064308299999999957e-02
2.368321500000000052e-02
9.213805999999999732e-03
-5.066629999999999745e-02
2.336574500000000026e-02
5.422279000000000335e-03
-5.589340300000000122e-02
-1.969428999999999971e-02
-1.235072400000000042e-02
5.537040499999999754e-03
-4.412936800000000215e-02
2.446647000000000058e-02
2.600600000000000134e-02
-4.118266999999999761e-02
-2.318015500000000090e-02
-1.644349800000000084e-02
-1.006940800000000061e-03
1.034851900000000047e-02
6.126060700000000164e-02
-7.836093000000000572e-03
1.545925249999999945e-02
3.256029699999999933e-03
7.793268000000000547e-05
5.789699799999999813e-02
2.077176799999999948e-02
3.723875000000000102e-02
2.888926300000000096e-03
3.822823200000000088e-02
7.165845999999999327e-02
1.806065999999999921e-02
4.092155000000000098e-02
2.064567800000000064e-02
4.116555000000000214e-02
4.783244999999999858e-02
-2.896839500000000182e-03
2.068040499999999893e-02
-7.164345600000000119e-03
3.957244399999999829e-02
1.536460899999999956e-02
4.334644199999999892e-02
-3.430301699999999815e-02
6.036733500000000113e-02
-4.893821000000000282e-02
-2.315601499999999854e-02
-6.135307999999999734e-02
-1.270281900000000061e-02
3.676349699999999915e-02
-3.297959999999999781e-02
3.705242000000000258e-02
-2.230612699999999851e-02
-1.609746600000000125e-02
9.105534000000000197e-03
2.882593300000000150e-02
-4.410913000000000334e-02
1.109470999999999895e-03
-2.802601299999999893e-02
-3.499108000000000079e-02
-1.973699799999999865e-02
-1.974894500000000039e-02
4.944126299999999918e-02
7.677236599999999814e-03
8.612922000000000286e-03
1.164395550000000071e-02
-2.804722299999999960e-02
4.641398000000000051e-02
-2.269191500000000000e-02
2.027267799999999884e-02
-2.180858899999999975e-02
-8.012286999999999881e-02
1.634417300000000003e-02
5.392568600000000045e-02
3.161772300000000036e-02
3.417407400000000046e-03
-2.069229399999999996e-02
2.395998499999999962e-02
1.157195999999999919e-02
-1.432708000000000072e-02
-1.852687600000000115e-02
2.487073100000000009e-02
-2.135776199999999889e-02
7.035076000000000350e-03
1.206323400000000080e-02
-2.232775000000000037e-02
3.170905599999999935e-02
1.554240699999999940e-02
-1.810838700000000009e-02
4.460725200000000001e-02
-2.298441299999999868e-02
-4.062346000000000013e-02
1.812725499999999837e-02
3.195082999999999951e-02
2.209098300000000153e-02
2.364751899999999879e-02
-1.664003999999999830e-02
4.612865700000000346e-02
-1.955358299999999938e-02
-1.561952999999999953e-02
-5.803200000000000025e-02
-5.275014000000000092e-02
-5.533981300000000159e-02
-2.873124999999999984e-02
2.125981600000000082e-02
-2.767038999999999783e-03
2.292709000000000066e-02
-4.933325200000000105e-02
-3.147202400000000122e-02
-9.055562000000000333e-02
1.155398599999999960e-03
-3.480870999999999965e-02
-3.394264699999999940e-02
2.105628099999999961e-02
7.273893000000000025e-03
2.090174300000000041e-02
1.744014400000000117e-02
8.737768999999999397e-03
-3.288758499999999696e-02
-2.900118999999999961e-02
-1.662727799999999968e-03
1.877076399999999881e-02
2.941390500000000061e-02
5.153928700000000307e-02
-7.010987000000000469e-02
-2.869270399999999943e-02
-1.991363399999999950e-02
7.553439000000000680e-02
-2.404619599999999885e-02
-5.611483999999999916e-02
-4.293894399999999972e-02
-2.234193500000000027e-02
1.933800199999999997e-02
2.163946599999999956e-02
-4.623259400000000359e-03
1.946827400000000069e-02
5.131825799999999854e-02
7.416799000000000308e-02
-5.951247300000000540e-04
-2.145652699999999954e-02
1.739020000000000149e-02
3.633150000000000268e-02
-7.823937000000000253e-02
1.427969100000000061e-02
3.702118199999999970e-02
-7.639628400000000007e-03
3.099560000000000162e-02
-3.185335499999999986e-02
1.681033900000000053e-02
-5.292956000000000050e-02
-1.557568500000000057e-02
1.003660299999999984e-02
-4.388613599999999920e-02
-5.554971300000000230e-03
-2.979218999999999964e-02
-1.194183600000000081e-02
-2.397655099999999873e-02
-1.016749200000000020e-02
2.738101199999999971e-02
-2.854297500000000168e-02
-3.626279799999999887e-03
-6.891665600000000669e-02
-2.130323800000000212e-03
4.680386299999999590e-03
-3.539019000000000192e-02
3.976139800000000335e-02
-1.400230400000000014e-02
2.223683300000000099e-02
2.442841800000000035e-02
-2.009940299999999833e-02
-1.465801299999999925e-02
3.129560499999999718e-02
4.880649599999999783e-02
-5.418142699999999728e-02
3.124867200000000164e-02
-8.531066000000000343e-03
3.365289999999999948e-02
1.986272600000000069e-02
-4.489879000000000092e-02
-2.366262499999999963e-02
-6.601127299999999705e-03
5.152515299999999715e-02
-2.627850300000000167e-02
-2.099728199999999906e-02
3.541334699999999780e-02
-1.139685200000000072e-02
-4.212963000000000124e-02
-3.125698999999999839e-02
4.365821599999999969e-02
-1.596796900000000026e-03
8.368321500000000523e-02
-4.085664499999999699e-02
8.075785000000000255e-03
-1.343596799999999952e-02
2.998135600000000067e-02
-4.739503600000000150e-02
-1.046507099999999940e-02
-3.004430199999999843e-02
-1.885024999999999895e-02
-2.339050000000000070e-03
-2.404068200000000072e-02
5.959252000000000299e-02
4.684303000000000078e-02
-4.020336999999999696e-03
8.651960000000000206e-03
-4.410774299999999787e-02
3.739474699999999902e-02
4.119211400000000189e-02
-3.650251000000000190e-02
2.395428200000000035e-02
2.530924400000000157e-02
2.777046199999999923e-02
7.078919999999999657e-02
5.224220499999999989e-02
-1.512869099999999967e-02
6.613612000000000657e-02
2.537943200000000038e-02
2.034578000000000081e-02
4.872681599999999918e-02
-5.072987000000000156e-03
2.938502800000000054e-02
-1.958962200000000098e-02
-2.630723500000000173e-02
-3.170465299999999931e-02
1.189579700000000092e-03
3.189258300000000212e-02
2.275372000000000158e-02
-1.254220200000000056e-02
-1.822746999999999909e-02
-7.919827500000000547e-03
-1.573667899999999994e-02
3.259282599999999835e-02
-4.204690999999999984e-02
-1.301502099999999988e-02
2.057881300000000135e-02
2.667471199999999973e-02
-4.460240000000000038e-02
-9.337353499999999362e-03
-4.210333499999999868e-02
-1.286109300000000052e-02
3.897785000000000138e-02
-3.421608999999999762e-02
6.307049999999999809e-03
-1.418495299999999971e-03
1.366049999999999947e-03
-8.025765999999999456e-02
-4.605310999999999953e-03
-4.267162000000000038e-02
3.204753600000000147e-02
2.479299299999999928e-02
1.753056200000000084e-03
-7.390591999999999648e-03
-1.243479200000000007e-02
2.597435600000000053e-02
-1.613869899999999941e-02
-1.036874300000000014e-04
8.718760000000000399e-02
-6.733603300000000000e-03
-2.270172999999999983e-02
-5.270020699999999891e-02
9.711795000000000497e-03
1.874485199999999935e-02
-6.748945999999999591e-03
