7.291019999999999446e-02
2.719342699999999918e-02
-6.744205000000000338e-02
-2.853652700000000163e-03
-5.358454300000000010e-03
5.691708999999999657e-02
3.984643999999999860e-03
5.786109999999999864e-02
-3.777664499999999759e-02
-9.773449999999999499e-03
4.818009200000000075e-02
7.764239600000000241e-02
2.261180000000000134e-02
1.381035199999999970e-02
3.407844499999999888e-02
-2.407025999999999957e-02
4.049059700000000317e-02
3.026659400000000083e-02
-2.441143999999999953e-02
-2.095864399999999936e-03
-2.665109400000000017e-02
1.060093200000000030e-04
-7.089827699999999740e-03
-1.512938699999999935e-02
-2.331092500000000057e-03
-3.670156399999999902e-02
9.365483000000000835e-03
-6.638247999999999371e-02
2.541964299999999871e-02
-8.644628499999999771e-02
5.118622300000000291e-02
2.877296299999999862e-02
4.476938400000000234e-02
-1.721970199999999993e-02
8.701385000000000369e-02
9.169484999999999789e-03
-2.809229500000000063e-03
1.325800799999999995e-02
4.533574700000000263e-02
-6.878075000000000161e-02
-5.164503000000000149e-02
-3.420943800000000173e-02
2.020145400000000063e-02
-7.732048000000000046e-03
-6.215650600000000026e-02
-5.085607999999999795e-02
-3.588949999999999779e-02
-2.296297599999999953e-02
7.921501999999999970e-04
4.255633799999999911e-02
1.437357350000000034e-02
-4.383708400000000185e-03
-3.288985999999999993e-02
1.816652300000000039e-02
-2.370026899999999950e-02
-4.495760000000000034e-02
-9.102999999999999980e-03
-3.101397900000000055e-02
6.628296999999999661e-02
-6.488486000000000253e-02
-1.367105100000000004e-02
-5.436738599999999672e-02
8.013446000000000458e-03
-3.837567199999999956e-02
2.934693400000000160e-02
-7.423040000000000194e-02
-1.353577000000000079e-02
-3.722774200000000117e-02
-7.361091000000000162e-02
1.320621100000000069e-02
1.003551700000000074e-02
2.688047000000000006e-02
-2.666316700000000151e-02
-9.049889999999999671e-03
1.049382800000000018e-02
-2.152709300000000148e-03
-2.326283800000000096e-02
-1.818426700000000049e-02
1.907222500000000168e-02
2.080403999999999934e-02
-3.490176400000000179e-02
-4.274998999999999813e-03
3.823291999999999663e-02
1.899972200000000014e-02
1.731786899999999962e-02
6.216966699999999790e-02
1.712325599999999989e-02
-2.615879800000000047e-02
-4.452644000000000046e-02
1.074856899999999948e-02
1.243463699999999977e-01
1.678837799999999963e-02
2.410272100000000056e-02
-4.711744000000000349e-03
6.474069999999999825e-02
2.665382600000000199e-03
-9.970370000000000621e-02
-7.202271000000000367e-02
-7.836987999999999593e-03
3.392282799999999775e-04
2.508284699999999839e-02
-1.757622699999999982e-02
-1.933267899999999845e-02
8.459295999999999829e-03
4.187900199999999851e-02
5.172704000000000408e-04
9.143448000000000200e-03
-7.475700000000000400e-02
-6.296538599999999819e-02
3.597921500000000189e-02
4.338854999999999795e-02
2.028111399999999939e-02
1.470109200000000067e-02
-1.248283799999999957e-02
3.069875499999999858e-03
-1.884608499999999853e-02
-5.819661999999999752e-03
2.427153699999999928e-02
-6.690477599999999914e-02
-1.680520400000000067e-02
2.401351700000000158e-02
2.521913099999999880e-02
-3.420846000000000303e-02
3.362244699999999975e-02
4.159024399999999844e-02
-1.830104699999999954e-03
2.043827999999999964e-02
-2.356445199999999962e-02
-3.368202000000000002e-02
1.129445899999999975e-02
4.077899499999999844e-02
-2.740746200000000049e-02
-4.248593000000000161e-03
2.568974200000000152e-02
-2.425688599999999834e-03
6.820135300000000275e-03
4.095101699999999928e-02
3.114320699999999914e-02
-2.866720499999999856e-03
3.794108000000000203e-02
-3.487817599999999685e-02
-9.897770999999999653e-03
-7.745701000000000669e-02
-5.444406500000000329e-03
-3.542617700000000314e-02
-7.089548599999999368e-02
-1.731397599999999828e-02
5.737691400000000108e-02
1.273343000000000044e-02
-1.578906000000000059e-02
-5.883420300000000158e-02
-2.447086599999999997e-03
5.767267000000000227e-02
-3.112902299999999872e-02
-4.666562400000000277e-02
3.604583000000000093e-02
4.314096299999999745e-02
-3.810525600000000141e-03
1.444421100000000020e-02
-2.156976600000000063e-02
4.460062000000000054e-02
-7.627923000000000342e-02
-3.102204800000000172e-03
4.124768000000000184e-02
-5.831026300000000107e-02
-4.333859999999999796e-02
3.397791600000000037e-03
-6.202016800000000052e-02
2.502408299999999905e-03
1.984584500000000085e-02
-5.232270399999999766e-02
-3.876343000000000150e-02
-3.778638000000000136e-02
-1.177807200000000054e-01
5.350216300000000189e-03
2.971024599999999918e-02
-1.052411999999999966e-02
-1.954950199999999985e-02
-4.868006700000000048e-02
-3.264993000000000062e-02
5.854505000000000126e-02
-5.009303999999999840e-02
1.239346700000000003e-02
-4.298067500000000291e-02
-1.170459499999999993e-02
8.217998000000000663e-03
2.062604200000000068e-02
4.548809699999999817e-02
-8.682772000000000059e-03
4.911477999999999677e-02
9.966304500000000219e-03
-3.573968999999999757e-02
-3.453356400000000270e-02
1.814336899999999947e-02
3.319190000000000335e-02
6.123194500000000290e-02
-9.672386999999999305e-03
-4.040427000000000081e-03
-1.006070600000000086e-02
-4.643063000000000051e-02
6.175724999999999965e-02
3.589679300000000323e-02
4.754863299999999987e-02
-1.552581299999999942e-02
-3.831926499999999992e-03
2.951147999999999966e-02
-3.424238999999999755e-02
-2.187669500000000156e-02
4.534053799999999967e-02
1.508187300000000085e-02
-9.217226999999999712e-03
-5.163400600000000312e-02
3.030732499999999954e-02
1.922810599999999828e-02
4.542923000000000100e-02
1.100837500000000080e-02
3.916123500000000257e-02
1.649007200000000145e-02
4.661286199999999796e-02
-3.450949500000000114e-02
5.373580399999999813e-02
-9.656664000000000567e-03
-6.737030299999999857e-04
5.975982500000000253e-02
-1.170627100000000073e-02
8.184731000000000645e-03
-4.524415700000000012e-02
3.830163600000000002e-02
1.428173949999999963e-02
-3.993914300000000334e-02
-1.153628100000000066e-02
1.173485900000000026e-02
-2.038306200000000040e-02
-1.577500800000000009e-02
-5.013650000000000051e-02
1.795776000000000067e-04
1.805132799999999843e-02
-4.830766000000000226e-02
-2.551980499999999957e-02
-4.525096600000000358e-03
1.361748899999999998e-02
4.363989499999999799e-02
-1.547409200000000006e-02
-2.406990499999999908e-02
2.676104400000000119e-02
-6.447738000000000080e-02
4.384741600000000017e-02
4.392792699999999856e-02
-5.088782699999999659e-02
2.073340900000000125e-02
-1.414856900000000016e-03
-7.602757299999999586e-03
-4.450882999999999923e-02
-1.184110900000000070e-02
-5.780806799999999718e-02
2.354258999999999866e-02
3.989093800000000078e-02
6.236469699999999672e-02
4.199750299999999918e-04
2.756003699999999904e-02
3.542809999999999709e-02
-2.605329500000000062e-02
1.492434649999999953e-02
-4.059481000000000200e-02
-5.988539999999999836e-02
-6.375590000000000424e-02
3.316132399999999984e-03
-1.715782299999999913e-02
1.230710900000000010e-02
-4.402663600000000094e-02
3.067811999999999970e-02
-4.016725000000000156e-02
-6.570443500000000547e-02
-2.094329699999999961e-02
-1.395086499999999979e-02
3.070606999999999850e-02
-1.077309299999999921e-02
4.663690000000000196e-02
-4.483824000000000143e-02
-5.175122599999999740e-02
2.761053999999999939e-02
-8.389357000000000064e-03
4.631729999999999701e-03
-8.726216000000000181e-03
1.138734899999999974e-02
1.112871099999999946e-02
-1.227394600000000086e-02
-2.989393699999999890e-02
-1.664126499999999884e-02
-4.261170999999999709e-02
4.782048199999999749e-02
2.978641400000000064e-02
-1.564578499999999886e-02
-6.322455999999999909e-02
1.688937100000000024e-02
1.399903499999999995e-02
4.444583500000000298e-02
4.319837700000000308e-02
-4.769145300000000171e-02
-3.604848000000000080e-02
1.516507800000000024e-02
2.494993400000000000e-02
-6.314653000000000627e-02
3.010089000000000167e-02
-1.101462450000000037e-02
1.677564000000000138e-02
-2.942426899999999942e-02
3.080106600000000194e-03
-2.561737000000000042e-02
1.152344050000000085e-02
1.435244400000000066e-02
3.914513800000000293e-02
-2.725602099999999833e-02
2.257323800000000154e-03
-5.559877700000000200e-02
-4.103301000000000170e-02
-1.087122999999999978e-01
-3.607526400000000272e-02
2.950329900000000019e-02
4.700226300000000246e-02
5.222325399999999673e-02
2.516446799999999887e-02
-5.219207600000000218e-03
1.646505700000000169e-02
4.723401399999999778e-02
-2.171328299999999989e-02
1.962973499999999885e-02
-6.536227000000000356e-03
3.377133200000000113e-02
1.244090100000000074e-02
-5.974284000000000278e-04
-1.999478199999999914e-02
2.901077499999999906e-02
-4.227041499999999868e-02
1.838641200000000128e-02
-3.273060500000000289e-02
-3.365498799999999679e-02
9.125339999999999147e-03
8.950764999999999416e-02
3.742416600000000176e-02
-1.907041300000000134e-02
2.841868300000000014e-02
5.145920400000000144e-02
-1.233974200000000077e-02
1.850546000000000135e-02
-3.711074000000000317e-02
-3.571475999999999817e-02
-2.748062299999999916e-02
4.485775000000000005e-03
3.034251199999999857e-02
2.950130000000000113e-02
4.677404000000000284e-02
-1.941750000000000073e-02
3.922058699999999773e-03
3.635585499999999942e-03
8.167998499999999662e-02
1.002059299999999951e-02
4.508816000000000213e-02
5.564167999999999892e-02
1.426563299999999979e-02
4.583796000000000224e-03
6.049004000000000186e-02
-1.302740299999999990e-02
5.202413699999999808e-02
6.655115999999999810e-02
1.240284600000000036e-02
4.737324300000000238e-02
3.495181700000000308e-02
7.917939000000000574e-03
-3.482961700000000022e-02
-2.595629400000000128e-02
2.353919299999999992e-02
2.530995000000000120e-02
1.129650400000000061e-02
3.654717700000000014e-02
-3.432987299999999686e-02
-2.680623000000000034e-02
-2.834671199999999830e-04
-3.377056500000000239e-02
5.271212399999999866e-04
-7.219631499999999962e-05
-3.034139799999999859e-02
-2.500007099999999871e-02
1.169082800000000033e-02
-2.906234200000000142e-02
2.212120199999999953e-02
-7.939923000000000120e-02
1.142840600000000033e-02
-2.745836999999999931e-02
-1.445368099999999947e-02
-1.500042099999999989e-02
2.862784599999999846e-02
2.494197999999999901e-02
1.949659200000000009e-02
-1.036700500000000032e-02
5.686286499999999855e-02
1.719000999999999949e-03
-1.689481400000000105e-02
1.169049299999999972e-02
-7.564184300000000374e-03
2.905202700000000110e-02
-8.608595000000000136e-03
3.787034700000000125e-03
-6.252847599999999950e-02
1.602095200000000150e-02
-4.593185000000000323e-02
9.183101999999999931e-02
-5.704660400000000423e-03
-6.629930000000000545e-02
5.813724499999999712e-02
-7.479378499999999805e-03
-4.808915300000000080e-03
-2.074668699999999977e-02
1.197317600000000030e-02
-4.193248200000000009e-02
-1.526563149999999973e-02
2.045956400000000061e-04
3.048342799999999991e-02
2.434124000000000010e-02
4.779941199999999946e-02
3.013312300000000124e-02
5.443185200000000279e-02
3.020894899999999883e-02
-3.309027000000000192e-04
-3.120050300000000183e-03
-3.658524999999999971e-02
-2.210488999999999857e-02
3.648781799999999825e-02
1.214919400000000031e-02
-4.074724799999999980e-02
3.527432300000000326e-02
2.960025600000000014e-03
-4.742504000000000164e-02
6.325052999999999925e-02
-2.943283299999999852e-02
3.854980000000000212e-02
6.761265499999999373e-02
7.773379000000000399e-03
-3.011704200000000012e-02
7.746646999999999561e-02
5.008925000000000183e-02
4.214099000000000317e-02
6.084434700000000001e-02
3.592689300000000141e-03
-5.945107300000000011e-02
-3.102694300000000127e-02
-8.443134999999999182e-03
-1.669420699999999910e-02
2.591939200000000203e-03
-1.272994199999999930e-02
2.215921200000000105e-03
-9.230141000000000734e-03
3.083848599999999829e-02
-3.639804199999999851e-02
-5.734661199999999820e-02
5.226411699999999882e-02
-3.464815699999999909e-04
1.308810149999999929e-02
-1.693248199999999870e-02
8.691040000000000570e-03
-7.952091000000000021e-02
3.128394499999999790e-03
1.666492600000000004e-02
1.690911999999999971e-02
-4.586474599999999791e-02
-1.121228200000000050e-02
-8.108785000000000298e-03
4.229469200000000179e-02
7.085880299999999798e-03
1.728716300000000122e-02
3.762611700000000059e-02
1.814877599999999841e-02
6.171599800000000108e-02
1.265582200000000060e-02
-4.096972200000000008e-02
-2.570505799999999938e-02
3.147217000000000070e-02
5.528910599999999932e-03
2.339699300000000134e-02
6.531155000000000294e-03
-1.815900200000000048e-02
2.285778899999999988e-02
-2.327136499999999872e-02
-2.973938599999999960e-03
1.914130899999999871e-02
-2.058103500000000100e-02
1.662269400000000036e-02
6.406937999999999522e-02
-2.658798700000000043e-02
1.338939700000000080e-02
1.442869100000000043e-02
5.553971000000000428e-04
5.646227000000000190e-03
-3.306031200000000142e-03
4.880397000000000207e-02
4.551445599999999654e-03
5.587210499999999830e-02
-4.110729300000000308e-02
-8.318420499999999718e-02
6.357706999999999942e-02
6.084048999999999707e-02
2.112454500000000152e-02
-6.281185000000000240e-02
-3.247681300000000021e-02
-9.067903000000000421e-03
9.233246999999999982e-03
-6.861801400000000495e-02
-2.994670699999999949e-02
4.488212999999999925e-02
8.900763500000000508e-03
-3.392578499999999997e-04
-4.455233399999999899e-02
8.447345000000000201e-03
2.077459399999999953e-03
-3.901526999999999773e-02
-2.245515199999999906e-02
-2.970555399999999860e-02
1.407822599999999924e-02
-4.326074600000000270e-02
3.302000000000000074e-02
5.325781600000000122e-03
-2.396299500000000082e-02
-5.323058500000000040e-03
-3.222460700000000233e-02
1.059351799999999968e-02
1.220045200000000052e-02
3.458121000000000111e-02
-1.025649900000000052e-02
1.847805599999999965e-02
-1.044231099999999937e-04
1.017240699999999963e-02
8.678573000000000537e-02
2.554392299999999963e-02
4.365192400000000167e-02
2.009606200000000134e-02
3.023435199999999906e-02
4.545686000000000171e-02
-2.806199300000000035e-02
5.996740200000000298e-02
1.066061500000000002e-02
5.124779799999999719e-02
4.424186000000000091e-02
2.248712300000000122e-02
1.027243499999999990e-02
6.700688999999999951e-02
6.151336799999999883e-02
2.627241000000000212e-04
5.143076600000000276e-02
-4.804498000000000102e-02
5.861173000000000077e-02
-5.480024199999999901e-02
-3.421762600000000099e-02
-3.970317999999999764e-02
-1.592427999999999899e-02
2.144147000000000067e-02
-2.581804799999999969e-02
3.174415600000000254e-02
-3.936862599999999685e-02
-2.919491600000000131e-02
-3.746461799999999814e-03
3.244966299999999665e-02
-4.502951000000000176e-02
-1.032101399999999988e-02
-1.853480199999999953e-02
-2.321481300000000081e-02
-1.992953999999999906e-02
-3.179868999999999751e-02
4.710989399999999938e-02
9.254623999999999490e-03
-1.186756100000000000e-03
-3.113572699999999846e-02
-4.046070999999999696e-02
2.410977499999999996e-02
-2.832332599999999936e-02
8.043466000000000504e-02
-1.207261800000000024e-02
-6.492142400000000535e-02
2.162460999999999897e-02
1.404847199999999935e-02
3.058462199999999881e-02
-1.186956100000000069e-02
-1.484864099999999923e-02
3.949079300000000320e-02
3.655578000000000299e-02
1.376185100000000029e-02
-2.944953200000000049e-02
2.969290499999999861e-02
-4.028861599999999932e-02
9.361548599999999472e-04
8.072223999999999372e-03
1.038239399999999965e-02
6.563068000000000027e-03
2.152458800000000075e-02
-3.963596999999999954e-02
2.924824300000000016e-02
-1.521046900000000077e-02
-5.586027400000000143e-02
2.324882500000000074e-02
3.258075600000000238e-02
2.836032799999999889e-03
2.224562700000000046e-02
-6.012499300000000158e-02
3.125003999999999976e-02
1.665709500000000023e-02
-4.594670199999999899e-02
-3.574241000000000223e-02
-4.692150700000000119e-02
-5.972149000000000207e-02
-2.447685399999999928e-02
2.153180400000000161e-02
3.717563299999999786e-03
6.071727400000000163e-02
-5.689501799999999859e-02
-3.770995500000000333e-02
-6.851197000000000537e-02
-2.404214299999999846e-02
-4.277852599999999728e-02
-4.958424000000000165e-02
-1.513237499999999999e-02
7.460987999999999995e-03
2.223691700000000101e-03
2.641026600000000082e-03
1.987365599999999996e-02
-5.012710499999999819e-04
-6.136994800000000055e-02
1.783560000000000006e-03
3.190106999999999665e-02
-1.634474099999999944e-02
7.804479999999999751e-02
-3.322742000000000057e-02
-3.037401099999999937e-02
1.362904300000000041e-02
8.326564000000000187e-02
-4.136130600000000046e-02
-5.325683600000000184e-02
-6.152238299999999993e-02
-5.744008700000000078e-02
2.096927200000000061e-02
1.787277300000000152e-02
-1.386019099999999914e-02
1.531535900000000061e-02
6.990053000000000238e-02
7.518650600000000017e-02
-7.332832000000000065e-03
-2.342334000000000083e-02
-2.133743000000000098e-02
-4.673501000000000044e-03
-4.570625700000000013e-02
9.980062000000000603e-06
1.031016000000000050e-02
-3.842635500000000232e-02
5.052446599999999705e-02
-4.164542300000000086e-02
2.105471299999999921e-02
-3.006170299999999865e-02
-2.188912200000000044e-02
-1.298167899999999901e-03
-3.443694499999999659e-02
-1.520557399999999948e-02
-4.143744299999999742e-02
2.295707500000000040e-02
-4.408708199999999966e-02
1.846013599999999852e-02
1.823116699999999951e-02
-1.879154499999999978e-02
-9.741786599999999879e-04
-6.654481600000000663e-02
-1.368338499999999930e-02
-1.917059200000000019e-02
-5.345850399999999697e-02
2.792285799999999832e-02
-2.500336800000000151e-02
-1.395964700000000037e-02
2.526539599999999899e-02
4.083111000000000379e-03
-1.052731200000000047e-02
8.552851000000000203e-03
2.552054399999999917e-02
-5.772558600000000234e-02
1.055341400000000054e-02
4.188734699999999839e-02
2.995764999999999886e-02
1.464341899999999953e-02
-4.770958399999999933e-02
1.698683800000000063e-02
-1.181597900000000076e-02
4.757114500000000218e-02
-2.067841200000000018e-02
-8.501786000000000759e-03
1.490965300000000014e-02
-1.236005800000000016e-02
-7.069345600000000174e-02
-3.905561999999999923e-02
2.241054500000000047e-02
1.625947499999999893e-02
7.097546000000000410e-02
-3.460448599999999680e-02
4.110539700000000185e-02
-5.239185000000000370e-03
-2.133907500000000162e-03
-9.720545000000000574e-03
-1.709964300000000118e-02
-2.258371199999999884e-02
-3.267406700000000108e-02
1.205894899999999936e-02
-2.902559199999999937e-02
7.493052999999999519e-02
5.571423500000000084e-02
2.697334899999999890e-03
3.826640500000000333e-02
-1.027341100000000035e-01
1.599025199999999994e-02
3.149096299999999682e-02
4.581265600000000368e-03
-1.324790300000000011e-02
1.605218599999999954e-02
4.348947000000000229e-02
3.084271200000000129e-02
4.048900700000000047e-02
-7.288786600000000428e-03
3.416956200000000055e-02
1.526828900000000086e-02
3.640496399999999799e-02
6.908991000000000438e-02
-4.921114999999999995e-04
3.466344999999999843e-02
-3.425869000000000136e-02
1.323482900000000004e-02
-6.345036599999999416e-02
8.432112999999999761e-03
-4.019493199999999919e-03
-9.310759999999999523e-03
-4.122794999999999932e-02
-2.669207999999999997e-02
-1.370132500000000031e-02
1.700527400000000078e-02
1.576016100000000170e-02
-1.806583999999999968e-02
-2.129018300000000072e-02
4.628770399999999896e-02
2.722961999999999952e-02
-1.120175799999999916e-02
5.393963000000000316e-04
-3.198949999999999710e-02
-3.113237199999999844e-02
4.149896299999999982e-02
-2.945857099999999937e-02
2.249967099999999887e-02
-1.296092800000000003e-02
-2.001327300000000156e-02
-5.256501000000000229e-02
1.896737500000000159e-02
-1.052257600000000050e-02
1.611488100000000104e-02
5.269704800000000328e-02
-3.782851399999999972e-03
-5.099607600000000129e-02
-1.065492699999999980e-02
-9.380743000000000414e-03
-1.043219599999999948e-02
1.754966999999999985e-02
1.111551300000000048e-01
-1.241183600000000074e-02
-9.494855999999999435e-03
-4.238183999999999702e-02
2.288211000000000064e-02
3.043759600000000079e-02
-3.015698699999999968e-02
