6.469203499999999496e-02
4.140698000000000295e-02
-6.125855399999999978e-02
6.919482299999999905e-03
2.624368700000000165e-02
4.050056600000000173e-02
1.957738599999999871e-02
8.969286999999999399e-03
2.498877199999999937e-02
-1.952073500000000086e-03
3.093506999999999854e-02
5.205841399999999730e-02
4.224590599999999974e-02
4.696363600000000305e-02
6.276047300000000412e-03
-1.507673200000000067e-02
3.077047299999999957e-02
2.387258000000000088e-02
-2.378388500000000114e-02
-2.472338500000000050e-02
-3.091219300000000100e-02
3.222042700000000287e-02
9.204373999999999542e-03
1.215018900000000047e-02
1.459742099999999931e-02
-3.814454400000000245e-02
-2.487297700000000097e-02
-5.599004400000000270e-02
1.669633200000000123e-02
-8.755728599999999806e-02
3.676522499999999860e-02
7.358622600000000458e-02
2.718122300000000088e-02
-2.091996200000000028e-02
5.267271999999999926e-02
2.080602999999999966e-02
5.466704299999999850e-03
-2.768865400000000004e-02
1.357846899999999926e-02
-6.751253000000000115e-02
-1.650497100000000023e-02
-6.100295000000000023e-02
8.134359500000000465e-03
1.596770800000000060e-02
-9.113749000000000849e-03
-5.230997500000000161e-02
-1.549003300000000027e-02
-2.113380499999999856e-02
-3.372821200000000047e-02
2.404299199999999914e-02
3.131906999999999747e-02
2.901805999999999830e-02
-2.834427000000000127e-02
-1.151992299999999962e-02
-4.225353999999999915e-02
-6.042510000000000242e-02
-8.556015699999999953e-04
-7.236894699999999597e-03
9.607933999999999919e-02
-1.090601899999999944e-02
-3.695699399999999909e-03
-2.757723399999999908e-02
-2.524568000000000038e-03
-4.625330999999999887e-02
-4.474328399999999775e-03
-6.512676000000000576e-02
1.521035599999999953e-02
-1.402490600000000018e-02
-8.247577000000000380e-02
2.399906499999999998e-02
-1.076679600000000035e-02
-7.456413500000000014e-03
-2.047498500000000110e-02
1.843674500000000091e-02
-1.678560999999999942e-02
2.949178400000000005e-02
-2.346926699999999852e-02
1.352647300000000066e-02
2.815882700000000086e-02
3.125829700000000238e-04
-6.164789999999999853e-02
-2.114518699999999932e-02
1.989903999999999978e-02
1.158018199999999963e-02
1.907943700000000117e-02
4.721232999999999680e-02
2.669239400000000123e-02
-2.649626299999999907e-02
-3.461282699999999879e-02
-2.029371300000000142e-02
9.452298000000000644e-02
2.719742199999999888e-02
2.128771700000000114e-02
1.308733699999999923e-02
3.842836000000000168e-02
-3.879765400000000086e-02
-6.908451000000000175e-02
-1.043040300000000059e-01
-1.595058300000000082e-02
2.534472800000000040e-02
-1.039227499999999943e-02
1.303179749999999922e-02
-4.761171000000000153e-02
-8.547917000000000362e-03
3.151782000000000195e-02
-9.194805999999999813e-03
-7.700493600000000299e-03
-6.422453999999999663e-02
-8.334713000000000538e-02
-3.349391000000000174e-03
5.766413000000000094e-02
1.378880799999999962e-02
5.259886999999999896e-02
1.669811499999999949e-02
-3.884976700000000033e-02
2.182988300000000131e-02
-3.360122399999999898e-02
3.428156699999999890e-02
-2.281721700000000075e-02
-4.420064999999999932e-03
4.125919000000000114e-02
8.752466999999999886e-02
-1.901998200000000125e-02
9.407970000000000221e-02
5.732767700000000050e-02
1.793238100000000071e-02
1.880417399999999989e-02
-3.560739400000000054e-02
-2.178098800000000113e-02
-2.006078100000000149e-03
2.686521999999999868e-02
-7.383418699999999904e-03
3.970024999999999943e-02
3.236771000000000093e-02
-2.380865399999999854e-02
-2.824168399999999867e-03
5.715621299999999738e-02
-1.714194200000000029e-02
2.408570200000000050e-02
4.560440999999999800e-02
-1.206454300000000049e-02
-3.982714999999999866e-02
-7.916149499999999839e-02
3.071776999999999841e-02
-1.060508500000000021e-02
-3.670779200000000297e-02
4.105799599999999938e-02
2.777416799999999839e-02
2.482859800000000033e-02
-2.059698999999999905e-02
-3.026387999999999995e-02
2.984561800000000084e-02
2.200483199999999848e-02
-2.313110399999999955e-02
-3.286770700000000295e-02
4.417514799999999742e-02
1.151000400000000076e-02
1.124225199999999945e-02
1.565514299999999984e-02
-1.184133199999999955e-02
2.324418500000000054e-02
-6.048735999999999696e-02
-7.928499999999999784e-03
8.540301000000000142e-02
-3.319680700000000179e-02
-2.153020699999999912e-02
-3.136152799999999963e-02
-2.164502600000000124e-02
1.006879200000000002e-02
-3.919025000000000286e-02
-3.762756999999999907e-02
-4.364387699999999759e-02
-4.755266799999999933e-02
-7.613425999999999527e-02
-1.769057500000000005e-02
8.020694000000000087e-03
-1.175672699999999980e-02
-3.666109599999999719e-02
-5.023117400000000343e-02
-2.974640799999999849e-02
4.620303600000000288e-02
-3.170418700000000173e-02
1.979004200000000074e-02
-3.605126200000000058e-02
-2.958456199999999828e-02
-2.153315399999999880e-02
3.252054399999999845e-02
1.977675599999999950e-02
-2.015268200000000162e-02
5.233685300000000262e-02
-3.260612500000000143e-03
-1.723285600000000126e-02
3.177516999999999928e-03
2.888478499999999963e-02
3.519065400000000177e-03
6.229494000000000004e-02
1.644194100000000158e-02
4.920529699999999680e-03
1.445702199999999993e-02
-5.536398700000000339e-02
4.238908400000000049e-02
5.308129000000000319e-02
1.603351899999999955e-02
-2.816662799999999911e-02
-1.324803299999999934e-03
3.696999299999999961e-02
4.257730299999999793e-05
-3.637272999999999895e-02
1.787579999999999985e-03
5.091807599999999961e-02
-3.011296899999999985e-02
-5.581817800000000301e-02
-1.932695300000000088e-02
-3.121732699999999958e-02
3.124598799999999885e-02
1.462494100000000068e-02
5.192098400000000336e-02
2.573274299999999890e-02
5.867433500000000107e-02
-7.258939999999999837e-02
3.251073000000000157e-02
1.030961799999999956e-02
-2.162648199999999896e-02
6.952115999999999851e-02
-3.584796600000000194e-02
-9.923791499999999252e-03
-8.946274999999999367e-02
-2.195238600000000168e-03
3.300912000000000030e-03
-7.053845400000000043e-02
-2.573945399999999842e-02
2.548384000000000066e-02
3.411358499999999922e-03
-5.349291499999999679e-03
-1.097541999999999962e-02
4.831966000000000039e-02
-1.527179000000000036e-03
-5.689965000000000300e-02
1.887974300000000091e-02
-3.369395800000000302e-02
-1.101241700000000004e-02
2.070571900000000090e-02
-1.070794899999999959e-02
-7.809752599999999871e-03
4.756893000000000232e-02
-5.963394799999999912e-02
4.983644999999999742e-02
4.433847500000000046e-03
3.072623599999999792e-03
4.043542599999999654e-02
-3.792191600000000083e-03
-2.142156699999999900e-02
-2.883983400000000169e-02
2.997153600000000001e-02
-6.532838000000000533e-02
4.136651400000000006e-02
-3.612287699999999768e-02
4.192628699999999958e-02
-6.629928000000000210e-03
2.917015699999999864e-02
3.958958399999999711e-02
-4.191976000000000036e-03
2.585428000000000032e-02
-3.150995000000000185e-02
-2.827989100000000144e-02
-6.844556000000000251e-02
-6.078497999999999887e-04
-5.409586000000000082e-03
6.906306000000000077e-03
-4.755120000000000180e-02
4.712305600000000344e-02
-4.606503599999999671e-02
-3.665018500000000179e-02
1.831349799999999967e-03
-3.441276800000000330e-02
3.127868000000000315e-02
-2.127913799999999953e-02
1.198153400000000028e-02
-4.480263000000000301e-02
-1.559262349999999964e-02
2.566467000000000054e-02
5.840686000000000315e-03
1.095812500000000085e-02
-2.188377999999999851e-02
1.393341199999999919e-02
2.115404699999999787e-03
2.918416299999999908e-02
-1.593745699999999862e-02
9.262321500000000180e-03
-5.795341999999999855e-02
2.722808200000000067e-02
5.217767499999999975e-02
-4.501527000000000306e-02
-5.213855199999999773e-02
1.848154700000000095e-02
2.236897499999999928e-02
4.593178600000000222e-02
4.706068699999999688e-02
-1.542784200000000064e-02
-2.398390699999999875e-02
2.474005300000000143e-02
4.827130999999999783e-02
-7.912470400000000403e-02
6.465152000000000398e-02
-5.818146999999999902e-02
1.023802499999999956e-02
-1.848029899999999864e-02
3.825987499999999875e-02
-1.280326399999999996e-02
-2.210601400000000022e-02
1.261866300000000045e-02
1.597600399999999851e-02
-1.087249700000000006e-02
-4.090606399999999893e-02
-5.750635600000000153e-02
-2.814566900000000163e-02
-1.207226740000000020e-01
4.430403500000000029e-03
4.039410499999999959e-02
5.712637999999999744e-02
2.437544800000000095e-02
-2.046908999999999881e-02
-8.299734000000000278e-02
-2.369340299999999830e-02
4.918024299999999849e-02
-1.403283399999999924e-02
2.705086400000000085e-02
-4.442610200000000203e-02
6.219888999999999973e-02
2.935675000000000090e-02
1.732724500000000153e-02
-1.352880100000000002e-02
1.937441999999999984e-02
-3.225026000000000281e-02
1.662273100000000170e-02
1.296220900000000058e-02
-6.100157300000000338e-02
7.389199499999999678e-03
6.512930999999999582e-02
-1.289306900000000006e-02
1.605461399999999830e-02
-3.656028999999999876e-03
4.337569299999999989e-02
1.349707799999999916e-02
-3.495660600000000031e-03
-2.593799499999999841e-02
-4.179804000000000158e-02
-2.989804999999999893e-02
-7.301343000000000069e-03
-9.508729999999999960e-03
4.100017000000000245e-02
5.813569200000000270e-02
2.449605200000000080e-02
-4.831025400000000213e-03
2.106574199999999841e-02
4.927991300000000158e-02
5.878368800000000061e-02
3.647344999999999754e-02
5.518224000000000046e-02
1.586428000000000144e-02
4.687643799999999944e-02
4.167525500000000133e-02
2.114664000000000127e-02
3.984845399999999843e-02
6.445104000000000111e-02
2.470246900000000120e-02
3.391323999999999728e-02
6.088170799999999966e-02
1.385834099999999972e-02
-1.519051299999999924e-02
-1.063556199999999945e-02
2.833066299999999899e-02
2.202549000000000173e-02
-4.048953299999999769e-03
1.750735999999999959e-02
-7.653989999999999405e-02
-1.008520499999999986e-02
1.799020000000000133e-02
-2.451557700000000020e-02
-4.977516999999999879e-03
-1.705915900000000082e-02
-2.409924000000000094e-02
-3.638886300000000046e-02
1.054857799999999943e-02
-1.268562399999999951e-02
5.691060399999999658e-02
-1.108944040000000020e-01
-3.574373699999999852e-03
-3.322701000000000127e-02
-1.754793300000000167e-02
-1.065467699999999955e-02
6.134274599999999661e-02
-2.648995000000000169e-02
-1.073623299999999954e-02
-4.066724000000000033e-02
4.573112000000000010e-02
5.284263200000000049e-02
2.925416600000000159e-02
6.267125000000000126e-03
-3.925159000000000113e-03
5.359435000000000067e-03
-4.418771300000000346e-02
5.923492000000000340e-02
-5.604903800000000241e-02
3.665357000000000337e-02
-2.381775699999999843e-02
9.297313499999999842e-02
-1.589188500000000143e-02
-5.221031200000000178e-02
5.987870299999999840e-02
-5.408465000000000321e-03
-3.846234500000000195e-02
-2.149676400000000078e-04
1.366142499999999961e-02
-3.909895000000000037e-02
-3.716091800000000112e-02
6.184069799999999950e-02
1.566849299999999862e-02
4.965004700000000271e-02
7.138173999999999908e-02
3.577198499999999920e-02
3.259655000000000191e-02
3.313178600000000334e-02
9.511426999999999382e-03
6.685974499999999647e-03
-6.454386600000000529e-02
-5.842242999999999568e-03
-4.420578500000000265e-03
-2.072250800000000059e-02
-6.469861000000000362e-03
5.517400000000000082e-02
2.586602600000000030e-02
1.696539099999999980e-02
5.869160200000000244e-02
-1.853853299999999940e-02
3.257557400000000297e-02
3.097743400000000161e-02
-4.737535500000000094e-02
-1.747970500000000163e-02
5.316159000000000162e-02
2.746898999999999869e-02
1.997042799999999840e-02
6.061009700000000167e-02
-1.070234200000000011e-02
2.042332000000000002e-03
2.825133000000000158e-02
-3.029078799999999905e-02
1.884181799999999976e-02
8.773645999999999529e-03
8.718771000000000160e-03
6.031682699999999821e-03
-4.678859800000000112e-04
-1.585858899999999932e-02
-5.781619300000000183e-02
-8.866383999999999377e-02
4.627612200000000287e-02
1.820108900000000059e-03
3.146127600000000329e-02
-2.785051200000000088e-02
-2.351411399999999915e-02
-4.395524800000000232e-02
-7.754508400000000370e-03
1.060553550000000074e-02
3.548741300000000237e-02
-5.766764300000000280e-03
-1.008905099999999992e-02
-3.136091700000000204e-02
3.310017299999999663e-02
-8.096607999999999930e-03
4.360142699999999816e-02
4.478928399999999865e-02
-3.546364999999999782e-04
1.271336100000000080e-01
5.547597000000000005e-05
-1.505644100000000027e-03
6.254069499999999858e-03
2.426514800000000027e-02
2.971798999999999968e-02
-3.124931800000000162e-02
-2.877746999999999944e-03
-2.628141999999999978e-02
5.664621000000000055e-05
-3.697127000000000052e-02
2.814948000000000103e-02
2.273860800000000043e-02
-2.388498299999999852e-03
-1.513148800000000023e-02
1.717034400000000058e-02
-5.437218399999999702e-02
-2.041707599999999928e-02
3.456410399999999827e-02
-2.736827800000000109e-03
-3.046535699999999847e-02
-1.794222399999999967e-02
1.496148800000000022e-02
-1.890466199999999916e-02
8.275564000000000531e-02
-2.282620999999999956e-02
-1.444962900000000029e-02
3.796990199999999982e-02
5.002140000000000059e-02
5.111921199999999721e-02
-6.803107999999999378e-02
-5.361134699999999843e-03
-5.381512000000000101e-02
3.064228999999999911e-02
-7.049626000000000503e-02
1.292051299999999979e-02
6.854311000000000431e-02
-1.668647400000000018e-03
-1.676128600000000024e-02
-4.955733600000000044e-02
5.144060000000000299e-02
1.308349400000000020e-03
-2.426837800000000017e-02
-4.908684299999999806e-02
2.022208500000000075e-02
1.442779599999999968e-02
-1.732264000000000026e-02
2.584380000000000011e-02
-1.239216500000000012e-02
-3.145767700000000333e-02
-2.262605700000000150e-02
-3.592778999999999938e-03
7.730942999999999669e-03
2.679730599999999990e-02
6.582494999999999319e-02
-3.679249400000000197e-02
3.445847999999999967e-02
2.559824700000000106e-02
-8.437004999999999158e-03
5.936041000000000234e-02
1.328180999999999980e-02
4.373514700000000199e-02
2.690138099999999852e-02
5.060514800000000257e-02
5.060374699999999754e-02
1.010774449999999984e-02
6.619821500000000469e-02
1.479461999999999965e-02
5.634904699999999933e-02
3.777548000000000017e-02
1.141399499999999970e-02
5.349003000000000091e-02
2.444500800000000071e-02
4.377264499999999892e-02
9.464942999999999967e-03
5.740375000000000338e-02
-2.047817600000000071e-02
5.778384200000000193e-02
-4.462294000000000330e-03
-4.849601500000000343e-02
8.146660000000000013e-03
-2.144811699999999918e-02
1.024762799999999995e-02
1.857422300000000006e-04
4.904176300000000210e-02
-4.098458199999999857e-02
-1.865751100000000162e-02
-1.725837599999999888e-02
3.206030299999999833e-02
-5.575378200000000173e-02
1.180144900000000031e-02
-1.613473899999999864e-02
-3.330728000000000161e-02
-2.213157300000000161e-02
-2.877917399999999938e-03
1.998688699999999832e-02
1.115872499999999955e-02
1.220881400000000012e-02
1.566068500000000058e-02
-1.994972500000000148e-02
3.873878000000000044e-02
-2.410974499999999840e-02
1.927420499999999912e-02
-1.135014649999999993e-02
-6.432880500000000279e-02
1.706546399999999894e-02
3.182141499999999873e-02
7.288661299999999767e-03
-3.898844800000000107e-03
-2.486913500000000055e-02
4.803117400000000287e-02
3.918074400000000346e-02
4.266920500000000172e-03
-3.245058700000000296e-02
-7.897490999999999539e-03
-2.958360499999999893e-02
8.491098000000000742e-03
-8.957035000000000344e-03
-1.566350500000000118e-02
-1.441903999999999875e-04
-5.827244399999999790e-03
-1.427796899999999973e-02
3.361310399999999782e-02
-3.326673399999999919e-02
-2.733531800000000081e-02
1.235014299999999919e-02
5.845697600000000077e-02
2.038611999999999922e-04
3.028172399999999945e-02
-3.791758800000000207e-02
4.783719799999999744e-02
-1.647119999999999834e-02
4.623596299999999993e-04
-5.220710499999999671e-02
-3.960525000000000156e-02
-7.833249999999999935e-02
-1.968565599999999929e-02
4.601819000000000048e-02
7.577556699999999854e-03
4.772150499999999740e-02
-3.121971700000000099e-02
-4.359008699999999958e-02
-4.660506500000000107e-02
-1.328057600000000053e-02
-3.268775299999999995e-02
-3.644003999999999993e-02
7.719896700000000202e-03
2.989421199999999987e-02
1.936476499999999906e-02
4.424486700000000022e-02
2.750609399999999830e-02
-2.182780800000000063e-02
-3.279408999999999796e-02
-1.741711199999999848e-02
4.008894999999999820e-02
-9.247448000000000126e-03
3.529671999999999671e-02
-7.247444000000000108e-02
-8.700960000000000638e-03
1.487481199999999941e-02
6.518765999999999450e-02
-3.857198399999999666e-02
-4.572469700000000165e-02
-5.348088200000000042e-02
-6.085054000000000331e-03
1.662820599999999954e-02
1.605131799999999845e-02
-1.875504700000000038e-02
3.652813700000000219e-02
4.830922199999999889e-02
6.489944999999999742e-02
-2.276716000000000156e-02
-2.275849500000000011e-02
-5.119645200000000340e-02
5.705366499999999647e-04
-4.747026000000000023e-02
-2.094780000000000079e-03
6.429327999999999432e-02
-1.007601500000000067e-02
4.240870499999999793e-02
-4.289759299999999775e-02
2.816563299999999895e-02
-3.884317699999999957e-02
-6.263100699999999766e-04
6.534707699999999647e-03
-3.887746999999999731e-02
-1.648004700000000114e-02
-1.297870299999999942e-02
1.658625999999999850e-02
-1.609994699999999987e-02
2.154654500000000028e-02
3.614921000000000106e-02
-2.587533400000000179e-04
1.004800399999999927e-02
-5.928281299999999671e-02
7.260171999999999633e-03
-2.785031999999999786e-03
-2.661620599999999989e-02
-1.399137900000000040e-03
-1.550925899999999920e-02
-1.041740499999999937e-02
8.536406999999999329e-03
3.018767400000000115e-02
-1.591671399999999847e-02
1.007244099999999969e-02
2.143087000000000117e-02
-3.693554000000000281e-02
5.527807000000000033e-03
-2.856360700000000127e-02
1.020197699999999923e-02
2.563922999999999897e-02
-1.507880099999999932e-02
-5.580328399999999987e-03
-4.096282600000000079e-02
5.398527000000000187e-02
-5.957672399999999931e-03
-6.679670399999999668e-03
1.197788399999999941e-02
-3.260588699999999833e-03
-6.060195000000000165e-02
-1.707616299999999837e-02
6.195612300000000183e-02
3.086876499999999940e-02
8.122959000000000429e-02
-2.343801800000000143e-02
3.969862000000000217e-03
2.602956000000000020e-02
2.401059900000000052e-02
-1.355535350000000062e-02
-2.229787600000000120e-02
-1.019489699999999964e-02
-2.452525900000000064e-02
1.597224200000000108e-02
-4.136758299999999944e-02
7.208785400000000676e-02
3.274755599999999711e-02
1.102908099999999961e-02
4.782828000000000079e-02
-2.938584600000000019e-02
5.788607999999999948e-02
1.671530900000000111e-02
-3.285274299999999675e-02
2.567438000000000012e-02
-1.285744550000000007e-02
5.060659299999999833e-02
4.891890299999999969e-02
7.623087000000000613e-02
-5.152875600000000195e-02
6.351811400000000052e-02
4.650399000000000373e-03
3.401049600000000117e-02
5.813630300000000029e-02
-1.697150600000000079e-02
3.062930399999999869e-03
-1.373696800000000044e-02
-1.522615299999999922e-02
-4.498161700000000152e-02
1.976644799999999896e-02
1.811273000000000050e-02
1.126739000000000039e-02
-3.107486500000000013e-02
-1.136612400000000002e-02
-1.644465999999999983e-02
-4.119232700000000080e-02
6.170086600000000004e-02
-7.398825000000000367e-04
-1.318117599999999931e-02
3.090642999999999863e-02
3.375569999999999959e-02
-4.189444999999999975e-02
-2.074985799999999950e-03
-2.723924800000000063e-02
-1.734039000000000066e-02
-1.891738000000000013e-03
-1.819188999999999876e-02
3.101492499999999874e-02
2.121565699999999888e-02
-3.096691500000000111e-02
-6.551418999999999992e-02
1.599142099999999872e-02
-3.912668300000000238e-02
5.636562599999999680e-03
-2.499223500000000153e-02
-1.613838399999999867e-02
-3.815663200000000282e-02
-3.784719500000000014e-02
3.754257400000000217e-02
1.794558099999999951e-03
3.556708000000000092e-02
8.137368400000000168e-02
1.809168599999999918e-02
-9.820887999999999840e-03
-2.376268999999999951e-02
1.331095199999999916e-02
5.048687400000000103e-02
-5.116624799999999751e-02
