5.405725499999999850e-02
3.448104500000000183e-02
-4.960692700000000205e-02
1.471123200000000030e-03
1.240741100000000013e-02
6.719812000000000007e-02
8.810118000000000463e-03
4.340875500000000026e-02
1.279353350000000077e-02
2.806963200000000061e-02
1.586829099999999965e-02
7.000220999999999527e-02
3.953133000000000341e-02
-1.745904399999999995e-02
3.507214399999999954e-03
-9.183861000000000194e-04
7.212472600000000358e-03
1.469452400000000047e-02
-4.086816699999999691e-02
-4.205534600000000039e-02
-3.157577000000000300e-02
6.402462299999999926e-03
3.037073499999999940e-02
2.003417500000000129e-02
4.304687500000000354e-03
-1.387357000000000000e-02
-1.086460300000000045e-02
-3.730952399999999669e-02
1.206743199999999946e-02
-8.346204000000000123e-02
5.963757600000000290e-03
4.806356999999999817e-03
-5.367662999999999948e-03
-4.867036999999999752e-02
4.679707999999999785e-02
1.329406399999999953e-02
-1.911321499999999937e-02
-1.056719300000000077e-02
5.716790299999999474e-04
-4.142487999999999726e-02
-2.244344200000000095e-02
-3.971534599999999859e-02
6.084912999999999954e-03
1.328620099999999922e-02
-3.729074999999999751e-02
-1.543273899999999914e-02
-1.285604199999999982e-02
1.139649400000000007e-02
-4.471276700000000048e-02
4.196157300000000201e-02
4.797636999999999735e-02
4.692131299999999922e-02
1.101471400000000010e-02
-4.651887999999999856e-02
-2.357269000000000031e-02
-5.172933300000000234e-02
-1.189338399999999990e-02
-2.294513800000000034e-02
4.982826499999999659e-02
-6.492030000000000023e-02
4.241442300000000318e-03
-2.264792499999999931e-02
1.546876900000000070e-03
-5.441148999999999986e-02
-6.506281000000000043e-03
-7.029293000000000347e-02
-4.443749499999999830e-04
-3.461615700000000156e-02
-6.055589000000000111e-02
4.471525999999999973e-03
6.450440299999999662e-03
-3.252378499999999950e-02
-3.168870000000000020e-02
-2.569804900000000059e-02
8.177125000000000365e-03
3.297017000000000003e-02
-3.268421400000000310e-02
5.552098000000000103e-03
5.195141999999999816e-02
1.397624899999999962e-02
-2.180840800000000135e-02
-7.092531299999999678e-03
-4.426108699999999584e-03
4.967369499999999688e-02
5.530829999999999601e-03
5.391233399999999926e-02
2.680652999999999855e-02
-2.393614300000000000e-02
-5.446324000000000304e-02
-2.095724499999999935e-02
1.413178700000000121e-01
3.578056799999999871e-02
8.212133999999999406e-03
5.704504299999999667e-02
6.816667999999999339e-02
-2.619646700000000019e-03
-7.724002000000000645e-02
-1.248096999999999956e-01
2.460044200000000014e-02
2.415714799999999982e-02
-3.101043399999999992e-02
6.758704299999999596e-03
-7.148851500000000248e-02
2.139198000000000141e-02
2.488811900000000021e-02
-6.104943000000000175e-02
2.033513799999999913e-02
-6.195371200000000106e-02
-6.868899000000000532e-02
3.450776299999999686e-02
5.535558599999999829e-02
2.304000000000000145e-02
3.988518600000000303e-02
2.198019600000000046e-02
-4.246575400000000139e-02
2.498883600000000038e-02
-6.996216999999999887e-03
2.104328000000000101e-02
-3.205210000000000004e-02
-5.332874999999999942e-03
2.003742799999999949e-02
9.038084000000000395e-02
-1.501784500000000015e-02
6.026223700000000322e-02
3.768072599999999772e-02
6.238885700000000242e-03
-2.038528800000000141e-02
-5.659838400000000158e-02
-1.778818899999999939e-02
3.868547500000000128e-03
3.050332000000000043e-02
-4.192012999999999989e-02
1.397576900000000073e-02
4.002400500000000139e-02
-1.377487500000000066e-02
5.329095600000000044e-02
6.758633000000000002e-02
6.238198999999999828e-02
-3.394371000000000194e-02
3.680253800000000269e-02
-2.023317499999999908e-02
-2.700369600000000064e-02
-9.088546000000000125e-02
5.482577999999999757e-02
-8.868284599999999920e-04
-3.825475300000000245e-02
2.621927099999999886e-02
3.399862699999999655e-02
-3.094035399999999977e-02
-8.652059499999999658e-04
-5.273918400000000145e-02
1.300707400000000041e-04
4.882239000000000023e-02
-2.194060000000000107e-02
-2.715621299999999849e-02
1.546939200000000021e-02
-1.893366900000000019e-02
-4.342500500000000263e-02
4.812701800000000057e-02
-1.953567999999999971e-02
-1.025162899999999995e-02
-6.574076399999999321e-02
3.510547799999999986e-03
6.998332000000000164e-02
-5.337880999999999876e-02
-1.224261800000000025e-02
-2.156461399999999931e-02
-6.772271000000000540e-02
2.416714000000000015e-02
9.750768999999999409e-03
-9.672269000000000005e-02
-6.988937000000000621e-02
-7.183849999999999958e-02
-3.509093399999999724e-02
-2.921303499999999831e-02
2.470252699999999843e-02
-1.021192299999999949e-02
-3.540189600000000214e-02
-2.856375599999999917e-02
9.581690999999999819e-03
9.155009999999999537e-02
-1.737096000000000126e-02
2.678210799999999892e-02
-4.298217199999999905e-02
3.799166500000000085e-02
4.645070999999999749e-03
3.842269300000000082e-02
3.580368999999999913e-02
4.050615400000000255e-02
3.240061999999999803e-02
9.023203000000000473e-03
-1.356344500000000036e-02
-2.113663199999999895e-02
2.670066399999999895e-02
-2.357238500000000125e-02
5.004920799999999781e-02
-8.790406000000000608e-03
-7.724673500000000213e-03
1.776548999999999837e-02
-5.555704599999999882e-02
7.504181599999999730e-02
4.580593499999999901e-02
4.039993000000000056e-02
-3.019611999999999991e-02
-8.226693600000000188e-04
2.115501599999999871e-02
-2.740908399999999936e-03
-1.694882099999999933e-02
3.122579500000000063e-02
2.120784499999999947e-02
-5.836752399999999702e-02
-3.561442699999999711e-02
-1.366109799999999999e-02
-2.887707399999999910e-02
3.026535500000000073e-02
3.028178800000000132e-03
1.106391299999999987e-02
2.263925599999999996e-02
4.642486600000000213e-02
4.955822999999999826e-03
7.438026999999999833e-02
2.316822699999999957e-02
-6.110029000000000154e-02
2.077897299999999919e-02
-1.287027000000000049e-03
-2.755604000000000040e-02
-6.412566499999999836e-02
2.852372599999999925e-02
3.357383199999999790e-02
-8.202429999999999444e-02
2.874509700000000157e-03
2.022189300000000120e-02
3.526772999999999714e-02
-4.286169599999999774e-02
-1.619738899999999954e-02
6.628770400000000111e-03
3.570994999999999725e-02
-4.137070999999999804e-02
-6.806284000000000119e-03
-1.164830799999999958e-02
8.069095999999999561e-03
-2.365020699999999948e-02
1.964356999999999909e-02
3.033561599999999928e-02
1.548814299999999936e-02
-2.466612899999999844e-02
2.915767199999999906e-02
3.345084999999999725e-02
-1.253915950000000085e-02
-1.684832199999999891e-02
4.219617999999999633e-03
1.097078999999999936e-02
-5.376529000000000030e-02
3.748652699999999865e-02
-3.508388600000000163e-02
2.838970999999999856e-02
6.041250700000000418e-03
1.240198699999999973e-02
2.259951999999999968e-03
1.945209499999999911e-02
4.002414299999999814e-02
-4.225835599999999692e-02
1.474494299999999994e-02
-3.026828200000000052e-02
-5.196488300000000338e-02
-5.513120400000000310e-02
-3.393233999999999834e-02
-4.566561000000000231e-02
-1.749313800000000009e-03
-4.033075600000000233e-02
3.089314900000000169e-02
-1.521045099999999983e-02
-1.984933200000000078e-02
3.420294300000000041e-03
-2.475832400000000169e-02
-8.594057999999999906e-03
4.417781699999999770e-03
5.322944000000000286e-02
-1.873470500000000080e-02
-4.836199800000000326e-02
3.418649700000000319e-02
1.788089400000000134e-02
2.058204799999999862e-02
-3.344385700000000045e-02
4.290140999999999920e-03
-1.430025099999999993e-02
-2.199492400000000077e-03
8.767047000000000034e-03
2.252600000000000088e-02
-5.445566000000000295e-02
6.961086000000000010e-03
1.086516199999999939e-02
-6.025242000000000098e-02
-8.949661000000000421e-02
3.631261400000000000e-02
3.880316999999999794e-02
4.987235000000000279e-02
5.309145500000000267e-02
1.348697599999999948e-02
-3.257108000000000225e-02
1.201812000000000019e-02
3.885562299999999886e-02
-3.120618500000000087e-02
8.073547999999999836e-02
-4.799844699999999964e-02
-1.104116500000000035e-02
-4.634291699999999736e-02
1.174645399999999992e-02
6.269241699999999855e-03
-5.803921699999999885e-03
4.565972499999999823e-02
5.124738999999999683e-02
-3.409994999999999693e-02
-1.930618799999999843e-02
-3.846755000000000313e-02
-2.111202699999999849e-02
-9.469844400000000662e-02
-2.802921300000000074e-02
2.744337999999999986e-02
2.343185199999999954e-02
7.341145500000000046e-03
-1.096991699999999917e-02
-3.840529000000000165e-02
2.277900700000000042e-03
1.455448999999999979e-02
-2.749481599999999831e-02
1.670035500000000006e-03
-1.941912200000000047e-02
9.542424000000000739e-03
2.068241499999999913e-02
3.106487999999999958e-02
-1.729603700000000022e-02
4.724153500000000117e-02
-4.790562400000000082e-02
-1.211931400000000082e-02
-4.218554499999999791e-02
-6.050647399999999759e-02
-3.093074800000000096e-02
6.738327400000000689e-02
4.556264699999999779e-03
1.650330399999999989e-02
-1.310562699999999990e-02
5.806129399999999940e-02
1.518173700000000070e-02
2.407132000000000022e-02
-3.259941599999999912e-02
-5.575644200000000328e-02
-4.328109699999999754e-02
2.886205999999999841e-02
8.099113999999999272e-03
2.256237499999999910e-02
4.084336400000000006e-02
3.704226399999999836e-02
-3.220726499999999881e-02
-1.742327800000000038e-02
3.902909499999999976e-02
4.902212999999999710e-02
3.578900000000000137e-02
2.795417600000000072e-02
2.386775800000000107e-03
-2.213761399999999990e-02
3.869315200000000149e-02
-1.103033900000000012e-02
3.191903199999999996e-02
2.456817400000000165e-02
3.903726500000000155e-02
2.440336699999999873e-02
3.405167500000000347e-02
-5.494779300000000172e-02
-3.516534000000000326e-02
-2.622632999999999909e-02
3.241714500000000138e-02
9.898310999999999915e-03
-1.867224500000000051e-02
5.138106299999999765e-02
-2.297447000000000031e-02
-5.237257000000000023e-02
-3.962493200000000160e-04
-1.312579799999999929e-02
-8.688117000000000409e-03
-2.821749299999999801e-03
-2.627004900000000018e-02
-1.681149800000000111e-02
1.164803500000000016e-03
-2.295538800000000018e-02
7.887355999999999534e-02
-7.137660999999999312e-02
-4.059959999999999936e-04
-2.397610600000000050e-02
-3.638118500000000338e-02
-3.249293000000000320e-02
4.265433999999999892e-02
8.011188000000000684e-03
3.702332500000000276e-02
-2.461167200000000110e-02
7.469251000000000362e-02
1.183140599999999917e-02
2.299738100000000077e-02
5.320563999999999849e-03
2.542081100000000149e-02
1.082260999999999987e-02
-4.477185399999999982e-02
3.202953599999999734e-02
-5.266379200000000094e-02
2.442482500000000070e-02
-1.523100900000000021e-02
8.566517399999999671e-02
3.881053599999999965e-02
-5.261901399999999868e-02
6.016089399999999948e-02
-3.284345599999999917e-03
-1.302283499999999997e-02
-2.672812199999999999e-02
8.289585000000000356e-03
-3.486925400000000230e-02
-1.440968500000000107e-03
3.227023799999999970e-02
2.429313199999999853e-02
5.220842400000000327e-02
6.449593600000000371e-02
5.872882999999999749e-03
1.108710750000000030e-02
1.614483300000000079e-02
1.334717300000000037e-02
-3.672107000000000149e-02
-6.320204599999999784e-02
-1.309317200000000014e-02
1.421675900000000069e-02
5.565983000000000042e-03
-3.459096300000000235e-02
3.540014500000000092e-02
2.093926999999999941e-02
-1.994202999999999948e-02
5.259004600000000140e-02
-1.506249200000000024e-02
2.573788800000000087e-04
4.760531300000000327e-02
-5.638133000000000034e-02
-2.443570800000000043e-02
3.594051000000000190e-02
4.369094200000000344e-02
3.722805500000000295e-02
7.031785999999999592e-02
9.461581000000000158e-03
-9.987189999999999956e-03
1.219632000000000008e-02
1.574698299999999912e-02
3.669833000000000123e-02
5.269041799999999755e-03
-2.863679499999999961e-02
-1.075557499999999942e-03
-9.199679000000000537e-03
-1.062310200000000059e-02
-8.899988000000000343e-02
-8.927651000000000336e-02
4.697927999999999826e-02
1.096737400000000022e-02
4.311771999999999827e-02
-6.242190300000000081e-02
-3.534152699999999758e-02
-4.335433000000000342e-02
-1.001238450000000064e-02
4.381602600000000097e-02
-3.095670799999999858e-03
-1.517286500000000066e-02
-2.176640200000000067e-02
-6.502409000000000661e-02
4.700248299999999768e-02
3.010384400000000113e-02
2.341484699999999905e-02
1.820415300000000070e-02
1.231642099999999927e-02
5.527665500000000093e-02
1.153326399999999967e-02
-3.531186299999999889e-02
-3.025814999999999842e-03
1.693713700000000141e-02
7.879426999999999612e-03
4.796114200000000153e-04
-1.727468999999999880e-02
4.029521000000000318e-03
-1.134946499999999955e-02
-5.348793000000000297e-02
5.202463300000000068e-02
5.268773799999999785e-02
-1.603827299999999872e-02
-1.328742100000000065e-02
-3.002385099999999810e-03
-2.596007999999999996e-02
-1.556727200000000005e-02
3.371587999999999669e-02
9.097005000000000022e-03
-2.439142199999999941e-02
-1.507627999999999920e-02
4.247747699999999960e-02
-8.689960000000000045e-03
4.568685200000000002e-02
-1.132146099999999968e-02
-2.512474400000000094e-02
5.034195000000000336e-02
6.577194499999999833e-02
5.503071000000000004e-03
-4.340890399999999816e-02
-1.581175799999999868e-02
-4.629084399999999593e-03
3.167161300000000124e-02
-6.781955000000000622e-02
1.105227999999999940e-02
5.283688000000000273e-02
6.866840600000000128e-03
1.657306199999999952e-02
-3.160526999999999781e-02
4.277021799999999874e-02
2.313157799999999986e-03
-6.471164000000000083e-02
-2.871405700000000116e-02
-2.245782899999999860e-03
1.228886099999999988e-02
-3.235906399999999988e-02
4.356577200000000261e-02
-2.887822700000000197e-03
-2.403690899999999867e-02
-1.734961600000000173e-02
-2.286085300000000042e-02
-4.894596999999999663e-03
5.172119000000000195e-03
5.365810499999999761e-02
8.940635599999999933e-04
-2.028850800000000024e-02
-8.762858000000000105e-03
3.011672199999999855e-02
4.676477999999999885e-02
5.145442499999999808e-02
2.893457199999999868e-02
1.151379100000000065e-02
6.142476000000000186e-02
6.571452999999999323e-02
1.397999699999999922e-02
4.371603599999999978e-02
2.888906600000000144e-02
5.284614499999999715e-02
5.805912600000000257e-02
1.431371399999999995e-02
-1.121291100000000075e-02
2.734754000000000004e-02
4.532449300000000042e-02
1.429934400000000029e-03
4.662283500000000136e-02
-4.195010700000000037e-02
4.495020599999999950e-02
-6.647806000000000548e-02
-1.633416700000000013e-02
-6.115104999999999846e-02
-3.424064000000000274e-02
2.993656999999999915e-02
-2.535928600000000172e-02
8.151919999999999999e-02
-1.966956599999999944e-02
-1.243984499999999972e-02
-3.293437999999999921e-02
7.803211000000000175e-02
-1.976624500000000173e-02
-2.083598799999999973e-02
-2.591091800000000153e-02
-4.180588999999999833e-02
-2.622996999999999829e-02
-1.737292500000000087e-02
4.434065499999999965e-02
-9.523429999999999396e-03
8.491887000000000046e-03
-6.109108999999999720e-03
-1.610636500000000096e-02
4.758567999999999826e-02
-1.609811699999999859e-02
5.877376299999999970e-02
-1.925951199999999947e-02
-5.536852800000000019e-02
3.947628300000000090e-02
5.050175999999999971e-02
1.094297999999999972e-02
-1.366119500000000011e-03
-2.297647300000000073e-02
1.057775199999999929e-02
3.680296200000000156e-02
-4.784476000000000007e-02
-1.256938299999999994e-02
9.595899999999999222e-03
1.638994200000000109e-02
1.279251099999999947e-02
5.995072399999999864e-03
-1.686479899999999976e-02
2.594555499999999862e-02
-1.674604000000000023e-02
-3.503111999999999893e-02
2.756926200000000063e-02
-3.487543800000000166e-02
-6.840564999999999840e-02
4.179188999999999821e-03
3.788128999999999802e-02
-8.309077499999999519e-03
3.950350400000000178e-02
-4.075024599999999692e-02
4.234558000000000072e-02
-8.032621000000000205e-03
-3.250012499999999777e-02
-4.265813000000000244e-02
-6.868419000000000607e-02
-5.912834799999999724e-02
1.315361299999999976e-02
2.629460399999999920e-02
-1.919397200000000012e-02
4.512261599999999734e-02
-2.850592100000000004e-02
-3.064269199999999915e-02
-6.817961000000000160e-02
1.615360199999999954e-02
-1.920204400000000144e-02
-4.832775999999999739e-02
-1.442079300000000076e-03
2.641389900000000110e-02
-2.288837699999999968e-03
5.672553600000000001e-02
9.105517000000000472e-03
-1.762497999999999843e-02
1.789772099999999838e-02
-2.886652200000000036e-03
-4.904992999999999853e-03
3.577805400000000011e-03
2.901448499999999958e-02
-5.723773000000000055e-02
-3.477227299999999938e-02
-1.650829800000000111e-02
4.483808599999999922e-02
-5.492938299999999829e-02
-2.681913400000000142e-02
-2.583705400000000166e-02
-2.233519999999999950e-02
1.955401000000000014e-02
6.046458999999999862e-02
-1.347714700000000008e-02
1.246378100000000017e-02
4.497721400000000147e-02
5.020428999999999864e-02
-2.457977000000000078e-02
-8.191166999999999199e-03
5.197227500000000180e-03
3.783863800000000083e-02
-4.660305399999999793e-02
1.391163699999999927e-02
2.885698999999999903e-02
-1.945169999999999885e-02
5.938232999999999706e-02
-4.205339999999999773e-02
6.372064000000000200e-03
-5.213907699999999895e-02
-4.265717000000000120e-02
-6.290818600000000309e-03
-3.069506600000000002e-02
3.355054899999999982e-03
-8.433186000000000501e-03
-1.522269899999999926e-02
1.810854699999999914e-02
1.582506900000000064e-02
1.259637799999999922e-03
-6.481621999999999384e-02
1.681534800000000079e-02
-5.173338599999999926e-02
1.195150099999999979e-02
-1.658999200000000132e-02
-1.215995199999999991e-02
3.837172999999999973e-02
-9.854190000000000518e-03
1.938430799999999940e-02
2.642221399999999942e-02
6.070137500000000359e-03
-7.902881999999999962e-03
3.415842699999999815e-02
6.297358999999999596e-02
-6.131658000000000247e-02
2.272764199999999929e-02
-4.586151299999999785e-03
4.909701300000000185e-02
1.984641300000000025e-02
-5.168186000000000307e-02
-4.334403799999999966e-04
1.271349899999999963e-02
2.920767100000000102e-02
1.382443499999999950e-02
3.380156699999999764e-02
1.938227199999999900e-02
2.551725499999999910e-02
-4.797440800000000310e-02
-3.670393999999999740e-02
6.042427999999999688e-02
1.457498800000000053e-02
1.161070099999999966e-01
-1.141605249999999919e-02
8.687105999999999995e-03
-1.230137899999999944e-02
1.507525049999999985e-02
-2.337135400000000043e-02
-1.369673300000000087e-02
-2.725642500000000079e-02
-2.137969600000000012e-02
1.809821699999999978e-02
-1.139034499999999964e-02
5.294557700000000061e-02
4.896328999999999959e-02
-1.620022199999999893e-03
3.532999400000000345e-02
-7.344277999999999917e-02
4.539103399999999677e-02
4.431435999999999709e-02
-9.960016999999999829e-03
3.126380599999999815e-02
1.007626699999999986e-02
2.931022299999999983e-02
5.460129700000000003e-02
1.288331799999999951e-02
3.593808400000000208e-02
4.142753999999999881e-02
1.096034700000000049e-02
4.344634700000000321e-02
3.024001800000000045e-02
-1.366027199999999935e-02
7.048750400000000464e-04
-2.548699499999999840e-02
-3.010843699999999831e-02
-6.780329000000000217e-02
9.265779999999999503e-03
1.519522300000000076e-02
2.070002799999999879e-02
-3.886695600000000111e-02
-1.205471600000000004e-02
8.569039000000000517e-03
-2.890175400000000172e-02
1.723768299999999974e-03
-1.541038999999999951e-02
6.617444999999999794e-05
-3.223015999999999989e-03
2.858013499999999957e-02
-3.902718399999999949e-02
-3.137409000000000031e-02
-3.856953999999999938e-02
-2.075557399999999886e-02
2.710655699999999987e-02
-4.922036500000000030e-03
1.393983099999999932e-03
-2.545604199999999991e-03
-1.635616999999999974e-02
-8.506017000000000439e-02
-1.684104800000000082e-02
-3.844651600000000002e-02
1.401000400000000038e-03
4.648338600000000154e-02
1.480913799999999947e-02
5.632951999999999664e-04
-2.189094800000000035e-02
2.719825299999999862e-02
-2.967896900000000122e-03
2.305071399999999993e-02
5.603014299999999753e-02
-2.050525999999999998e-03
-3.205472999999999656e-02
-6.792099999999999527e-02
-1.118279399999999937e-03
4.783298999999999884e-02
-3.605852600000000047e-02
