4.560498999999999803e-02
1.498044899999999985e-02
-6.492538999999999949e-02
-2.751944000000000091e-04
-3.382948000000000205e-03
7.060837999999999837e-02
1.314312200000000014e-02
2.632226000000000010e-02
2.656364300000000137e-02
-4.197461000000000421e-03
2.520118099999999958e-02
6.017320999999999781e-02
4.436936999999999826e-02
3.975121699999999841e-02
1.969677999999999880e-03
-4.401853000000000016e-02
6.786627699999999742e-03
3.370144600000000296e-02
-3.179239999999999844e-02
-4.746578999999999902e-03
-2.575755500000000142e-02
3.655167699999999770e-02
4.300883999999999957e-02
8.179056000000000520e-03
8.163448999999999706e-03
-4.228661999999999699e-02
-3.045665100000000125e-02
-4.728669299999999770e-02
1.479898699999999956e-02
-5.339285700000000190e-02
5.085659000000000013e-02
8.472657999999999578e-02
3.397245000000000126e-02
-1.662896000000000166e-02
4.913761500000000254e-02
1.474701200000000031e-02
1.285806100000000049e-02
-1.036492099999999916e-02
2.316364300000000112e-02
-7.256759999999999600e-02
2.132079800000000105e-03
-4.851561800000000341e-02
1.160444100000000006e-02
1.083406500000000036e-02
-2.602770999999999817e-03
-3.966408999999999907e-02
-1.752023399999999911e-02
2.983805599999999844e-04
-3.833593799999999996e-02
5.014045000000000307e-02
4.675477399999999895e-02
3.163782500000000136e-02
-1.151266299999999937e-02
-2.094992600000000066e-02
-1.289140700000000056e-02
-6.056882400000000027e-02
-7.197929999999999953e-03
-1.776619600000000146e-02
9.886312999999999351e-02
-4.558090000000000058e-02
-8.195608999999999533e-03
-4.469912000000000191e-02
-2.143593699999999866e-02
-3.588381000000000209e-02
2.480986899999999828e-02
-8.306837000000000248e-02
2.501587599999999939e-02
-9.427990000000000675e-03
-9.856096000000000301e-02
5.979775999999999841e-02
-1.667224900000000010e-03
-3.486224000000000267e-02
-1.145594750000000078e-02
2.927728200000000169e-02
2.385696999999999991e-03
1.369931199999999995e-02
1.320374849999999926e-02
-7.731660999999999916e-03
2.819899500000000100e-02
5.034603599999999679e-03
-4.031027499999999958e-02
-1.500007400000000039e-02
4.548618200000000000e-02
7.333673500000000359e-03
-8.701041000000000504e-04
4.475185999999999747e-02
2.860160200000000028e-02
3.872412300000000038e-05
-7.271054000000000406e-02
-2.016410199999999799e-03
1.055424499999999960e-01
4.055758599999999964e-02
-2.076727799999999839e-03
3.397646800000000099e-03
4.381817999999999824e-02
-3.279330999999999913e-02
-6.330035000000000522e-02
-1.049305299999999941e-01
-2.644866699999999862e-02
4.620342300000000041e-02
-2.986319600000000071e-03
2.433176899999999875e-03
-5.000426200000000071e-02
-1.069931300000000023e-02
5.902932600000000002e-02
2.923778399999999930e-02
4.456023699999999733e-03
-6.439367000000000008e-02
-8.274834999999999829e-02
9.192847000000000518e-03
3.550033600000000039e-02
1.915363399999999924e-02
2.940215200000000084e-02
4.816811499999999573e-03
-1.881702600000000059e-02
-6.753054999999999995e-03
-3.520146799999999965e-02
2.442633199999999852e-02
-1.070154799999999996e-02
-2.600354000000000033e-03
4.421075800000000278e-02
7.183540600000000442e-02
-2.818016099999999871e-02
5.602171999999999707e-02
5.225363999999999703e-02
3.025029200000000154e-02
6.115096999999999894e-03
-4.455679700000000215e-02
-9.670530000000000098e-03
3.535629000000000202e-03
1.580758200000000058e-02
-2.502810600000000135e-02
5.291655299999999812e-02
4.537427000000000127e-02
-2.411860399999999835e-02
-7.240840699999999928e-03
3.321381999999999807e-02
4.270077999999999743e-04
1.003035000000000038e-02
1.785125899999999910e-03
-9.429698000000000246e-03
-3.672703199999999887e-03
-9.038516000000000605e-02
3.170865999999999962e-02
-3.054642999999999942e-02
-5.866675999999999835e-02
4.044111999999999707e-02
2.392572199999999996e-02
8.023377499999999676e-03
-1.188549700000000008e-02
-1.204009699999999961e-02
-3.530638500000000176e-03
2.217819500000000124e-02
-4.383758000000000099e-02
-3.918582999999999789e-02
2.906730999999999898e-02
3.017099599999999854e-02
-1.051810299999999913e-02
-1.158379800000000018e-03
-3.584573399999999715e-02
3.114810800000000074e-02
-7.371840000000000337e-02
-9.075998000000000052e-03
7.011833000000000649e-02
-5.476530599999999971e-02
-3.921142500000000244e-04
-8.842600500000000543e-03
-5.560353400000000307e-02
3.411270699999999906e-03
-1.323780199999999990e-02
-2.924794799999999931e-03
-5.196767299999999895e-02
-4.765396999999999689e-02
-8.940729999999999511e-02
-1.669195100000000001e-02
-7.155860299999999667e-03
-7.204032499999999707e-03
-1.914619700000000022e-02
-5.101493700000000325e-02
-5.220360999999999752e-03
7.998964000000000074e-02
-2.379752300000000098e-02
2.228657499999999944e-03
-2.966141300000000106e-02
-1.988252999999999895e-02
-1.858191199999999904e-02
3.687644699999999970e-02
8.603301000000000047e-04
-1.171562899999999997e-02
3.928970500000000116e-02
1.948737000000000082e-03
-1.883783199999999880e-02
2.437701999999999924e-03
2.655730200000000138e-02
3.232416999999999929e-02
8.292156500000000263e-02
2.299388899999999999e-02
-3.622219299999999975e-02
-1.982261999999999913e-02
-3.249531199999999842e-02
2.510577799999999873e-02
7.117563000000000362e-02
1.426475500000000049e-02
-2.212012400000000142e-02
1.353824699999999978e-02
5.581978700000000265e-02
-1.447618399999999958e-02
-2.010235399999999936e-02
1.837091500000000155e-02
3.013412999999999856e-02
-2.675171599999999830e-02
-4.417031300000000271e-02
-2.226121400000000139e-02
-2.485225300000000123e-02
5.793849999999999695e-03
1.704869200000000071e-02
7.246911500000000061e-02
3.474139400000000183e-02
6.872372000000000203e-02
-5.578791699999999937e-02
3.746185999999999960e-02
1.681573999999999916e-02
-1.561479500000000076e-02
6.155708800000000286e-02
-2.435608400000000007e-02
-9.136491000000000057e-03
-6.600201999999999458e-02
1.828527500000000014e-02
1.678297499999999859e-02
-5.741067200000000287e-02
-8.094927000000000025e-03
8.466904000000000791e-03
-3.269485999999999833e-03
-3.120454300000000038e-03
-1.907797199999999860e-02
4.026285599999999965e-02
8.090682000000000082e-03
-4.623395200000000177e-02
2.180100000000000093e-02
-4.386659999999999865e-02
-2.128793299999999847e-02
7.901015000000000815e-03
2.165387599999999899e-02
9.109574999999999530e-04
5.531657999999999714e-02
-7.447561599999999449e-02
3.558675599999999717e-02
3.364668400000000309e-02
-2.696571700000000016e-02
6.291449999999999647e-03
-1.493187699999999965e-02
-2.842747799999999908e-02
-2.975779599999999955e-02
5.783151999999999737e-03
-6.229057999999999817e-02
4.229667000000000149e-02
-1.179101599999999965e-02
3.472759599999999947e-02
-3.278227999999999785e-03
1.022772100000000038e-02
3.917139000000000038e-02
-4.789593600000000180e-03
3.281852600000000064e-02
-3.231276999999999761e-02
-2.226273900000000014e-02
-3.985582299999999856e-02
2.675476000000000200e-04
-4.289638299999999800e-03
1.315608300000000071e-02
-7.494850000000000123e-02
5.529526199999999780e-02
-5.490185699999999835e-02
-5.890555299999999939e-02
1.727191399999999932e-02
-2.238480699999999962e-02
3.515271999999999841e-02
-2.545539100000000082e-02
1.581482600000000058e-02
-3.806679000000000312e-02
-3.899567000000000311e-02
6.240759399999999679e-02
2.250171999999999936e-02
-5.972751400000000238e-03
1.718963299999999930e-02
-1.194193500000000074e-02
-2.205204599999999876e-02
1.397705999999999948e-02
-5.796716000000000368e-03
2.916535500000000045e-02
-3.670078000000000229e-02
1.609690899999999952e-02
5.139230200000000082e-02
-2.600392699999999960e-02
-5.959919999999999801e-02
3.373773399999999839e-02
6.033720999999999703e-03
5.060580700000000265e-02
3.923485799999999746e-02
-2.114580599999999963e-02
-6.726125999999999806e-03
4.304541600000000301e-02
2.939376600000000173e-02
-6.428424000000000638e-02
5.241751699999999681e-02
-4.200021599999999994e-02
-1.399672499999999979e-02
-1.662201799999999882e-02
8.808853999999999643e-03
-3.216335000000000027e-02
1.072301200000000052e-02
4.074218999999999584e-03
5.524216700000000001e-03
-1.553281899999999979e-02
-2.741834300000000127e-02
-6.040958999999999912e-02
-3.353020500000000043e-02
-1.460106499999999918e-01
-1.266178899999999968e-02
4.150955399999999712e-02
6.493319000000000174e-02
3.242699799999999855e-02
-2.580947000000000102e-03
-5.007720699999999858e-02
1.051226499999999980e-02
3.985804300000000272e-02
-1.520322099999999940e-02
1.547803399999999989e-02
-2.588618200000000064e-02
4.248094599999999860e-02
2.332639900000000113e-02
2.024450900000000081e-02
-6.319680700000000068e-03
-1.313415500000000022e-03
-2.515880399999999989e-02
2.378221200000000049e-02
-1.603302700000000048e-03
-6.230438499999999685e-02
1.657169000000000003e-02
6.375529600000000297e-02
-1.172313500000000085e-02
2.109345199999999865e-02
2.545648499999999918e-03
3.217927999999999761e-02
2.643179699999999993e-02
-1.985080499999999915e-02
-3.753226600000000163e-02
-4.826233500000000343e-02
-4.335497299999999804e-02
-7.036561999999999678e-03
-8.047303999999999916e-03
2.610548999999999856e-02
4.338186200000000020e-02
-2.110290000000000082e-02
-1.558201849999999930e-02
1.272952800000000037e-02
4.459015999999999674e-02
3.556826700000000063e-02
4.738653999999999783e-02
6.283874000000000404e-02
2.074321000000000151e-02
4.828621400000000091e-02
2.279418899999999942e-02
1.440876599999999993e-02
4.993049799999999677e-02
6.680909999999999627e-02
2.556891400000000161e-02
2.820011999999999866e-02
6.507171000000000483e-02
8.483815999999999927e-03
-2.114597299999999847e-02
3.446229700000000111e-03
2.326106000000000007e-02
3.446898000000000323e-02
8.725382500000000447e-04
1.718521699999999916e-02
-8.607154999999999667e-02
-1.928242900000000024e-02
7.318737500000000243e-03
-2.131206000000000073e-02
-2.146933599999999859e-02
-1.217380350000000014e-02
-4.016958000000000334e-02
-1.468154699999999965e-02
2.826026599999999916e-02
-3.502513000000000154e-02
3.527951199999999898e-02
-9.886333999999999400e-02
1.614225400000000085e-03
-1.153552799999999975e-02
-7.501997499999999569e-03
-2.328700400000000004e-02
6.233480200000000165e-02
-1.428555299999999945e-02
-8.999149999999999164e-03
-3.214387999999999967e-02
3.947879700000000297e-02
4.360364800000000179e-02
5.043016399999999955e-02
1.827185199999999902e-03
-1.695474599999999971e-02
-3.068596700000000149e-02
-3.251239000000000212e-02
3.583033000000000051e-02
-4.271047599999999722e-02
2.733746499999999829e-02
-3.504806399999999683e-02
9.326672599999999425e-02
-1.432077099999999950e-03
-5.320589199999999769e-02
5.095780300000000290e-02
7.662605500000000021e-03
-4.145047400000000104e-02
-2.711042800000000152e-03
3.565802800000000133e-02
-5.349183500000000147e-02
-2.545532600000000034e-02
7.460522999999999461e-02
-1.598253999999999994e-02
6.015386799999999923e-02
8.871766000000000374e-02
3.547286200000000084e-02
5.502032500000000187e-02
3.542093200000000219e-02
-1.328437999999999928e-03
-9.888763000000000067e-03
-5.282299199999999917e-02
-8.555801999999999505e-03
-5.436136400000000403e-03
-5.452330699999999829e-03
-5.618386000000000387e-03
2.785257000000000011e-02
1.336915299999999994e-02
8.502328999999999443e-03
4.680009200000000147e-02
-3.266321500000000239e-02
4.850709999999999744e-02
3.474974000000000118e-02
-3.348900400000000277e-02
-1.700634999999999994e-02
4.417377000000000109e-02
1.388269599999999993e-02
4.281646600000000268e-03
8.006135400000000124e-02
-2.944062199999999963e-03
-1.392993799999999935e-02
1.274020699999999992e-02
-3.215874700000000141e-02
-6.658156000000000144e-03
2.715346199999999974e-02
1.615163299999999857e-02
-1.510764199999999925e-02
8.273520499999999223e-03
-1.153013100000000075e-02
-4.559363799999999883e-02
-7.061559000000000585e-02
5.025814499999999713e-02
1.506743999999999965e-02
1.380615599999999998e-02
-2.658581999999999959e-02
-1.969647399999999854e-02
-4.523614399999999897e-02
-2.005339999999999900e-02
1.487213299999999919e-02
3.008523199999999995e-02
-2.282951699999999882e-03
2.367877399999999966e-02
-3.060289000000000065e-02
3.869154000000000343e-02
-4.532796300000000063e-03
4.579422999999999827e-02
3.423498600000000197e-02
2.176901100000000130e-02
1.009342899999999960e-01
1.764350599999999977e-02
-4.085934000000000094e-02
-7.338680000000000203e-03
2.646122500000000141e-02
1.522137800000000069e-02
-9.401064000000000642e-03
1.290610399999999984e-02
-3.244215000000000293e-02
-7.916032999999999403e-03
-3.612924399999999786e-02
1.246178899999999916e-02
2.038962600000000097e-02
-6.514986000000000388e-03
-1.145520499999999955e-02
2.720015099999999880e-02
-4.117286199999999757e-02
-1.600002700000000000e-02
2.580413000000000151e-02
5.165278399999999846e-03
-2.770550000000000096e-02
-8.064732999999999277e-03
1.088643350000000065e-02
-1.091538499999999967e-02
4.820390399999999881e-02
-3.911594699999999813e-02
-4.596040400000000331e-02
5.473543000000000158e-02
5.270319799999999971e-02
4.638478499999999782e-02
-6.293069599999999431e-02
-1.588816800000000112e-02
-6.250769999999999937e-02
3.227753199999999767e-02
-7.677989999999999815e-02
1.127872499999999986e-03
4.351539000000000101e-02
-1.782670600000000119e-02
8.489201999999999512e-03
-5.739144999999999663e-02
3.437844300000000158e-02
1.512257099999999958e-02
-5.417985499999999899e-02
-2.191622699999999993e-02
5.474094300000000198e-03
-3.285728600000000117e-03
-1.592887399999999912e-02
8.953070999999999946e-03
-1.208434799999999996e-02
-2.671817500000000026e-02
-3.669082700000000224e-02
-1.860788500000000109e-02
7.934635000000000646e-03
2.811636400000000133e-02
6.138794499999999932e-02
-4.082830999999999960e-02
3.639470799999999784e-02
3.140620999999999691e-02
-6.576015000000000159e-03
4.852577300000000121e-02
1.024078999999999962e-02
6.151067000000000340e-02
3.280093500000000328e-02
5.954857999999999679e-02
6.067353999999999803e-02
-4.894860000000000010e-03
5.105268599999999990e-02
-5.136879599999999782e-03
3.707209000000000199e-02
7.570943999999999591e-03
2.534580800000000092e-02
5.580092999999999859e-02
4.163776999999999756e-02
7.260062999999999933e-02
-1.055297900000000053e-02
5.641576000000000229e-02
-8.231547000000000516e-03
3.970910200000000306e-02
-1.960746999999999837e-02
-6.729375599999999624e-02
-4.623064300000000182e-03
-2.760761000000000118e-02
4.667217700000000219e-02
-1.471409299999999927e-02
3.067431400000000113e-02
-3.800797499999999940e-02
-4.924828199999999739e-02
-2.328956299999999924e-02
3.162439000000000222e-02
-5.559817000000000231e-02
2.258462500000000053e-02
-1.674796600000000085e-03
-4.990365399999999868e-02
-6.118477300000000306e-03
-1.185014900000000079e-02
2.279914499999999983e-02
2.037566700000000008e-02
1.802658099999999985e-02
5.855152399999999889e-03
-2.279424500000000117e-02
2.879768599999999942e-02
-3.973835299999999709e-02
2.762727400000000028e-02
-2.425916700000000162e-02
-7.607350999999999697e-02
1.480234499999999974e-02
2.488578699999999949e-02
-2.477262599999999811e-03
2.944835599999999845e-02
-1.167171200000000075e-02
5.689787000000000317e-02
9.186530000000000043e-03
-1.550742050000000066e-02
-1.923876799999999984e-02
-2.220347300000000135e-02
-3.393891999999999742e-02
-7.052552999999999600e-03
-2.032392200000000121e-03
-1.399720100000000078e-02
5.592451000000000019e-03
-1.417000000000000020e-04
-1.586136000000000089e-04
4.860612400000000055e-02
-3.979549599999999965e-02
-3.761848799999999854e-02
4.239768700000000334e-03
6.306035000000000112e-02
2.870129400000000046e-03
2.201514499999999985e-02
-5.167228399999999888e-02
5.582466299999999659e-02
-3.826049399999999906e-03
1.361056199999999966e-02
-5.465907999999999878e-02
-4.138728199999999746e-02
-7.896545500000000384e-02
-5.027563999999999991e-03
1.838109799999999849e-02
2.111924600000000124e-02
5.309368300000000263e-02
-3.305775999999999853e-02
-4.926533999999999774e-02
-3.820925199999999911e-02
1.416183900000000072e-02
-2.566152600000000047e-02
-4.390672600000000009e-02
8.863472000000000711e-03
1.705355399999999855e-02
2.785011600000000115e-02
2.419610700000000142e-02
3.139488399999999790e-02
-2.485812600000000122e-02
-4.584135999999999767e-02
-1.231438399999999940e-02
6.408835000000000226e-02
-1.156924600000000004e-02
4.109364699999999704e-02
-5.561391000000000251e-02
-1.256751549999999933e-02
2.007153799999999988e-02
7.022291999999999423e-02
-4.689772400000000174e-02
-5.550751500000000033e-02
-2.576096500000000025e-02
-2.603235500000000008e-02
2.470605799999999949e-02
4.871342300000000396e-03
-2.106871999999999912e-02
3.968977600000000300e-02
7.945170999999999484e-02
8.368021000000000487e-02
-1.381082550000000027e-02
-1.419976600000000082e-02
-5.128204000000000096e-02
-2.214673999999999809e-03
-5.300152000000000335e-02
-1.763884899999999941e-03
8.070368999999999460e-02
-9.555556999999999246e-03
3.873184999999999822e-02
-2.066191699999999840e-02
1.647645500000000053e-03
-3.940550200000000197e-02
1.509359700000000026e-02
3.840057599999999790e-03
-2.334308400000000006e-02
-5.020947700000000236e-03
-2.701979499999999923e-02
2.934178200000000028e-02
-1.562284599999999926e-02
-2.568644000000000135e-03
3.518552700000000116e-02
-3.079455000000000039e-03
-4.127585999999999820e-04
-5.772423399999999927e-02
-8.079520999999999231e-03
-7.517402999999999759e-03
-2.613317399999999860e-02
8.929186500000000151e-03
-1.135828099999999959e-02
-9.115556000000000353e-03
2.122770800000000138e-02
1.961466300000000093e-02
8.925995999999999844e-04
2.470487500000000114e-02
4.272894199999999892e-02
-2.819465700000000144e-02
3.701303600000000176e-03
2.113987999999999805e-03
-1.184830499999999995e-02
1.781663500000000080e-02
-3.766589599999999732e-02
-3.628036999999999929e-02
-2.118422799999999939e-02
5.678883199999999742e-02
-1.471506900000000076e-02
6.567974600000000066e-03
9.213162000000000434e-03
-4.052682999999999633e-03
-4.908484600000000142e-02
-8.069677000000000794e-03
6.290284999999999627e-02
4.418239000000000194e-02
7.881282000000000565e-02
-5.348020800000000130e-02
-3.702005100000000000e-03
2.445178500000000019e-02
1.214537899999999955e-02
-3.466529799999999717e-02
-1.389786500000000057e-02
-3.151438799999999735e-02
-1.408251200000000015e-02
5.992836999999999990e-03
-2.084298999999999874e-02
6.709202000000000221e-02
3.291125200000000195e-02
2.498152999999999832e-02
4.712021999999999738e-02
-3.996782000000000112e-02
4.200086399999999887e-02
1.828947300000000054e-02
-1.527489700000000082e-02
1.840345999999999996e-02
-4.683648700000000130e-03
2.009564800000000068e-02
2.093399699999999933e-02
6.862150999999999668e-02
-5.835706400000000016e-02
3.458458600000000049e-02
-2.398822499999999844e-03
5.963775500000000063e-02
5.243298999999999876e-02
-9.028453999999999993e-03
2.377181000000000086e-02
-6.686682999999999689e-03
-1.954574399999999858e-03
-5.168583999999999679e-02
2.460947299999999890e-03
2.757063100000000169e-02
5.268616599999999608e-03
-3.081670200000000137e-02
-1.300055200000000029e-02
-1.497088100000000012e-02
-4.268231200000000003e-02
6.449755000000000071e-02
-6.728380499999999688e-03
-3.290835000000000288e-02
2.009123999999999979e-02
3.606717999999999730e-02
-4.901164400000000004e-02
-2.295477500000000018e-02
-1.260873399999999991e-02
-7.641687999999999779e-03
1.006744499999999952e-02
-4.210546600000000111e-03
-6.767638999999999773e-03
2.285732899999999915e-02
-4.293584500000000026e-02
-4.690719399999999928e-02
8.614584999999999257e-03
-3.209187599999999835e-03
3.124241000000000171e-02
-4.957101000000000215e-03
1.116814899999999918e-03
-2.933887199999999848e-02
-2.631644299999999839e-02
4.163383999999999835e-02
1.822283499999999973e-02
2.538642099999999843e-03
8.526683999999999652e-02
-4.307332599999999750e-04
-2.028214199999999953e-02
-2.066956600000000033e-02
-4.756039999999999573e-03
6.776298599999999728e-02
-3.430864000000000136e-02
