9.662132999999999833e-03
6.081413499999999833e-02
-5.365795000000000287e-02
-1.271503400000000006e-02
1.425022899999999967e-02
-1.402563700000000052e-02
4.458891200000000138e-02
5.420306300000000271e-02
1.075820599999999932e-02
3.877392000000000338e-02
3.560891100000000090e-03
5.314740500000000173e-02
4.478413600000000216e-02
-4.485633999999999628e-03
-1.848984700000000023e-02
-2.879814600000000016e-02
2.580014200000000160e-02
-1.570171999999999887e-02
-1.000138400000000066e-01
4.613550000000000290e-02
1.048365899999999934e-02
-1.421581000000000060e-02
2.839624699999999946e-02
-4.349722000000000310e-02
-2.539397800000000108e-02
6.532523999999999623e-03
6.702911999999999759e-02
4.791253799999999757e-02
-1.135277799999999913e-02
-5.366680399999999851e-02
3.653993500000000255e-02
2.460544599999999957e-02
2.471840599999999832e-02
3.115236799999999973e-02
7.312559000000000420e-02
2.818529299999999842e-03
2.226212999999999890e-03
2.713145900000000013e-02
-1.294166499999999977e-02
4.134019400000000198e-03
3.590807699999999658e-02
-2.187055499999999986e-02
1.516945700000000077e-02
2.335326000000000068e-02
-4.152092000000000283e-02
-5.456772000000000011e-02
4.876756699999999778e-02
-1.441845500000000016e-02
-2.157509900000000036e-02
6.124066599999999916e-02
3.395100999999999675e-02
3.380446999999999966e-03
-8.674832999999999850e-02
1.451049499999999999e-02
-4.352622999999999909e-02
-3.602890699999999891e-02
-1.470927900000000045e-02
-4.069974599999999845e-03
4.688564700000000252e-02
3.453190999999999986e-03
-2.170884600000000039e-02
-8.706392999999999771e-02
-1.222037899999999996e-02
-1.243587900000000038e-02
7.766241000000000116e-03
-2.471022900000000022e-02
-8.807933999999999902e-03
9.652552000000000007e-03
-5.401247700000000318e-02
-1.559637500000000086e-02
-3.216866399999999786e-03
2.018591200000000030e-02
-1.348491849999999999e-02
3.308763399999999771e-02
-3.959813000000000222e-02
-5.543822399999999602e-03
-6.170161799999999974e-02
-1.348706199999999931e-02
1.579067099999999918e-02
6.753604000000000551e-02
-1.736200200000000138e-02
9.627574999999999328e-03
6.214731200000000316e-02
1.304124599999999939e-02
2.418121100000000107e-02
-2.145574999999999913e-02
6.408297000000000299e-02
-5.891621999999999831e-02
-1.753776699999999925e-02
1.895312799999999964e-02
3.332879999999999870e-02
-5.180277399999999761e-03
5.441328000000000137e-02
2.194688300000000036e-02
-1.088615700000000047e-02
-1.022526099999999938e-02
-1.163777599999999968e-01
-6.536195000000000199e-02
4.850954999999999850e-02
5.160565000000000291e-02
-1.378383000000000039e-02
-3.059482200000000068e-02
-1.278633799999999952e-02
-8.351146000000000263e-03
3.827778600000000114e-02
-9.300097000000000225e-03
3.427938400000000302e-02
-2.105517100000000100e-02
-4.025810999999999799e-03
-3.809878400000000186e-03
-2.664518999999999959e-04
-5.457312599999999958e-02
4.271295299999999795e-02
5.055053000000000324e-03
2.019405999999999979e-02
-4.831439600000000251e-02
-9.476291000000000575e-02
3.045797199999999982e-02
-2.298022400000000048e-02
3.541349600000000264e-02
-1.989135499999999945e-02
1.454562300000000058e-03
-4.425107000000000346e-02
1.799258999999999928e-02
-1.990232800000000038e-02
4.627316000000000068e-02
-8.933411999999999950e-03
-2.787160699999999963e-02
-3.219478600000000301e-02
-3.179160000000000319e-02
4.140901200000000199e-02
-9.760251999999999817e-02
7.617331599999999960e-03
3.721200300000000044e-02
2.283029400000000098e-02
-2.001151600000000003e-02
5.070478999999999958e-02
-3.790477700000000061e-02
-6.429482999999999726e-02
1.712276000000000076e-02
2.991240499999999955e-02
-5.130241599999999999e-03
2.585890500000000147e-03
2.031190000000000079e-02
2.781628899999999838e-03
5.708413200000000270e-02
5.261207000000000383e-03
6.039405000000000294e-03
-6.344180000000000652e-02
2.739499700000000079e-02
3.658650399999999886e-02
2.254519700000000071e-05
-1.230613300000000035e-02
-2.611565399999999856e-02
-3.273075700000000095e-03
-3.129930400000000001e-02
4.115380999999999900e-02
-6.598131999999999608e-02
1.095870959999999950e-01
4.044357999999999634e-03
3.134478300000000106e-02
-9.101144000000000248e-03
3.645334799999999653e-02
-1.232753099999999921e-02
-1.055465500000000029e-01
-4.678158999999999790e-02
-8.173101000000000324e-03
-6.985938999999999344e-02
-2.408957700000000091e-02
9.695969000000000462e-03
-1.454831099999999953e-02
-7.434833000000000067e-03
2.736954200000000169e-04
-7.269207399999999542e-02
-2.873269499999999907e-02
-2.632815599999999926e-03
-2.499127799999999872e-02
-1.463349350000000063e-02
-9.161248000000000308e-03
-3.311224699999999743e-02
6.788172600000000334e-02
1.199499600000000082e-02
-4.154458300000000298e-02
-5.774098000000000078e-03
7.178039300000000310e-03
2.282315700000000017e-02
3.169966500000000187e-02
3.625605999999999968e-02
-1.217029199999999922e-02
3.102195599999999984e-02
5.889137500000000275e-02
-3.306023799999999874e-02
3.231429000000000246e-02
1.160610239999999987e-01
-3.220019999999999827e-02
8.107444000000000109e-03
-2.973378299999999974e-02
2.567095700000000119e-02
-2.818286000000000142e-03
-6.553049399999999469e-02
4.979353400000000041e-02
-5.161058500000000049e-02
9.065706999999999238e-03
2.377251699999999995e-02
6.845086299999999895e-03
-3.781869000000000203e-02
-8.652187999999999546e-02
-6.292856500000000575e-02
3.289288700000000260e-02
-2.008390599999999859e-02
4.353373499999999702e-02
3.646968999999999905e-03
1.619957400000000131e-02
-1.508395199999999900e-03
1.476021899999999977e-02
-5.224618699999999949e-02
7.161277000000000614e-02
9.132378000000000023e-03
1.059986099999999931e-01
-2.979501500000000108e-02
6.226902499999999868e-02
-3.609446799999999761e-02
-2.055715799999999899e-02
-6.436500700000000186e-03
2.495310800000000162e-02
1.367772299999999927e-02
-3.825035699999999872e-02
2.567035900000000023e-02
-7.043762000000000634e-02
-3.542403999999999692e-02
2.316626299999999944e-02
1.467549100000000058e-02
-1.862412700000000074e-02
-6.482727000000000628e-02
1.389941899999999966e-02
-3.432960799999999757e-02
4.436326000000000158e-02
-5.659889800000000165e-02
-1.184366199999999959e-02
-5.429719999999999686e-02
-6.562158499999999964e-03
1.051919500000000028e-02
4.822229599999999783e-02
-1.286563699999999921e-02
4.693577799999999745e-02
-4.917579500000000131e-02
2.040783100000000128e-02
4.573316499999999923e-02
5.310693999999999831e-02
-5.902364000000000221e-02
-5.062531000000000322e-03
-1.686011299999999949e-02
-4.477941199999999761e-02
6.649221499999999341e-02
-1.784933000000000006e-02
1.964353599999999964e-02
-3.330911699999999920e-02
-3.252943999999999974e-02
-7.542887199999999924e-03
-3.662573000000000217e-02
-1.818917899999999976e-02
-4.492435599999999689e-03
-6.187989399999999779e-03
-7.571303000000000061e-02
-2.425352999999999884e-02
-5.294507999999999853e-02
5.021323999999999926e-02
-3.222364999999999952e-02
5.229413499999999854e-02
-4.713021000000000398e-03
-4.653166599999999931e-02
8.708755499999999835e-04
1.029443700000000003e-02
1.027412699999999922e-02
-2.929694499999999785e-03
1.083995999999999918e-02
-6.356525699999999827e-03
-9.402759999999999807e-04
-3.616640299999999975e-02
1.790177000000000001e-03
8.017239499999999797e-05
5.613904000000000116e-02
1.044097899999999954e-02
1.843759199999999918e-02
2.183796000000000001e-02
-5.686531000000000224e-02
2.741764999999999827e-02
9.872413000000000022e-03
1.181544099999999944e-02
-2.135029800000000019e-02
5.339011500000000188e-02
6.244522000000000267e-02
1.255443099999999958e-02
1.250265599999999915e-02
-8.926850000000000063e-03
1.377563400000000014e-02
-1.980921499999999807e-03
-9.204320000000000210e-03
2.138744500000000145e-02
-2.211932499999999871e-02
2.028717699999999999e-02
2.691122300000000148e-02
-5.086684000000000344e-02
9.251242999999999272e-03
-1.550659300000000081e-02
-1.283404099999999916e-02
-7.328007000000000271e-02
-7.316436600000000151e-03
-9.659650000000000181e-02
8.882076500000000638e-03
-2.997611999999999846e-02
-6.511880599999999610e-03
2.079394600000000065e-02
-2.784116400000000158e-02
-1.242854349999999997e-02
-4.210980000000000278e-02
-5.985764400000000152e-02
-4.750228299999999931e-02
-1.235243599999999962e-02
-2.278489800000000134e-02
5.067500299999999624e-03
3.058510600000000079e-02
-7.638013000000000441e-02
-4.259173300000000315e-03
7.120342600000000022e-02
9.695061499999999347e-03
3.694829699999999800e-02
2.188567300000000132e-02
3.748593000000000064e-02
4.387598999999999839e-03
1.892333499999999946e-02
4.966990000000000120e-03
-1.593742100000000023e-02
-5.963130299999999662e-02
9.131953999999999419e-03
-7.545218000000000237e-03
-6.218200000000000116e-02
-1.280508799999999919e-02
3.763321000000000027e-02
3.955824000000000146e-02
4.909593200000000185e-02
-5.790085000000000370e-03
4.421583999999999931e-02
-2.077113499999999960e-02
-2.098575699999999898e-03
-3.060996699999999834e-02
7.298768999999999396e-02
-1.816395999999999983e-02
-3.847822000000000048e-02
-2.829685800000000112e-02
3.149521000000000265e-02
3.656204599999999909e-03
2.778437200000000162e-02
-1.698328600000000022e-02
-2.742169800000000129e-02
8.103288000000000157e-03
6.053146300000000063e-02
-1.329873099999999940e-02
-1.079882000000000064e-02
1.167613550000000042e-02
-3.318029000000000117e-02
-8.350065999999999955e-04
1.131994899999999929e-02
3.171223000000000097e-02
6.761214999999999586e-02
-4.236534000000000133e-02
4.850790399999999926e-03
-6.905335000000000292e-03
-7.429275699999999746e-03
-4.158644400000000019e-02
-1.522488299999999982e-02
3.647282300000000144e-02
-1.817964399999999828e-02
-4.514178300000000303e-03
1.357183300000000016e-02
-1.255051100000000031e-02
9.362227000000000309e-04
-3.865168000000000076e-02
1.974103999999999963e-03
2.562361200000000047e-02
-2.594956799999999925e-02
1.900814099999999923e-02
-4.396915400000000335e-02
4.065114999999999701e-02
7.429929499999999784e-03
1.416339599999999997e-02
-2.631066400000000097e-02
-1.460768299999999978e-02
-7.465592999999999535e-02
3.198518899999999894e-03
1.483176599999999970e-02
5.798874400000000179e-02
-2.320552400000000168e-02
4.314166299999999676e-02
-1.924487999999999893e-02
5.717541999999999763e-02
-4.704874999999999856e-03
4.023803000000000102e-02
5.991324399999999745e-02
7.112006700000000382e-03
-4.285863799999999751e-02
3.035343000000000069e-02
8.381101500000000259e-02
-2.974184599999999887e-02
-8.922931000000000612e-02
-1.405833599999999984e-03
4.162790300000000082e-02
-2.324787000000000034e-02
-1.329951300000000065e-02
4.378285700000000228e-04
9.020444000000000725e-03
1.967708799999999883e-02
6.563878599999999758e-03
-1.926572600000000038e-02
4.914217599999999575e-03
-7.259781999999999347e-02
-5.962694499999999891e-03
-5.778097999999999741e-03
-2.106896000000000116e-02
-3.151391899999999788e-03
2.093717999999999968e-02
1.983632700000000082e-02
1.978567599999999857e-02
5.942909400000000175e-02
4.952620700000000264e-02
-4.006001000000000006e-02
3.008705399999999849e-02
-2.659163999999999972e-02
5.711685999999999673e-03
6.989359399999999813e-03
6.954675999999999914e-02
7.484828999999999788e-02
-7.060552999999999968e-02
5.236475499999999894e-02
-5.005635700000000271e-02
7.262794000000000194e-02
-2.119562599999999866e-02
-2.668198999999999918e-02
-5.693585999999999786e-02
3.592367500000000213e-02
1.568583800000000056e-02
-3.546298299999999654e-02
3.185960699999999812e-02
5.076216499999999798e-02
-3.166439800000000332e-02
-2.271001700000000161e-03
-2.534509999999999888e-02
6.034269499999999828e-03
-4.418112700000000059e-02
-2.488758400000000079e-02
1.254599399999999955e-02
1.062299199999999907e-03
4.674377000000000393e-03
-9.173295999999999187e-03
-1.155384400000000061e-02
2.088106600000000021e-02
1.585718399999999986e-02
-2.025939900000000085e-02
3.964792200000000211e-02
-1.762014799999999867e-02
-5.484325999999999784e-02
-5.580501000000000211e-02
3.335584700000000097e-02
3.824384000000000117e-02
6.302908000000000122e-02
1.064334999999999934e-02
2.504412500000000041e-02
8.119218999999999742e-02
-2.758345200000000136e-02
4.748957200000000073e-02
7.104185999999999834e-02
3.526050000000000018e-02
1.528469499999999918e-02
1.667728599999999950e-02
-4.285775499999999738e-02
1.578304499999999945e-03
-1.345365100000000093e-03
2.573566700000000027e-02
-6.140701999999999619e-03
2.568318299999999832e-02
-2.523980500000000057e-02
3.138757999999999826e-02
9.691437000000000662e-03
1.181069099999999990e-02
9.724885000000000820e-03
1.235893700000000083e-03
-5.174762399999999901e-02
2.288189200000000090e-02
3.256544000000000105e-02
2.668627700000000130e-02
1.618366599999999976e-03
1.390514150000000081e-02
3.332993399999999856e-02
-3.182480499999999768e-02
-7.244312999999999621e-03
3.015195999999999849e-02
-3.732472699999999938e-03
2.728583999999999871e-02
-2.748694499999999874e-02
2.254738800000000154e-02
7.340629999999999378e-02
2.767708199999999868e-02
-2.688691300000000100e-03
-6.582916499999999504e-02
-3.997915199999999697e-02
4.022444399999999809e-02
-2.275206499999999840e-02
1.361789400000000018e-02
-4.743611400000000144e-03
1.431204699999999962e-02
5.289479999999999876e-02
-1.249682000000000050e-02
4.495450499999999877e-02
3.856527399999999921e-03
2.005883899999999845e-02
-4.638153600000000099e-03
6.702451499999999632e-03
9.097486000000000114e-03
-3.535370800000000192e-03
-5.336770999999999703e-03
-2.843623600000000015e-02
-4.743796000000000124e-02
2.937092399999999964e-02
-1.653471200000000002e-02
-2.829317400000000080e-02
-4.444633800000000190e-02
2.593812300000000130e-03
7.853521000000000460e-03
3.339915999999999718e-02
9.034659999999999913e-03
1.105887600000000047e-02
1.122994050000000049e-01
5.329274600000000368e-03
6.072067500000000173e-02
3.912610200000000288e-02
2.085295699999999836e-02
2.881640400000000032e-02
-1.456462900000000081e-02
1.524156800000000048e-02
-4.341574399999999917e-02
-3.738548199999999766e-02
-1.956629799999999933e-02
9.671426000000000328e-03
4.003655500000000145e-02
3.766295699999999691e-02
-4.115772400000000317e-03
4.073975999999999986e-02
-1.920185400000000084e-02
-1.612264100000000006e-02
4.053098699999999749e-02
-4.037448800000000004e-02
-6.061637400000000064e-02
-3.420692300000000019e-02
1.278789599999999999e-02
-2.530986000000000000e-02
-4.768603500000000335e-03
-1.720462199999999928e-02
-6.588782999999999446e-02
1.801663499999999959e-02
8.118227000000000429e-03
2.838360499999999925e-02
-5.417921800000000121e-02
-2.782264500000000002e-02
-5.160006500000000051e-02
3.240101699999999810e-03
4.426240000000000036e-02
6.302429400000000154e-03
3.793746600000000302e-02
5.353309600000000223e-02
1.046695800000000016e-02
-3.645912000000000068e-04
1.208325900000000071e-02
2.760169700000000143e-02
-1.646432000000000104e-02
8.795094000000000523e-02
-2.154278600000000127e-03
-4.181631000000000237e-02
-2.479304400000000019e-02
5.579824700000000220e-02
-7.276518999999999349e-02
2.424186799999999975e-02
5.741844000000000114e-02
6.210108500000000031e-02
-3.401082799999999989e-02
6.955711000000000532e-02
1.769108100000000086e-02
1.153284199999999975e-02
-5.231800000000000339e-02
6.065201000000000099e-03
-3.557385500000000145e-02
-5.171560000000000393e-03
-2.923879199999999956e-02
8.994728000000000445e-03
-4.606269699999999967e-02
1.839715199999999995e-02
-1.539370299999999990e-02
-1.821221800000000094e-03
-2.043697499999999872e-03
-9.835998999999999947e-05
8.995504999999999474e-02
-5.281845500000000027e-02
-2.962419599999999847e-02
-1.361910350000000020e-02
1.834356200000000076e-02
2.128290600000000074e-02
-4.113490000000000202e-02
-1.123097200000000052e-02
-5.726093000000000155e-02
3.963676000000000178e-03
2.848924300000000090e-02
-5.109271399999999741e-02
1.886043499999999831e-02
-6.122586999999999648e-03
-2.571020599999999934e-02
-7.545791000000000304e-02
-2.230512700000000098e-02
-2.113125999999999893e-02
3.398853399999999993e-03
5.517151199999999894e-02
3.143800000000000067e-02
-1.348956299999999955e-02
4.983231800000000045e-02
-7.189440499999999803e-03
-5.377972500000000045e-02
-2.445867800000000106e-02
-5.688102999999999909e-02
-6.115937600000000314e-03
-3.448352600000000046e-02
-4.085998200000000302e-02
-1.197753300000000028e-02
-8.440655999999999506e-03
-1.044665000000000003e-02
-2.012723300000000132e-02
-1.399322799999999992e-02
-3.772799000000000291e-02
2.410081799999999955e-02
-1.420909799999999987e-02
7.819370000000000834e-03
3.796271200000000262e-02
-5.879783999999999705e-02
3.845613199999999964e-03
7.011968000000000367e-02
1.268270500000000071e-02
1.621558700000000006e-02
-8.192992999999999804e-02
5.798464599999999906e-03
-3.269512599999999797e-02
-1.748010499999999925e-02
-3.520077499999999665e-02
2.224250100000000133e-02
-3.633916000000000229e-02
1.120194699999999943e-03
-3.957181700000000392e-03
1.345558699999999976e-03
-9.404219999999999594e-03
-6.990472000000000179e-03
-3.396796800000000116e-02
-4.602479200000000187e-02
-3.020944000000000060e-02
-7.155894499999999880e-02
-2.896204999999999960e-02
-2.562620300000000018e-02
1.452059300000000004e-02
6.296167600000000288e-03
-2.006576800000000119e-02
1.406153100000000038e-02
-8.531433499999999462e-03
-1.202917000000000049e-02
-1.357679699999999982e-02
-2.753136700000000103e-02
3.233223799999999926e-02
-1.256415299999999978e-02
-1.791044899999999843e-02
3.549117599999999928e-02
-3.627730500000000274e-02
5.234589399999999698e-02
-4.601002099999999904e-04
4.164476400000000425e-03
-4.474291000000000032e-03
-6.929290500000000012e-03
2.568949200000000127e-02
-5.231023600000000301e-02
-1.042325049999999996e-02
-2.551807600000000065e-02
-1.261520000000000002e-02
3.427738999999999786e-02
3.792857399999999962e-02
-2.850383999999999904e-02
1.576140300000000022e-02
3.307161499999999865e-02
5.029912699999999903e-02
-8.481950000000000253e-03
-2.193174000000000165e-02
4.947348699999999655e-02
-1.797233000000000077e-03
4.542124599999999846e-02
-6.443306999999999507e-02
1.406930699999999965e-02
1.119199199999999957e-02
-4.954337999999999798e-02
1.761780300000000132e-02
6.177433799999999808e-03
-3.297826599999999914e-02
-4.198940000000000311e-02
4.102944599999999720e-02
6.323511999999999883e-03
3.422628300000000318e-02
-1.239201399999999981e-02
1.495541499999999968e-02
-6.610525000000000428e-02
-3.894728000000000079e-02
1.094333599999999969e-02
4.271412599999999810e-02
-3.539902900000000026e-03
2.999192499999999762e-04
4.291314000000000239e-02
2.925570300000000096e-02
2.597283299999999812e-03
5.083314299999999730e-02
-4.956809999999999862e-03
-1.981072500000000125e-02
-3.329425300000000282e-02
7.240683999999999836e-03
5.785594000000000153e-02
4.244106999999999741e-02
-6.607092999999999647e-03
-1.361513599999999991e-02
-3.387803000000000342e-02
-3.246173599999999798e-02
9.592340000000000588e-02
2.889419699999999994e-02
-1.030622999999999956e-02
-4.858808000000000051e-03
-3.872042300000000121e-03
-1.494994399999999973e-02
-2.843943800000000091e-02
3.683216000000000268e-02
-5.171463999999999922e-02
-2.037791499999999992e-02
1.825139500000000099e-03
1.783403600000000103e-02
-1.295996550000000011e-02
2.846768499999999952e-02
3.205018500000000187e-02
4.244321200000000099e-02
3.892712999999999729e-02
2.267144000000000104e-02
-2.913074400000000008e-02
-1.404098800000000077e-02
5.083947999999999939e-02
-7.907198999999999478e-02
2.281091199999999916e-02
-3.681374500000000015e-03
-4.890273600000000307e-04
4.233005599999999785e-02
-8.433111000000000079e-03
3.623148000000000341e-02
-1.345054600000000072e-02
2.866689999999999863e-02
5.154523300000000280e-02
-8.726387000000000380e-03
7.595999000000000501e-02
-3.466471299999999978e-02
1.509525199999999965e-04
-2.006544999999999856e-02
2.379747000000000112e-02
-2.043179999999999909e-03
-2.051872199999999966e-02
