7.495054600000000677e-02
1.354774549999999966e-02
-1.628396099999999957e-02
-1.078614500000000045e-02
1.138981199999999916e-02
7.585250999999999799e-02
1.748530800000000149e-02
3.815740699999999735e-02
-8.357258500000000825e-03
-8.890739999999999407e-03
2.897166500000000061e-02
5.602113499999999968e-02
9.119001000000000190e-02
1.260296900000000032e-02
3.465675000000000006e-02
-1.912783800000000117e-02
1.484078450000000070e-02
8.585185600000000417e-02
-8.055588599999999322e-02
7.285224999999999557e-04
-1.401388200000000007e-03
1.914390200000000083e-02
2.472974000000000006e-02
-1.916074499999999986e-03
-4.301380999999999954e-02
-2.768808799999999959e-02
-3.560151999999999761e-02
-2.970084400000000055e-02
-8.175312000000000551e-03
-4.738741400000000270e-02
4.020717399999999830e-02
3.929930000000000229e-02
7.901053999999999369e-03
2.964413399999999907e-02
3.709446599999999955e-02
1.516549500000000019e-03
-1.163194099999999981e-02
-2.841107999999999828e-02
4.276048999999999822e-02
-1.061083699999999935e-01
-3.880965000000000109e-03
-3.267872699999999769e-02
-3.111212699999999984e-02
1.198524299999999959e-02
-2.198574299999999856e-02
-3.915653399999999978e-02
-1.788220600000000118e-02
-4.012629000000000196e-03
-1.924916999999999948e-02
3.299069799999999886e-02
-7.174657000000000083e-03
9.186243999999999660e-03
-4.928300000000000042e-02
3.602249799999999915e-03
-2.523353700000000033e-02
-3.007728200000000032e-02
-4.040267699999999795e-02
-2.213031000000000026e-02
1.393610799999999914e-02
-3.318200600000000000e-02
2.086099599999999971e-02
-3.480302900000000095e-03
-4.615690199999999965e-02
5.489922599999999715e-03
3.772155600000000331e-02
-1.006096899999999947e-02
1.055485100000000051e-02
-1.935761199999999974e-02
-5.538109699999999719e-02
-1.374932400000000027e-02
-4.404552999999999940e-02
4.416679600000000122e-02
-5.606584600000000251e-02
4.082894699999999738e-02
2.233807200000000048e-02
-2.516221700000000148e-03
7.120227399999999943e-03
-8.861532999999999563e-03
2.653570699999999866e-02
3.233061000000000268e-02
-3.485632699999999945e-02
-2.883216699999999882e-02
3.458309999999999856e-02
2.289450499999999902e-02
6.508941800000000132e-03
4.117701700000000326e-03
-1.254011799999999940e-02
-5.312807000000000120e-03
-5.365322499999999883e-02
-3.011429300000000031e-02
8.367249000000000214e-02
9.273026000000000185e-03
-1.754462299999999877e-02
-2.669012200000000015e-02
6.211186600000000169e-02
-2.142681700000000078e-02
-3.484000000000000291e-02
-3.759894500000000167e-02
-1.589644000000000126e-02
6.631314800000000405e-03
-1.468004000000000010e-02
3.532643600000000272e-02
-1.645163599999999865e-02
-5.450727400000000139e-02
2.694070499999999882e-02
-1.952688900000000040e-03
-2.365834299999999835e-02
-4.475677399999999917e-02
-4.632640600000000053e-02
1.721976700000000041e-02
-7.993079999999999630e-03
6.432124000000000001e-03
1.303691899999999924e-03
1.167466600000000021e-02
-1.673929199999999937e-02
-1.249769199999999948e-02
-7.434798999999999748e-03
3.348050600000000016e-02
-2.861726599999999971e-03
-4.592882999999999688e-02
2.547378000000000142e-02
8.810543999999999321e-02
-2.925355199999999864e-02
5.337514000000000147e-02
7.390051000000000259e-02
3.293287000000000297e-02
-3.040943700000000097e-02
-8.996683000000000111e-03
-3.713327599999999978e-02
-6.601668399999999909e-03
2.717595999999999901e-02
-4.474857999999999961e-03
-1.098295900000000047e-02
-1.795122799999999963e-02
8.263546999999999559e-03
5.331124999999999926e-03
5.612528299999999803e-02
3.900751000000000045e-03
1.367816500000000081e-02
4.300128300000000126e-02
-2.573796999999999890e-02
-4.938110300000000258e-02
-7.301981999999999917e-02
-1.327965199999999943e-02
1.181753699999999949e-02
-4.064656800000000098e-02
1.317244400000000017e-02
4.226131699999999963e-02
-5.173705500000000401e-03
1.295787099999999928e-02
-7.943484000000000655e-02
-3.948083499999999885e-02
6.381339599999999446e-02
-6.997022999999999784e-03
-1.820947500000000014e-03
3.953851800000000166e-02
3.873460699999999729e-02
-3.499742200000000025e-02
1.138975899999999930e-02
-1.229454599999999995e-02
2.249259500000000064e-02
-5.797553400000000218e-02
2.240579800000000107e-02
1.941813699999999851e-02
-2.750600500000000004e-02
-3.568729999999999819e-02
-4.316902499999999976e-02
-7.820299000000000000e-02
-5.407150999999999798e-03
-5.024554199999999721e-02
-4.349066299999999885e-02
1.533305899999999958e-02
-5.988178000000000251e-02
-1.044030100000000044e-01
-7.958780999999999842e-03
3.379295400000000005e-02
4.587129999999999680e-02
1.925273200000000157e-02
-8.274929000000000312e-02
-1.776885400000000059e-02
5.262839799999999985e-02
2.936857799999999935e-02
-5.123635799999999921e-03
-7.579919999999999713e-02
1.165821199999999939e-02
-1.277001899999999921e-03
2.124341600000000108e-02
2.040028199999999875e-02
1.390731100000000033e-02
1.315764799999999922e-02
-1.682885699999999915e-02
-7.088478999999999960e-03
-2.368471399999999907e-02
1.338637900000000033e-02
-4.589839300000000261e-02
8.444010500000000141e-02
2.984909700000000152e-02
-4.906394299999999875e-02
-4.800284999999999969e-02
-1.424220500000000084e-02
4.955467200000000100e-02
9.227093999999999921e-04
1.215639150000000050e-02
-2.147769000000000067e-02
-3.696416699999999916e-02
1.834294800000000128e-02
-2.001091500000000065e-02
-4.062809399999999654e-02
8.237393000000000839e-03
1.249553899999999995e-02
-7.017038000000000442e-02
1.833902299999999944e-02
-4.058396400000000015e-02
-1.593738000000000099e-02
5.312745500000000398e-03
3.500581999999999999e-02
6.664335000000000397e-02
-7.424792700000000176e-03
5.559709300000000021e-02
-1.122463599999999964e-02
6.137819999999999995e-04
1.799920799999999918e-02
2.067241799999999883e-03
6.946324600000000626e-02
-8.317489000000000826e-03
-7.695805000000000007e-02
-1.147091499999999958e-01
2.478630500000000153e-02
-4.630160000000000352e-03
-2.673484200000000172e-02
-2.919252700000000023e-03
6.622775000000000190e-02
-4.610043800000000053e-02
-1.658952799999999922e-02
-3.405685700000000288e-02
6.764245000000000674e-02
3.494463999999999904e-02
-3.922337699999999677e-02
-7.200744499999999979e-03
3.169274699999999941e-03
-2.118122600000000091e-02
2.657705200000000031e-02
1.516286799999999949e-02
8.021080999999999350e-03
-5.190911700000000115e-03
-4.924311300000000328e-03
5.700025699999999862e-02
3.099476500000000051e-02
-4.475362599999999774e-02
2.355733000000000132e-02
1.246485599999999985e-02
5.653487000000000096e-02
-1.603042500000000006e-03
3.490284599999999952e-03
-2.560105199999999914e-02
-2.101992500000000180e-03
2.683061700000000105e-02
4.693022000000000166e-02
-1.165168450000000043e-02
5.913874000000000387e-03
6.278143999999999392e-02
-2.532710499999999906e-02
7.097540400000000409e-03
-2.551169999999999827e-02
-3.986210700000000079e-02
-6.958809000000000522e-02
-1.509057400000000070e-02
4.961540000000000394e-03
1.121887499999999968e-02
-3.479961699999999797e-02
8.668768999999999780e-03
-1.456316399999999954e-03
-7.448399999999999466e-02
8.071679000000000007e-03
-6.930949000000000138e-02
2.836098000000000091e-02
2.476410000000000070e-02
1.367320099999999941e-02
-7.487668000000000275e-03
-3.890948000000000323e-02
2.431271000000000126e-02
-1.301344599999999969e-02
2.961416500000000132e-02
1.006362799999999981e-02
1.446089200000000080e-03
-3.980084500000000136e-02
-3.103903900000000091e-02
-2.721319499999999905e-02
2.570866800000000049e-02
-3.286302499999999710e-02
5.505159999999999915e-02
1.156216950000000035e-02
-4.127497000000000110e-02
-6.853554000000000590e-02
4.385494999999999671e-02
3.987431500000000219e-03
3.014833100000000043e-02
5.078477800000000264e-02
-4.468845999999999929e-02
3.461487000000000071e-03
-6.275972399999999590e-03
1.871699300000000121e-02
-9.283929999999999960e-02
-1.383267300000000019e-02
-6.222447999999999868e-02
1.319349799999999968e-02
-5.281989499999999692e-03
1.218112699999999993e-02
-3.468337700000000134e-02
1.576657799999999984e-02
5.973368500000000164e-02
6.913353999999999333e-02
-2.714900900000000172e-02
-2.246679600000000068e-02
-6.016377400000000319e-02
-1.709324699999999891e-02
-1.299136300000000022e-01
2.629429600000000172e-03
3.263493600000000328e-02
-5.451904599999999809e-03
1.328678299999999993e-02
7.528177999999999953e-03
2.647680000000000172e-02
1.549988499999999873e-04
4.828508200000000000e-02
-1.715314000000000075e-02
4.929037300000000364e-03
-2.473697799999999974e-02
2.168062700000000093e-02
2.687319399999999955e-02
9.959809000000000023e-03
-3.349072000000000160e-02
9.505175400000000175e-04
-4.219095400000000273e-02
1.831803099999999938e-03
3.170458599999999988e-02
-4.342444200000000060e-02
1.900198300000000007e-02
7.970119999999999982e-02
3.251907000000000061e-03
1.601021999999999862e-02
-2.483507399999999952e-03
3.344522999999999940e-02
-2.505583499999999852e-02
6.606111000000000014e-04
-4.035993300000000061e-02
-4.951582799999999784e-03
-5.188745300000000005e-02
-1.578823000000000032e-03
-1.959773500000000154e-02
3.182832499999999759e-02
8.006354400000000038e-02
2.203978599999999871e-03
-5.256284800000000229e-02
-3.177593299999999926e-02
5.940044999999999700e-03
1.920378600000000047e-02
-8.051076000000000760e-03
4.732825000000000226e-02
-2.049658000000000209e-03
6.778067399999999736e-03
-6.084998599999999654e-03
-5.833355200000000206e-03
3.633623999999999882e-02
5.763737499999999764e-02
-2.035216399999999985e-03
8.128303999999999391e-03
1.746451300000000095e-02
-7.137334000000000386e-03
-1.556038950000000060e-02
-4.813909000000000243e-02
-1.927338699999999946e-02
1.965299599999999897e-02
2.722474199999999969e-02
8.977715000000000695e-03
-4.420419800000000010e-02
-2.798408499999999882e-02
3.396267000000000123e-03
1.582109699999999924e-02
-3.999446300000000093e-02
-1.830924899999999966e-02
-4.722353399999999757e-02
-1.176674800000000048e-02
5.086148000000000058e-02
-1.705276400000000150e-02
3.010688699999999884e-02
-6.939918500000000212e-02
-2.782867300000000169e-02
5.947750499999999649e-03
4.676864500000000257e-04
-3.684409999999999769e-02
6.559418000000000193e-02
-1.322259700000000086e-02
4.597315600000000113e-02
-1.280007499999999930e-02
1.100375100000000085e-02
-2.454502100000000020e-02
1.519763600000000048e-02
-5.420680299999999785e-02
1.231551399999999963e-02
-3.088735000000000092e-02
-4.523508999999999863e-02
9.489719000000000626e-02
3.774433600000000333e-02
4.633361999999999897e-02
1.791768599999999994e-03
6.076412999999999953e-02
-1.874343100000000137e-02
-5.394164500000000334e-02
1.693635199999999827e-02
4.106782400000000277e-02
-4.152581000000000327e-02
-7.280675999999999815e-02
3.760246200000000316e-02
-9.416023000000000795e-03
-1.912136700000000022e-02
1.104667299999999991e-02
1.127982699999999922e-02
-6.685136399999999646e-03
3.182320000000000287e-02
-1.182392699999999970e-02
3.610895000000000077e-02
4.830786000000000108e-02
4.548793300000000123e-02
-2.319774600000000173e-02
-4.695489600000000291e-02
-2.536871799999999844e-02
2.487895500000000121e-02
-3.186744500000000119e-02
-2.154545500000000155e-02
8.680188000000000140e-03
3.300898499999999763e-02
-1.141800400000000069e-02
3.317910799999999882e-02
-9.513857000000000563e-03
4.769494800000000090e-02
3.773929000000000172e-02
-9.172447000000000239e-03
-2.335388199999999942e-03
4.864031399999999700e-02
3.403075499999999934e-03
-4.158529600000000076e-02
1.458242350000000034e-02
-1.220888600000000039e-02
1.123064900000000053e-02
2.984223000000000084e-02
1.006527599999999974e-02
7.132308000000000398e-03
-2.721489200000000094e-02
-4.279521499999999756e-02
3.095346499999999945e-02
1.438531499999999921e-02
4.335623200000000149e-02
-2.307230799999999971e-02
-7.291865000000000152e-02
-6.649145000000000402e-03
-7.762467999999999799e-03
7.887665999999999775e-03
-7.311326499999999673e-03
1.708431399999999975e-02
-6.584975999999999330e-02
2.782278200000000076e-03
3.473416299999999846e-02
1.244338400000000004e-02
8.507384999999999253e-03
-6.355025999999999731e-02
-5.840562700000000163e-02
7.003002999999999312e-02
1.778916800000000017e-04
3.643632299999999963e-02
-8.698401500000000307e-04
-1.782193400000000108e-02
1.190535949999999982e-01
3.480129700000000187e-02
-3.955748299999999745e-02
-2.339910499999999990e-02
2.814466300000000032e-02
-1.985713299999999903e-02
-5.378499600000000158e-02
1.900499799999999994e-03
-8.347820999999999714e-02
-3.605755500000000155e-03
-3.387162999999999979e-02
1.794125699999999865e-02
2.684300200000000122e-02
-4.512930700000000045e-02
-8.666092999999999713e-03
3.707454000000000305e-02
-4.256506599999999862e-02
-5.023121500000000267e-02
-1.154708100000000071e-02
2.715004400000000165e-03
9.977830999999999506e-03
-2.441669999999999952e-02
2.324549899999999933e-02
-3.587847000000000258e-02
4.175005999999999856e-02
9.124214000000000283e-03
-2.674777600000000088e-02
5.197294000000000219e-02
3.509022700000000161e-02
1.288430900000000004e-02
-5.501414500000000041e-02
-3.426143499999999981e-02
-4.844149999999999845e-02
-7.843861000000000583e-03
-2.179975199999999863e-02
-4.821576000000000334e-02
1.937172699999999831e-02
-2.581203400000000106e-02
-2.632759699999999946e-03
-3.814332000000000139e-02
-8.354478499999999988e-03
1.391766300000000026e-02
-5.482638599999999779e-02
-3.634244999999999837e-02
-2.902696299999999938e-02
6.243422999999999681e-03
-1.856869800000000154e-02
5.697471600000000164e-02
-3.409956399999999888e-02
-1.829000000000000070e-02
1.031096100000000043e-02
3.827431399999999678e-02
-1.049620100000000014e-02
6.110976500000000339e-03
2.584529699999999972e-02
2.242416599999999885e-03
-1.736843999999999888e-02
-1.401891499999999985e-02
1.528663199999999965e-02
7.339968500000000617e-02
1.858954699999999923e-03
1.662253400000000131e-02
2.197067399999999907e-02
7.638001399999999608e-02
6.838412000000000657e-02
-1.201729999999999986e-02
4.373951000000000054e-03
4.860392599999999869e-02
4.721008599999999833e-02
2.216394199999999898e-02
9.787741000000000843e-03
2.067369000000000151e-02
5.285315200000000047e-02
3.505359599999999937e-02
4.613310000000000327e-02
1.288486699999999950e-02
-4.611417000000000294e-02
6.880329500000000043e-02
-5.062932500000000280e-02
3.557203799999999940e-03
-5.695122799999999784e-03
-3.494777699999999931e-03
-1.343462100000000076e-02
-6.028230999999999867e-02
4.810776199999999836e-02
1.720549199999999931e-02
1.915459900000000132e-02
-7.264837999999999851e-02
3.501027000000000305e-02
-7.143689999999999762e-02
2.348343099999999906e-02
5.491120700000000181e-03
-5.830789699999999742e-02
-5.406540600000000335e-02
-4.703182399999999985e-02
6.430196999999999996e-02
-3.704831399999999886e-02
2.162111599999999925e-02
1.553905199999999938e-02
1.758914799999999889e-02
1.777038499999999965e-02
-1.943693499999999894e-02
-4.181975000000000102e-03
-3.828567299999999923e-02
-2.815708299999999942e-02
-1.178796900000000057e-02
1.166382399999999972e-02
-8.162927000000000377e-03
5.806389000000000342e-03
-8.287983999999999976e-03
2.907924400000000062e-02
2.756749000000000005e-02
-2.036980999999999861e-02
-4.130055400000000321e-02
-5.932457999999999829e-03
-2.540933500000000164e-02
7.189445000000000037e-03
1.341870200000000067e-03
-2.210312299999999883e-02
-6.094717000000000363e-03
2.983573000000000214e-03
-7.013867999999999492e-02
8.176722399999999946e-02
-7.078587999999999547e-02
-1.985353600000000149e-02
2.677170699999999876e-02
4.394769300000000295e-02
-6.991546599999999730e-03
2.941486399999999890e-02
-2.003730600000000125e-02
8.160697000000000090e-02
2.178892099999999929e-02
-2.564133299999999879e-02
-3.254321200000000192e-02
4.556544000000000046e-03
-9.163991000000000497e-02
-3.681004799999999799e-02
-6.554164000000000344e-03
-1.475352299999999972e-03
4.616971999999999743e-02
-1.475878400000000049e-02
-2.843717100000000067e-02
-6.842676599999999998e-02
-1.625197399999999889e-02
-8.023273000000000210e-02
-2.494376200000000127e-02
2.851502399999999993e-02
2.390367499999999923e-02
-1.819290599999999827e-02
3.030309000000000128e-02
-1.546991300000000007e-02
2.924084999999999879e-02
-7.143228000000000077e-02
-5.918377499999999576e-03
5.004162699999999825e-02
2.617328000000000016e-02
4.617784999999999945e-02
1.812710799999999942e-02
-8.398107000000000141e-03
3.128945100000000198e-03
7.259031000000000511e-02
-3.079903100000000102e-02
-4.669148000000000048e-02
-5.612579000000000179e-02
5.240538999999999788e-03
-8.500610000000000457e-03
2.910861699999999982e-02
-1.262914000000000050e-02
3.880567000000000131e-03
1.784551700000000171e-02
5.367842700000000078e-02
-2.238421900000000034e-02
-5.274985000000000090e-02
1.339532199999999944e-02
-2.800711599999999857e-02
-3.941749800000000220e-02
2.937512000000000109e-02
5.181837499999999985e-02
2.043292099999999972e-02
8.093005000000000337e-03
-5.215758000000000200e-02
2.540841099999999880e-02
-4.586783700000000331e-03
1.382460299999999954e-02
2.123169600000000129e-02
-1.781367099999999967e-02
1.973954799999999912e-02
-1.839499400000000132e-02
1.046278049999999939e-02
3.910900999999999614e-03
1.748200000000000101e-02
-7.629434600000000247e-03
8.279386999999999164e-03
-2.111898200000000142e-02
-4.719770300000000057e-02
1.400081100000000103e-03
-1.952898700000000112e-02
4.918399300000000050e-03
-2.320542700000000069e-02
-3.780878000000000017e-02
-2.031295199999999870e-02
2.914209900000000117e-02
-1.629763099999999992e-02
3.736409000000000258e-02
2.353540999999999966e-02
-3.962040000000000006e-02
-2.824772899999999920e-02
4.695259999999999712e-03
1.010565599999999932e-02
-1.333531599999999984e-02
-8.785083000000000822e-03
-3.322492999999999974e-02
-7.019063000000000385e-02
-4.471352300000000154e-03
6.601824600000000265e-02
1.761791800000000021e-03
4.026896999999999768e-03
1.324830999999999925e-02
-9.681852999999999813e-04
-5.027616000000000029e-02
5.782775999999999889e-03
6.961198999999999859e-02
-2.438369400000000090e-02
7.651421399999999706e-02
-2.736266099999999993e-02
-2.071653899999999909e-02
-9.500075000000000186e-03
-1.772898399999999972e-02
-7.281939599999999848e-04
-3.595465400000000256e-02
-5.157391699999999690e-02
-2.445387799999999834e-02
1.799803399999999956e-02
-1.244659199999999938e-02
5.526240500000000055e-02
5.635428399999999755e-02
-1.901204000000000088e-02
4.064380399999999866e-02
-2.069131800000000021e-02
2.891522300000000031e-02
5.577282199999999968e-02
8.695167000000000174e-03
1.659613100000000008e-02
3.250876400000000249e-02
5.592119999999999730e-02
-1.140201100000000009e-03
3.685039300000000212e-02
-1.029879099999999985e-02
9.913874000000000297e-02
-2.680276700000000165e-02
-2.170122999999999931e-03
3.847113600000000300e-02
1.179265300000000016e-02
-2.887820799999999896e-02
-5.263825500000000185e-02
1.127106699999999920e-02
-1.669775999999999899e-02
1.914259000000000099e-02
4.436509000000000286e-02
2.447024399999999864e-02
-4.610282599999999953e-02
1.665797800000000037e-02
-4.576169399999999859e-03
-2.517461000000000004e-02
2.057296200000000193e-03
-1.245429800000000080e-02
-4.447692000000000312e-02
4.709550700000000173e-02
1.808675800000000139e-02
-2.369745800000000110e-02
-4.212766500000000164e-02
-5.918207499999999935e-04
-6.810311000000000316e-03
-2.579199800000000174e-03
-3.057960399999999981e-02
-1.925747100000000170e-02
1.786687999999999926e-04
-7.631090000000000095e-02
-5.726794000000000329e-02
-1.694237599999999858e-02
7.491858700000000350e-03
1.384495799999999966e-03
3.558488600000000307e-02
-3.141852500000000270e-02
1.288717399999999950e-02
-3.311889600000000183e-02
3.645970700000000092e-02
-2.369512000000000007e-02
-5.055239000000000260e-02
7.224990400000000368e-02
-2.287324800000000141e-03
-1.659322300000000069e-02
-7.732706500000000038e-02
-8.335069000000000505e-03
9.719029999999999336e-02
-6.093141800000000108e-02
