7.636774999999999813e-02
1.251239200000000065e-02
-3.248113999999999862e-02
7.008551000000000017e-03
1.602191500000000116e-02
5.164049600000000101e-02
6.671517600000000277e-03
3.988029800000000152e-02
4.166493599999999964e-02
-3.049560000000000118e-02
3.230327699999999830e-02
7.709528499999999951e-02
5.451397999999999661e-02
6.256378399999999729e-02
2.861516000000000060e-02
-2.245511099999999982e-02
4.172018000000000254e-02
4.829538600000000265e-02
-5.873999700000000213e-02
-1.096454099999999952e-02
5.259121499999999991e-05
1.139704599999999922e-02
3.610475700000000121e-02
1.171672900000000038e-02
-8.499573500000000455e-04
-3.691693399999999847e-02
-1.346726900000000046e-02
-7.679286000000000445e-02
2.224036000000000068e-02
-9.561767399999999972e-02
3.287919000000000258e-02
8.293422999999999767e-02
3.041417899999999952e-02
-1.033893500000000049e-02
6.760178000000000020e-02
2.599525800000000025e-02
1.600095200000000014e-03
-6.437510700000000259e-03
-1.521613999999999953e-02
-6.014171000000000100e-02
-1.598770700000000031e-02
-4.574262700000000098e-02
-9.962125999999999967e-04
1.709522700000000103e-02
-4.255483999999999656e-02
-4.291363399999999911e-02
-2.588222700000000071e-02
-8.978444399999999407e-05
-4.635078499999999851e-02
3.155114500000000266e-02
-6.384474700000000030e-03
1.602497699999999928e-02
-3.208222000000000157e-02
1.500954999999999998e-03
-1.656473199999999868e-02
-6.515759999999999608e-02
-1.805400299999999902e-02
-2.990001600000000148e-02
8.005845000000000322e-02
-3.249971200000000005e-02
4.087785299999999698e-03
-3.125585599999999853e-02
1.329608600000000036e-02
-4.792881799999999803e-02
2.368354799999999871e-02
-6.570598499999999453e-02
1.590416799999999978e-02
-2.222575200000000140e-02
-7.137631599999999521e-02
4.911854499999999957e-02
-3.095331500000000164e-04
-1.128817000000000015e-02
-1.637954999999999967e-02
1.728813699999999856e-02
-1.579513600000000129e-02
2.758007300000000009e-02
-3.679942700000000261e-02
-1.018040350000000080e-02
1.857113100000000114e-02
-1.660052100000000003e-02
-2.780885799999999880e-02
-1.250319700000000062e-02
2.373319899999999996e-02
2.700492999999999991e-02
-1.424853799999999983e-02
5.056736199999999765e-02
1.038452049999999925e-02
-4.862403500000000295e-02
-4.510636299999999654e-02
-1.865706399999999881e-04
1.129379699999999986e-01
3.936160699999999985e-02
4.541908400000000019e-03
5.715518999999999634e-03
5.282369600000000331e-02
-1.151149899999999969e-02
-8.094993999999999801e-02
-6.131762000000000323e-02
1.425133299999999971e-02
8.512215999999999533e-03
4.041073000000000061e-03
6.182228700000000354e-03
-2.919772600000000023e-02
-2.594255700000000150e-02
4.272308200000000250e-02
1.197808399999999995e-02
6.429028699999999631e-03
-7.916955999999999993e-02
-9.207333600000000562e-02
1.261964999999999962e-02
5.317793800000000098e-02
3.849187999999999915e-02
3.085572799999999893e-02
3.564741000000000177e-03
-3.007311999999999833e-02
-3.367164999999999742e-02
-4.993350399999999661e-02
3.182577999999999796e-02
9.932174999999999684e-03
1.680861599999999845e-02
4.606762999999999830e-02
8.450750999999999402e-02
-2.722497299999999953e-02
5.190352399999999949e-02
7.608115999999999490e-02
4.628525299999999842e-02
-2.242099900000000048e-02
-2.835913199999999870e-02
-4.193344300000000080e-02
1.135608649999999935e-02
5.703540500000000386e-04
-2.607820599999999961e-02
2.239915500000000045e-02
3.445913600000000132e-02
-1.857851400000000083e-02
-3.700463999999999837e-02
2.522215599999999905e-02
-1.804170099999999940e-03
-2.965052599999999910e-03
4.202868399999999671e-02
-3.742550699999999675e-02
-3.824443999999999760e-02
-6.994945599999999319e-02
1.329522099999999943e-02
6.372302299999999713e-04
-7.145211999999999397e-02
5.829444999999999939e-03
3.205635999999999902e-02
3.573609999999999981e-02
1.186422699999999976e-02
-1.378530600000000064e-02
1.006887000000000060e-02
4.721598300000000303e-02
-1.884914000000000034e-02
1.512192000000000093e-03
4.388050000000000284e-02
2.086620000000000141e-02
-6.572497000000000061e-03
8.578013000000000651e-03
7.850951499999999847e-03
2.837426200000000079e-02
-4.954559699999999678e-02
1.226442399999999947e-02
7.559528999999999554e-02
-6.073298700000000216e-02
-3.347582899999999861e-03
-2.357091199999999942e-02
-3.481697300000000106e-02
-7.980071000000000039e-03
4.813978000000000007e-03
-2.611155999999999894e-02
-6.226625699999999847e-02
-2.893613299999999930e-02
-7.434491999999999490e-02
-2.216504700000000022e-02
-1.918636300000000142e-02
-1.693645900000000093e-02
-3.653550500000000284e-02
-5.655199000000000337e-02
-2.458088599999999971e-03
6.071036999999999961e-02
-1.326417799999999973e-02
7.722618999999999794e-04
-2.741339799999999854e-02
-1.963378099999999946e-02
-5.880702000000000151e-02
6.166902600000000179e-02
3.596136300000000313e-02
2.897152999999999881e-02
1.131643400000000022e-02
-3.587490000000000123e-02
1.036091150000000016e-02
9.702880000000000532e-03
3.667663799999999752e-02
-1.240052200000000063e-02
6.864507499999999984e-02
-1.435568499999999997e-02
-1.974819599999999911e-02
2.840384100000000085e-03
-5.630553499999999684e-02
2.561340499999999881e-02
6.366332600000000619e-02
8.373668000000000777e-03
-2.544033000000000058e-02
2.800657199999999868e-03
2.839291000000000037e-02
-2.323072199999999879e-02
-4.978425999999999685e-02
1.898424900000000165e-02
2.318092600000000100e-02
-1.159686600000000081e-02
-1.426855100000000084e-02
-3.795533300000000082e-02
-1.795641499999999988e-02
2.043162700000000082e-02
3.309543000000000207e-02
4.824531499999999695e-02
3.206021700000000196e-02
4.981287000000000215e-02
-4.244356199999999718e-02
5.062933299999999859e-02
-5.716832399999999953e-03
-1.862207199999999993e-02
3.648077999999999738e-02
-1.742720199999999928e-02
-9.531009999999999482e-03
-8.279652999999999319e-02
2.403796500000000141e-02
3.792143200000000058e-03
-6.078674600000000261e-02
-2.744088500000000166e-02
2.659397399999999939e-02
1.394376800000000048e-02
-7.658492999999999724e-03
-2.314485599999999837e-02
4.326322999999999974e-02
3.371184299999999828e-02
-4.893402000000000168e-02
-1.258709399999999919e-03
2.768231800000000176e-03
1.837537599999999969e-03
3.635767000000000165e-02
8.768971000000000404e-03
3.191784300000000130e-03
3.322465000000000140e-02
-6.329469999999999541e-02
6.224915999999999783e-02
3.681746500000000061e-02
-1.847360699999999953e-02
1.652874400000000146e-02
-6.931929400000000005e-03
-1.103346600000000045e-02
-1.923268300000000042e-02
8.410033000000000786e-03
-5.900382299999999691e-02
4.093323299999999942e-02
-1.007668999999999926e-02
5.831300999999999846e-02
-5.790310400000000038e-03
1.130812399999999926e-02
5.300765999999999811e-02
-7.281857499999999823e-03
2.893090800000000171e-02
-2.492210300000000101e-02
-2.086524299999999860e-02
-4.489408400000000077e-02
2.339868599999999840e-02
-1.915228000000000069e-02
-7.435459999999999639e-03
-6.359209000000000389e-02
4.586024999999999824e-02
-4.161963999999999941e-02
-3.314717999999999831e-02
-1.409732099999999946e-02
-2.965512899999999882e-02
2.949396699999999941e-02
-3.092528300000000133e-02
6.707603599999999687e-03
-1.815707999999999905e-02
-2.764749000000000026e-02
5.081723300000000332e-02
-9.156090999999999883e-03
2.262613200000000019e-02
-5.551781999999999898e-03
6.639791699999999727e-03
-3.195399000000000156e-02
1.959265799999999891e-02
-7.394464699999999703e-03
6.863008000000000303e-03
-3.752987499999999726e-02
3.874352600000000035e-02
4.228978600000000282e-02
-2.933610000000000037e-02
-5.782487199999999938e-02
2.838995500000000144e-02
2.928415299999999853e-03
3.933871500000000326e-02
4.304851199999999711e-02
-1.820801999999999837e-02
1.244068299999999926e-02
6.282408300000000279e-03
3.431930400000000186e-02
-6.855883399999999905e-02
5.181894499999999820e-02
-4.563142399999999682e-02
1.456624500000000023e-02
-2.472973599999999869e-02
4.914609000000000338e-02
-2.468500800000000134e-02
8.242236999999999481e-03
2.503727400000000172e-02
2.140823999999999852e-02
-2.673447500000000060e-02
-1.859968899999999911e-02
-4.672213599999999745e-02
-2.862801200000000129e-02
-1.167980799999999986e-01
1.722563500000000043e-03
3.403497500000000203e-02
5.185468499999999759e-02
1.882195700000000027e-02
1.538694399999999962e-02
-5.251563699999999696e-02
-1.492104000000000000e-02
2.536580500000000168e-02
-1.098752400000000025e-02
1.382823799999999964e-02
-3.416823000000000082e-02
5.461756999999999723e-02
6.268221000000000209e-02
1.272705900000000064e-02
2.410085699999999929e-04
2.218556199999999895e-02
-7.284316999999999875e-02
3.065729500000000107e-02
3.171880500000000269e-02
-1.026506499999999961e-01
3.001084199999999938e-02
8.588321999999999623e-02
-2.418517800000000075e-03
4.365116399999999924e-02
1.905080400000000104e-03
6.059297999999999768e-02
3.125564000000000120e-02
1.330091499999999996e-02
-4.569591199999999825e-02
-5.330515300000000095e-02
-3.067030999999999924e-02
1.418878399999999942e-02
-1.811627700000000007e-02
4.651747999999999994e-02
6.198300799999999916e-02
-4.979818999999999912e-03
-2.736320199999999966e-02
5.139875000000000346e-03
2.014598000000000083e-02
6.164586500000000108e-02
1.288048900000000017e-02
5.289533999999999903e-02
1.954886100000000071e-02
1.520802299999999933e-02
3.889344599999999819e-02
3.052206999999999837e-02
4.750333000000000333e-02
4.359360000000000318e-02
4.266340999999999883e-02
2.781270599999999954e-02
6.376661999999999608e-02
1.671260999999999927e-02
-1.803567799999999943e-02
2.976127700000000091e-03
2.377005000000000090e-02
3.823519000000000223e-02
7.164985999999999708e-04
3.396832200000000218e-02
-6.910073999999999383e-02
-2.146639900000000059e-02
-8.835116000000000497e-03
-8.836891499999999233e-03
-2.583658100000000082e-02
-9.067064999999999153e-03
-1.632885599999999923e-02
-3.901164599999999705e-02
3.097301699999999852e-02
-1.188649049999999929e-02
4.091432999999999875e-02
-8.748498999999999859e-02
7.217318000000000344e-03
-1.297966000000000050e-02
-3.448360000000000140e-03
-1.965320900000000134e-02
7.987615000000000687e-02
-1.677707399999999946e-02
2.347414399999999887e-02
-3.877204000000000067e-02
3.784802599999999989e-02
3.753204000000000262e-02
2.796961400000000028e-02
-3.058318999999999968e-02
-2.315715100000000082e-02
-1.209317000000000031e-02
-2.286310899999999952e-02
6.514457599999999571e-02
-3.808534499999999962e-02
2.465846400000000146e-02
-1.872568399999999939e-02
9.435372000000000203e-02
-1.565244600000000041e-02
-4.677582000000000267e-02
5.866659800000000036e-02
1.061137799999999944e-02
-2.865492399999999829e-02
-2.185704000000000119e-02
2.614471999999999977e-02
-6.944869500000000473e-02
-4.243551200000000162e-02
3.205097999999999975e-02
9.159290299999999939e-04
4.261352000000000195e-02
8.422255500000000450e-02
4.238156600000000246e-02
2.744334199999999904e-02
7.002061700000000201e-03
1.676831599999999839e-02
-3.087355199999999855e-02
-5.240813300000000258e-02
-1.440244450000000009e-02
1.096054100000000073e-02
4.511127999999999666e-03
1.366813700000000034e-02
2.285832399999999931e-02
2.350886199999999843e-02
-1.709665000000000143e-02
6.479134999999999756e-02
1.247979899999999975e-02
4.243582500000000340e-02
2.756325199999999989e-02
-1.562410300000000030e-02
-4.699021200000000342e-02
5.979515999999999998e-02
3.542333000000000287e-02
1.433181499999999949e-02
8.097427000000000097e-02
-2.845972300000000101e-03
1.621933000000000055e-02
7.737215599999999749e-03
-4.304170000000000391e-03
3.221636600000000322e-02
7.571235299999999613e-03
2.925619900000000009e-02
4.833983299999999698e-03
7.413744499999999626e-03
-2.910559299999999905e-02
-3.649268299999999798e-02
-4.152093500000000187e-02
5.568396700000000088e-02
-9.026272000000000115e-03
-3.294682399999999869e-03
-2.313934299999999972e-02
-1.338980350000000021e-02
-5.245912400000000281e-02
-6.182603499999999794e-03
1.213711699999999935e-02
1.294193800000000005e-02
-2.036032999999999940e-02
3.788682199999999882e-03
-1.706023099999999862e-02
3.109333300000000078e-02
-2.070211200000000168e-02
3.066219800000000162e-02
3.056603999999999918e-02
1.040673800000000045e-02
9.982003999999999877e-02
1.459108500000000017e-02
-1.833907900000000119e-02
-2.718691200000000058e-02
2.211756399999999928e-02
1.997302100000000052e-02
-3.444440700000000024e-04
-1.833777100000000011e-03
-4.070366499999999998e-02
-3.369024700000000216e-03
-5.244014999999999788e-02
3.890998999999999847e-02
3.117563200000000173e-02
-1.052019899999999918e-02
-4.190806800000000318e-03
3.309934600000000171e-02
-4.569848299999999808e-02
-4.819691000000000079e-03
-2.950142800000000055e-03
1.909898200000000046e-02
-2.885536099999999951e-02
-3.337609999999999882e-02
8.003807999999999409e-03
-3.949314699999999928e-02
7.227965999999999558e-02
-2.218129900000000154e-02
-2.594793999999999920e-02
4.964239000000000152e-02
5.829398699999999850e-02
4.802039300000000149e-02
-3.206476600000000149e-02
-2.127727999999999911e-02
-5.642620000000000274e-02
1.072685999999999952e-02
-6.772981999999999614e-02
-9.108352999999999589e-03
2.691324000000000147e-02
-1.124382999999999980e-02
2.343550999999999968e-02
-5.605355000000000060e-02
4.152240599999999782e-02
2.342324999999999963e-02
-3.046564400000000006e-02
-5.033104499999999787e-02
-2.953351999999999800e-03
1.696034500000000167e-02
-2.269425200000000156e-02
7.094853000000000357e-04
8.655097000000000484e-03
-6.305160399999999721e-02
-1.637066499999999952e-02
-2.856323900000000068e-02
5.348221400000000361e-03
2.491414000000000128e-02
7.383969999999999423e-02
-4.623800499999999869e-02
2.738463999999999829e-02
3.559810000000000058e-03
-7.247098000000000428e-03
6.608033000000000656e-02
9.809992000000000018e-03
3.693657999999999664e-02
5.654748499999999976e-03
3.777888399999999869e-02
8.906031000000000364e-02
1.319565500000000058e-02
4.488368300000000061e-02
2.202870499999999912e-02
6.081425000000000025e-02
1.604411999999999852e-02
2.513734399999999897e-02
4.016323799999999694e-02
4.190778399999999654e-02
7.811226000000000280e-02
1.876827899999999882e-02
6.181261700000000026e-02
-3.048410000000000009e-02
4.788077599999999989e-02
-3.397097799999999890e-02
-6.077385999999999899e-02
3.012340999999999977e-03
-7.473259000000000325e-03
4.114141000000000326e-02
-1.994726600000000093e-04
3.911085000000000256e-02
-3.280993000000000104e-02
-5.900017999999999929e-03
-4.312980500000000023e-02
2.941174200000000113e-02
-3.401417000000000329e-02
2.370909400000000000e-02
-3.189862499999999990e-02
-4.462031000000000330e-02
-1.984203199999999903e-02
-3.973277000000000059e-02
3.619658600000000281e-02
-5.568285499999999812e-03
4.007404700000000153e-02
3.619897999999999866e-03
-8.551249000000000350e-03
3.785246200000000338e-02
-1.459558199999999931e-02
1.843243799999999891e-02
-3.333065300000000175e-02
-6.516626500000000100e-02
-3.127660100000000023e-03
3.634878600000000098e-02
1.505633500000000055e-02
6.696525000000000047e-03
-7.081615299999999974e-03
2.768852200000000013e-02
5.088425800000000165e-02
-8.042455999999999910e-03
-1.881235499999999936e-02
1.867695800000000001e-03
-5.330126999999999782e-02
-7.962764000000000647e-03
2.128536600000000001e-02
-1.326633099999999926e-02
1.321517300000000020e-03
3.384002699999999909e-03
-2.376119599999999832e-02
3.963846699999999668e-02
-5.533009400000000327e-02
-1.922124000000000055e-02
-1.790255300000000160e-02
5.485912999999999901e-02
-2.940186000000000015e-03
4.804452000000000028e-02
-2.768899299999999855e-02
3.055538400000000140e-02
-3.886966999999999853e-03
-2.323445899999999811e-03
-2.693026299999999942e-02
-2.541907100000000141e-02
-8.640477000000000574e-02
-1.839681199999999980e-03
2.218231999999999843e-02
4.436386000000000116e-05
3.198540999999999884e-02
-4.275845400000000129e-02
-4.544962599999999991e-02
-4.750950300000000154e-02
-2.704518300000000042e-02
-2.461101099999999861e-02
-4.280217399999999839e-02
8.854330500000000270e-03
2.193887200000000162e-02
3.790416199999999819e-02
2.067696100000000065e-02
2.528313399999999878e-02
-1.847287499999999971e-02
-3.364646400000000093e-02
3.764482999999999892e-03
4.790304000000000090e-02
8.253378000000000450e-03
6.948074999999999390e-02
-5.280830300000000088e-02
-4.068444499999999790e-03
4.014784500000000145e-02
8.003984000000000099e-02
-3.540149000000000074e-02
-4.726018800000000158e-02
-5.752289000000000013e-02
-1.395069399999999959e-02
8.350903999999999272e-03
2.408537499999999915e-02
-1.691667999999999991e-02
3.795607000000000147e-02
6.361341500000000648e-02
9.837643000000000082e-02
-2.270711099999999944e-03
-2.890509000000000134e-02
-3.601189300000000315e-02
-1.647285000000000069e-02
-5.826383499999999993e-02
6.605972499999999623e-03
6.370101000000000235e-02
5.599299400000000426e-03
3.839236000000000038e-02
-1.680823600000000070e-02
1.819548600000000030e-02
3.500382199999999867e-03
-7.417030600000000008e-03
1.129408999999999968e-02
-5.448414000000000035e-02
-2.494868600000000117e-03
-4.100062399999999940e-03
4.486615199999999942e-02
-2.007757900000000165e-02
1.694574600000000111e-02
2.069258100000000156e-02
7.077595699999999698e-03
-1.768120999999999929e-02
-5.507175300000000107e-02
3.602205199999999885e-02
-1.529933600000000019e-02
-3.424701000000000134e-02
1.978866799999999884e-02
-2.836986600000000053e-02
-3.920702099999999793e-04
2.553275199999999884e-02
4.019257799999999964e-02
1.692860599999999882e-02
1.304195699999999986e-02
1.086864249999999928e-02
-3.762265299999999896e-02
1.030102649999999932e-02
-1.233038200000000084e-02
-2.656558299999999938e-03
2.597048100000000012e-02
-2.462577800000000094e-02
-8.166367000000000764e-03
-3.156107300000000199e-02
6.709707500000000602e-02
-2.070777099999999982e-02
-6.661488699999999936e-03
7.836900000000000810e-03
-1.272768900000000036e-02
-6.163993999999999723e-02
4.973522999999999659e-03
6.202168000000000264e-02
3.495775999999999745e-02
9.099474000000000451e-02
-4.416618499999999670e-02
-5.958218599999999705e-03
1.666283600000000031e-02
1.969700699999999902e-02
-1.195427200000000016e-02
-3.287524399999999791e-02
-1.208619300000000028e-02
-2.286623800000000054e-02
2.363006999999999955e-02
-1.008440600000000062e-02
9.646796400000000327e-02
3.689520000000000299e-02
-1.072711399999999940e-02
5.107988399999999901e-02
-3.018613900000000072e-02
1.594856000000000051e-02
1.334797300000000082e-02
-1.563399500000000122e-02
9.476231000000000107e-04
-4.561703700000000090e-03
3.905157000000000073e-02
2.638236999999999874e-02
5.947402000000000244e-02
-3.622017000000000292e-02
5.007249999999999895e-02
3.260499000000000036e-03
3.991784500000000041e-02
5.011956000000000050e-02
-9.250942999999999319e-03
1.099454599999999914e-02
-4.760113399999999764e-04
-1.479288599999999988e-02
-4.533193299999999787e-02
-8.168038000000000728e-03
3.251245600000000208e-02
1.861486600000000075e-02
-2.298694299999999927e-02
-1.538807250000000064e-02
1.717247699999999893e-03
-3.432411700000000121e-02
2.956806899999999891e-02
-1.050700799999999997e-02
-3.992191700000000121e-02
4.579641699999999899e-02
2.927890400000000143e-02
-2.565268799999999988e-02
-1.557923200000000015e-02
-2.886313999999999894e-02
3.004718600000000177e-03
2.930366400000000010e-02
-1.019171599999999997e-02
1.762557600000000044e-02
-1.001020899999999908e-03
-3.937512600000000335e-02
-7.826007000000000102e-02
5.889305000000000494e-04
-3.362388999999999656e-02
2.309935399999999903e-02
2.710165000000000143e-02
-2.327589899999999920e-02
-8.478851000000000790e-03
-6.322063499999999898e-03
1.087831400000000004e-02
2.861214900000000076e-06
1.246094900000000068e-02
9.070432000000000494e-02
3.454166500000000004e-03
-5.550132600000000360e-03
-1.505695200000000018e-02
3.793256999999999879e-02
2.784925099999999848e-02
-4.004063000000000067e-02
