6.075140500000000138e-02
5.856270300000000067e-02
-3.644016800000000195e-02
3.311053799999999839e-03
2.594573000000000018e-02
3.849733000000000321e-02
3.098163400000000095e-02
4.903588999999999865e-02
-2.947472300000000128e-03
-8.616110999999999215e-03
6.207340199999999975e-02
4.973169000000000201e-02
3.738346000000000030e-02
3.163906699999999989e-03
2.019914600000000116e-02
-3.090648400000000143e-02
1.228782349999999954e-02
2.597777999999999893e-02
-2.662302399999999861e-02
-1.754315600000000072e-02
-2.365908599999999931e-02
1.646133099999999919e-02
5.473558600000000274e-02
3.105706299999999934e-02
1.315768800000000072e-02
-4.098731299999999744e-02
-2.350695800000000141e-02
-5.627644799999999975e-02
1.265631149999999969e-02
-1.069080159999999946e-01
-2.105704799999999911e-04
-4.125206999999999659e-03
1.686442000000000149e-02
-1.490211900000000013e-02
3.525154700000000113e-02
5.931831999999999730e-03
-3.160184199999999978e-03
-1.607282499999999892e-02
3.341638999999999721e-02
-6.710588000000000664e-02
-4.190523499999999901e-02
5.296429600000000272e-03
-1.542457099999999933e-03
2.413721799999999848e-02
-1.790514600000000026e-02
-6.797007500000000479e-02
1.389418499999999987e-02
-1.741949799999999854e-02
-2.906773400000000132e-02
2.913318200000000052e-02
-1.028353400000000042e-02
6.263964599999999328e-02
-3.005172299999999894e-02
-1.562209300000000009e-02
-2.519165500000000030e-02
-4.663833199999999762e-02
1.664128499999999872e-02
-8.740218999999999809e-04
8.407558499999999435e-02
-1.058754200000000013e-02
2.368574199999999921e-02
-5.165966000000000308e-02
1.537972500000000034e-02
-2.830953699999999920e-02
4.699410400000000355e-03
-8.891838999999999993e-02
4.681499699999999708e-02
-2.487977599999999928e-02
-6.759017999999999970e-02
2.112614999999999979e-02
-1.207496400000000053e-02
-2.518655200000000094e-02
-2.764284599999999870e-02
2.154329199999999861e-02
2.057335299999999909e-02
3.221763999999999878e-02
-4.066612599999999689e-02
5.497389399999999581e-04
4.870821499999999915e-02
2.060313500000000159e-02
-6.300791000000000031e-02
-3.251840000000000286e-02
3.699287999999999882e-02
2.835601399999999883e-02
-1.644032399999999922e-02
2.951813000000000006e-02
2.288624499999999951e-02
-5.048129999999999978e-02
-4.221511499999999577e-03
1.917148600000000147e-02
1.385409499999999960e-01
3.627408299999999863e-02
-9.115497999999999656e-03
1.293482699999999944e-02
7.785106999999999444e-02
-2.664241800000000104e-02
-4.734669300000000219e-02
-1.148283300000000062e-01
2.190953899999999871e-02
1.810917000000000082e-02
-1.247892599999999956e-02
1.452839300000000056e-02
-4.632578999999999864e-02
4.660854600000000070e-03
1.503893400000000033e-02
-8.024086999999999192e-03
5.607235700000000149e-03
-9.105257999999999408e-02
-8.900829400000000169e-02
-2.683415999999999926e-02
6.797538000000000191e-02
1.893950999999999968e-02
2.660474599999999856e-02
-1.306601999999999937e-02
-3.300129699999999975e-03
3.575768299999999844e-02
-6.133455000000000157e-02
3.995375699999999947e-02
-2.799383999999999900e-02
-2.479208800000000032e-02
3.176739399999999741e-02
4.356265399999999927e-02
-4.069940999999999837e-02
4.339888000000000079e-02
3.392511000000000138e-02
-2.187356100000000143e-03
6.603109999999999709e-03
-1.819225600000000040e-02
-2.458248000000000030e-02
3.050682000000000046e-02
2.747734599999999971e-02
-6.306691500000000117e-02
6.791527999999999454e-02
3.455680600000000241e-02
-2.185269299999999942e-02
-1.480391500000000082e-02
6.987372999999999501e-02
5.761796599999999963e-02
9.300042999999999158e-03
3.852947000000000316e-02
-4.347394799999999837e-02
-5.653829500000000230e-02
-1.140410099999999982e-01
-7.352726999999999874e-03
-3.562423199999999873e-02
-4.193037399999999942e-02
3.307735999999999923e-03
4.100617399999999940e-02
-1.802988700000000138e-02
-1.420853099999999994e-02
-1.783202199999999946e-02
-1.374686299999999979e-02
-1.392900300000000056e-02
-1.920444799999999940e-03
-1.771325199999999878e-02
3.400534999999999669e-02
-1.809900799999999976e-02
1.269339100000000005e-02
6.630456999999999324e-02
-1.403928499999999987e-03
-1.215197800000000078e-02
-4.287706699999999788e-02
5.930446600000000013e-03
8.190629000000000659e-02
-8.540965600000000046e-02
-2.120194599999999929e-02
-2.358121399999999965e-02
-4.081114999999999743e-02
4.365629300000000096e-04
1.702160199999999939e-03
-3.494069400000000131e-02
-7.414728399999999386e-02
-6.011199200000000298e-02
-9.412795000000000190e-02
1.171362899999999971e-02
-6.216785399999999982e-03
-3.375644799999999966e-03
-3.454862499999999947e-02
-1.660961299999999877e-02
2.957698900000000145e-02
7.134317599999999426e-02
-4.868607199999999691e-02
-2.906522700000000164e-03
-5.613875399999999904e-02
-1.598014700000000010e-02
-2.273703599999999866e-02
5.764260999999999691e-03
6.515158999999999534e-02
3.061946899999999985e-02
4.957767999999999897e-02
-2.310840399999999906e-02
6.833138400000000022e-03
7.391199000000000206e-03
-6.537455000000000176e-03
1.641799700000000015e-02
5.867149299999999817e-02
2.800803600000000004e-02
2.249403599999999850e-03
1.879833599999999882e-02
-3.713482600000000272e-02
4.953902599999999989e-02
5.680921299999999730e-02
1.630381300000000033e-02
-1.810845399999999952e-02
4.273922399999999927e-02
3.082626700000000095e-02
9.024884999999999852e-03
-2.948672100000000046e-02
3.982127599999999573e-03
2.543323000000000111e-02
-8.437263000000000401e-03
-5.760992699999999828e-02
4.416723299999999672e-03
-1.332567700000000018e-03
2.436703000000000133e-02
1.066527799999999896e-03
4.110010699999999684e-02
2.538770599999999947e-02
4.764621699999999765e-02
-3.554045799999999700e-02
4.568641300000000210e-02
3.058782000000000167e-02
-6.204111500000000085e-02
6.261481000000000685e-02
5.519639299999999979e-05
3.928648300000000398e-03
-6.074472499999999942e-02
1.801338400000000034e-02
2.099156599999999796e-03
-8.075190000000000146e-02
-3.030728800000000167e-03
2.020349700000000082e-02
1.905549499999999868e-02
-4.328143200000000163e-02
-2.490379499999999940e-02
5.912705499999999781e-02
7.734897999999999600e-03
-2.828090499999999854e-02
-3.131688800000000106e-02
-4.600772999999999668e-02
2.081911999999999999e-02
-1.777413499999999993e-02
1.746392600000000114e-02
8.428266999999999703e-03
3.352767599999999931e-02
-3.734629200000000315e-02
8.688162000000000662e-02
4.577455999999999886e-02
1.125940100000000048e-02
4.579312700000000291e-02
-3.028757300000000166e-02
-5.418637999999999927e-03
-2.603186999999999862e-02
3.379922400000000271e-02
-1.784580800000000120e-02
2.680699900000000149e-02
8.005805399999999655e-04
4.415576999999999697e-02
1.240106199999999916e-02
3.764274299999999934e-02
5.436138799999999660e-02
1.314825499999999932e-02
1.999739000000000030e-02
-2.588091400000000139e-02
-5.142820299999999872e-02
-4.910304399999999847e-02
6.585869999999999745e-03
-1.673810599999999912e-02
1.129944800000000013e-02
-5.447729700000000091e-02
6.198112299999999908e-02
-4.745890600000000209e-02
-3.595144000000000117e-02
-2.480690699999999957e-02
-4.502909000000000078e-02
5.373985299999999715e-02
-2.301372999999999960e-02
-2.967704999999999736e-04
-8.377548999999999760e-03
-3.592174000000000061e-02
2.389749000000000040e-02
-1.802492699999999962e-02
-1.098855999999999965e-02
-1.918034600000000089e-02
-4.595227999999999813e-03
-1.694195299999999918e-02
3.113822299999999960e-02
2.139350400000000069e-02
-3.339300600000000112e-03
-5.846630399999999672e-02
4.888957000000000025e-02
7.997815499999999869e-03
-2.823643600000000017e-02
-5.393544200000000011e-02
1.282780000000000031e-02
-1.613422000000000120e-02
4.160997300000000149e-02
5.703797000000000034e-04
9.451588000000000350e-03
-3.171050999999999731e-02
1.886283000000000057e-02
3.511254999999999932e-02
-4.039592699999999814e-02
4.987965999999999928e-02
-3.345346999999999904e-02
-4.898288800000000047e-03
-7.685875999999999819e-02
1.057786900000000016e-02
-1.604980599999999979e-02
-1.636222199999999918e-02
4.817544700000000318e-02
4.684710500000000000e-02
-2.027303000000000091e-02
-2.018259299999999867e-02
-2.929344199999999940e-02
-2.935750599999999849e-02
-1.231510400000000033e-01
-1.332711500000000049e-03
1.128762900000000041e-02
4.243415200000000276e-02
3.767416999999999988e-02
3.075270699999999979e-03
-6.511032999999999404e-02
-9.197860000000000411e-03
1.135789799999999995e-02
-6.487877000000000401e-03
5.472315500000000249e-02
-2.313617399999999893e-02
4.626829999999999832e-02
1.764972100000000016e-02
4.083578699999999839e-02
1.099097299999999937e-02
4.834906800000000199e-02
-2.860384200000000085e-02
1.637522699999999914e-02
-1.691462300000000016e-02
-1.022092899999999943e-01
-3.092149499999999936e-03
6.289057400000000464e-02
-4.326772999999999904e-03
-9.034327999999999456e-03
-1.318258599999999961e-02
2.721184499999999840e-02
4.110874600000000156e-02
-1.335492450000000039e-02
-4.219176000000000176e-02
-5.768428999999999918e-02
-2.555387799999999862e-02
3.075695200000000060e-02
-1.175119600000000021e-02
1.772062900000000163e-02
5.086283400000000260e-02
-4.610276299999999626e-03
-3.612004199999999804e-02
6.462158600000000169e-03
6.691332999999999309e-02
2.652775099999999872e-02
1.378029799999999985e-02
3.689653799999999956e-02
4.878186999999999801e-02
4.206925000000000248e-02
-5.330727999999999855e-03
-7.228908000000000035e-03
4.320129000000000330e-02
4.896882000000000318e-02
2.222574500000000161e-02
2.880987200000000026e-02
5.761755600000000033e-02
-2.801015199999999997e-02
-2.561651200000000100e-02
8.850652000000000519e-03
2.717729300000000167e-02
2.900078299999999873e-02
2.159059199999999873e-02
5.846052200000000088e-02
-4.801935699999999863e-02
-1.432744399999999994e-02
8.160702000000000580e-03
-8.946944999999999551e-03
-7.333306599999999710e-03
-4.892044000000000253e-02
-3.569618199999999991e-02
-4.229253499999999916e-02
1.882710500000000023e-02
-6.869385000000000074e-02
4.669259500000000340e-02
-5.552371600000000074e-02
1.277737800000000069e-02
-1.932821399999999981e-02
-2.540723400000000076e-02
-2.610588800000000070e-02
4.480937000000000114e-02
3.132783000000000095e-02
2.213742800000000066e-02
-5.546327999999999675e-02
7.425592000000000303e-02
3.628181300000000303e-02
-7.978855999999999449e-03
1.106551599999999920e-02
-1.881986299999999918e-02
1.604766800000000104e-02
-4.795734000000000108e-02
2.283028499999999877e-02
-4.565485200000000271e-02
2.692446999999999896e-02
-1.599442400000000014e-02
8.156990000000000074e-02
7.020162999999999620e-04
-3.661441399999999791e-02
5.085507799999999801e-02
-9.012035999999999311e-03
-1.769308000000000035e-03
-3.496584199999999806e-04
1.056232200000000072e-02
-3.901030500000000206e-02
-3.251574000000000131e-02
2.556967699999999899e-02
1.027508899999999940e-02
3.215673599999999827e-02
7.104594999999999660e-02
3.907390000000000169e-02
2.799313900000000022e-02
-4.025474999999999713e-03
4.209273000000000355e-03
2.982622199999999946e-02
-3.067153099999999841e-02
-1.774092600000000061e-02
4.683907600000000379e-03
8.928006000000000483e-03
4.719194000000000340e-03
4.142406600000000244e-02
1.199247699999999965e-02
-1.744340000000000127e-02
3.406385700000000294e-02
1.034465700000000016e-02
1.170634000000000084e-02
3.784066800000000091e-02
-1.296016200000000076e-02
-3.680908599999999867e-03
7.105775999999999759e-02
5.342211599999999866e-02
1.023570300000000051e-02
6.993048999999999793e-02
2.100218799999999889e-03
-7.029148400000000173e-04
-6.080457000000000049e-03
6.233922300000000133e-04
-9.305594999999999839e-03
-2.549238300000000040e-02
-1.004499849999999916e-02
7.843884000000000620e-03
1.611683499999999949e-02
-2.276354300000000067e-02
-5.964679999999999982e-02
-5.740418299999999752e-02
1.395193699999999933e-02
-2.078446999999999933e-02
5.514708499999999847e-02
-4.102581699999999915e-02
-1.867939199999999952e-02
-3.740099000000000201e-02
-2.175265200000000079e-02
1.601943999999999937e-02
3.800163000000000152e-02
3.327812500000000041e-03
1.037838599999999986e-02
-1.024202700000000077e-02
2.610657200000000150e-02
1.681857400000000063e-03
2.152003699999999881e-02
1.778557000000000055e-02
3.033565499999999956e-02
5.295441299999999879e-02
4.464613299999999757e-03
-1.292731150000000009e-02
-5.525368999999999593e-03
-1.797028399999999913e-03
-1.509226099999999918e-02
1.553931700000000041e-02
-9.803447999999999329e-03
-5.642827200000000154e-02
-1.209569899999999969e-02
-2.637913299999999905e-02
2.982130599999999881e-02
4.440264399999999806e-02
-1.350025300000000025e-02
1.498646799999999932e-02
7.256138999999999992e-03
-3.290567999999999965e-02
1.287711899999999937e-02
3.162592300000000023e-02
-1.720877200000000065e-02
-3.753230700000000086e-02
-6.624733600000000042e-03
4.863816499999999710e-02
-2.578985699999999937e-02
5.072171999999999792e-02
-2.705766800000000000e-02
-3.229945499999999775e-02
5.508034700000000172e-02
8.293094500000000591e-02
2.639699200000000107e-02
-3.732848500000000153e-02
1.058989949999999958e-02
1.557394999999999960e-02
6.584126000000000258e-04
-6.701062600000000369e-02
2.597745499999999999e-02
5.891931799999999830e-02
2.196950799999999870e-02
3.341948200000000035e-02
-3.980311999999999739e-02
2.671682499999999960e-02
-7.404077299999999896e-03
-3.139142000000000321e-02
-4.977003499999999719e-02
-2.789895699999999940e-03
1.709687299999999854e-02
-2.711796400000000135e-02
4.771015600000000183e-03
-2.049293099999999809e-03
-3.252424300000000129e-02
-1.726707400000000031e-02
-1.649707599999999941e-02
-1.155534100000000022e-02
1.718958500000000028e-02
5.629419499999999826e-02
1.287525900000000001e-02
1.719638000000000069e-02
2.306101699999999963e-02
-1.906113900000000125e-02
6.227765200000000279e-02
-1.309657799999999934e-02
2.414748400000000031e-02
3.184005200000000063e-02
1.012814400000000038e-02
6.310035999999999423e-02
1.033342800000000040e-02
5.224249499999999991e-02
2.468067200000000072e-03
7.915031000000000150e-02
6.769456000000000084e-02
2.202851499999999851e-02
5.776487999999999762e-03
2.777197899999999785e-03
8.170159999999999922e-02
-1.984232500000000093e-02
3.830894499999999703e-02
-2.162093699999999979e-02
5.948900399999999811e-02
-3.664411199999999952e-02
-3.856427600000000150e-02
4.713789999999999820e-03
-4.089550000000000129e-02
3.365805399999999975e-02
-2.094046800000000028e-02
5.154530699999999854e-02
-4.465758999999999701e-02
-3.387322599999999934e-02
-6.477623200000000130e-03
5.665306999999999982e-02
-1.645353800000000019e-02
1.733460300000000051e-02
-1.554026099999999966e-02
-3.048185800000000056e-02
-5.035842000000000096e-02
-6.174073699999999693e-02
2.495774300000000098e-02
-1.012120000000000034e-02
2.533639999999999851e-02
6.251137200000000428e-03
2.515130200000000038e-03
4.628208999999999795e-02
-2.634565300000000013e-02
5.167309999999999959e-02
-1.922419699999999843e-02
-5.885140199999999711e-02
-1.571604199999999951e-03
7.584842999999999447e-02
9.119201999999999864e-03
9.651666999999999191e-03
-2.378690799999999897e-02
6.439435000000000298e-02
1.066985200000000050e-02
-1.581457299999999974e-03
4.792921000000000334e-03
2.958298100000000125e-02
-4.079851999999999784e-02
-7.903299000000000782e-03
2.829820099999999852e-02
-1.086118699999999958e-02
2.672876600000000102e-02
1.989138500000000101e-02
-3.729941299999999654e-02
-8.634792000000000509e-03
-1.382724800000000032e-02
-5.811308700000000077e-02
6.174321299999999645e-03
6.572087000000000068e-02
1.111708900000000014e-02
3.196601000000000303e-02
-3.308651199999999848e-02
1.948580899999999977e-02
-5.743327000000000328e-03
-3.128750699999999826e-03
-3.892557700000000287e-02
-5.770800000000000235e-02
-5.109809299999999721e-02
-1.805746199999999982e-02
4.733938000000000035e-02
1.502231400000000015e-02
5.590948500000000182e-02
-3.779511499999999719e-02
1.556125499999999953e-03
-5.710196499999999759e-02
5.250134499999999788e-03
-5.659043400000000196e-02
-6.670165999999999595e-02
-3.156634999999999996e-02
1.955775699999999853e-02
3.402641800000000272e-02
2.824431000000000164e-02
3.036283899999999911e-02
-3.876421199999999928e-02
-3.605116500000000307e-02
2.154192699999999891e-03
2.869042000000000120e-02
-2.035191299999999925e-02
4.287408300000000033e-02
-4.226239400000000174e-02
-1.437154099999999983e-02
1.366435199999999940e-02
3.184895199999999982e-02
-2.781145999999999965e-02
-2.728307400000000091e-02
-4.117363300000000115e-02
-5.258958999999999682e-03
-2.328066900000000036e-02
2.513349600000000170e-02
-2.749928999999999915e-02
1.402370499999999916e-02
4.674481999999999943e-02
7.468584000000000334e-02
-2.786172199999999849e-02
9.795696499999999307e-03
-8.011346000000000786e-03
9.286489000000000202e-03
-4.933877700000000033e-02
-1.823444299999999949e-02
4.320013000000000325e-02
1.111623899999999998e-02
1.324369400000000030e-02
-2.503953000000000081e-02
2.538411499999999876e-02
-3.923419000000000212e-02
2.201835400000000213e-03
2.780407000000000017e-02
-4.274131700000000263e-03
-6.150583999999999522e-04
1.921465199999999873e-02
3.794713000000000253e-02
-2.407631699999999986e-02
-6.649785699999999876e-03
5.762285000000000323e-02
-1.244156199999999976e-02
4.078113700000000202e-02
-3.953147700000000236e-02
1.370515500000000012e-02
-1.702687699999999929e-02
-1.841981999999999994e-02
-1.404130900000000008e-02
-5.192420999999999842e-02
-2.844840100000000163e-02
2.545846300000000062e-02
2.415835699999999836e-02
-2.166907500000000205e-03
2.705212099999999842e-02
3.094275999999999971e-02
-4.089909800000000178e-02
1.198004599999999940e-02
-1.477365800000000071e-03
-2.954435199999999942e-02
9.033955999999999237e-03
-4.424427999999999694e-02
-2.667358600000000086e-03
6.510429499999999606e-03
2.458259499999999875e-02
-3.253247599999999767e-02
8.776607999999999979e-03
3.969526999999999778e-02
-3.498985200000000184e-02
-7.087400600000000328e-02
-2.506243400000000149e-02
2.289762899999999921e-02
2.632919499999999968e-02
7.413516000000000550e-02
-5.608965999999999952e-02
-2.566742300000000171e-02
1.579684799999999875e-02
7.844564000000000051e-03
-3.478193999999999730e-02
-5.965449000000000272e-03
5.195497500000000046e-03
1.465213999999999926e-02
-8.506048999999999902e-03
-3.649435599999999863e-02
5.929371700000000273e-02
3.654693800000000103e-02
-5.383681999999999877e-03
5.390800999999999926e-02
-4.474684599999999984e-02
6.408149999999999957e-02
3.603533700000000062e-02
-3.451119999999999882e-02
2.904851500000000045e-02
-3.238827000000000112e-03
4.078316299999999728e-02
7.441828999999999805e-02
6.573621999999999799e-02
1.798302099999999834e-02
6.227238499999999954e-02
3.495573300000000272e-02
2.443805199999999830e-02
2.377216099999999999e-02
-2.632530199999999834e-02
3.412676700000000143e-03
-2.793151099999999915e-02
-1.826554500000000109e-02
-4.417987999999999776e-02
7.960462999999999220e-03
-3.104685600000000028e-03
1.598052700000000131e-02
-4.145159200000000238e-02
-3.076204499999999828e-02
-4.641847300000000176e-02
-3.470246999999999915e-02
3.168452000000000074e-02
-1.563814800000000102e-02
-2.910558599999999926e-03
1.614143100000000122e-02
3.180777299999999752e-02
-4.189498400000000317e-02
-2.501312300000000169e-02
-1.418602100000000005e-02
-1.329375200000000069e-02
3.079783000000000173e-02
-2.887052999999999842e-02
1.050169100000000050e-02
-8.816245000000000331e-03
-3.025096700000000013e-02
-8.938166999999999640e-02
4.627392600000000342e-03
-4.872711999999999877e-02
2.171999999999999972e-02
1.939985899999999847e-02
-1.813537399999999924e-02
-1.652220299999999920e-02
-1.090259199999999958e-03
1.271634599999999990e-02
9.919597000000000483e-03
1.157672099999999989e-02
8.393593000000000581e-02
-2.478825700000000104e-02
-5.424124699999999591e-03
-3.979080499999999854e-02
1.772531299999999949e-02
3.198520500000000266e-02
-5.479745200000000344e-02
