7.470303999999999833e-02
1.448718899999999928e-02
-5.328990000000000116e-02
-9.241117000000000081e-03
1.055048500000000007e-03
4.450659500000000296e-02
-3.631804599999999966e-03
3.335898699999999967e-02
1.933508000000000102e-02
1.502520000000000071e-02
4.205054400000000220e-02
7.152540999999999760e-02
3.866871000000000197e-02
3.520173000000000052e-02
1.210896300000000037e-02
-1.062601099999999944e-02
3.555876799999999754e-02
3.052171099999999998e-02
-3.257351399999999786e-02
-9.187744000000000466e-02
-5.801818999999999726e-03
-1.622162599999999941e-02
9.144855000000000345e-03
-4.335804000000000394e-03
2.288646399999999873e-02
-4.662652999999999937e-02
-4.599289000000000328e-03
-6.247659400000000335e-02
8.452116500000000573e-03
-5.835037299999999705e-02
3.368172800000000106e-02
6.239957399999999932e-02
2.221707399999999985e-02
-1.744865599999999989e-02
4.441898999999999847e-02
3.343152299999999771e-02
9.904411999999999591e-03
-2.488098299999999888e-03
2.958973499999999895e-02
-6.800780400000000503e-02
-5.985955999999999742e-03
-3.813761499999999971e-02
-1.470840799999999920e-02
3.310421499999999934e-02
-2.589501799999999881e-02
-5.820033000000000151e-02
-2.996754000000000084e-02
8.542095300000000302e-04
-4.424196500000000115e-02
1.980228699999999828e-02
4.312902300000000244e-02
7.071119500000000446e-02
-1.961696699999999904e-02
-1.486668099999999965e-02
-4.287988000000000216e-02
-4.697607499999999908e-02
-8.198735000000000397e-03
-2.518397199999999891e-02
5.549973999999999880e-02
-4.192132500000000234e-02
8.033270999999999815e-03
-2.331348999999999921e-02
4.837426000000000226e-02
-6.906927000000000205e-02
9.373447999999999503e-03
-5.509370200000000134e-02
2.916064999999999977e-02
1.263966799999999974e-02
-7.276886999999999939e-02
1.105589199999999946e-02
-3.037089700000000086e-02
8.885451000000000807e-03
-1.159328400000000057e-02
-1.154765900000000005e-02
1.989972400000000058e-02
1.206514400000000030e-03
-3.171630999999999756e-02
2.497834400000000128e-03
4.044316700000000209e-02
1.987405999999999895e-02
-3.477804699999999943e-02
-4.242395599999999878e-02
8.084212999999999816e-03
3.775770600000000199e-02
-2.213413800000000112e-02
2.247765100000000127e-02
1.288667400000000074e-02
1.098063699999999969e-02
-2.412415700000000024e-02
6.573803300000000127e-03
1.458657700000000057e-01
2.796765600000000046e-02
-1.746658599999999922e-02
1.105080100000000072e-02
6.600229400000000302e-02
-2.577733600000000139e-02
-9.033135999999999943e-02
-1.285399200000000020e-01
5.434033600000000297e-02
3.633335199999999932e-02
7.455314000000000212e-03
-7.103324400000000406e-03
-2.593689199999999959e-02
-1.447150900000000046e-02
5.017765300000000088e-03
-3.274395699999999715e-02
-1.082986000000000018e-02
-5.789687500000000042e-02
-8.018348999999999616e-02
3.108233399999999966e-02
4.670125599999999655e-02
9.704271000000000424e-03
1.239727600000000048e-02
-2.235718000000000080e-02
-5.970033599999999968e-02
1.219921399999999989e-02
-4.435965000000000047e-02
2.584978599999999960e-02
-1.529338000000000052e-02
-1.499332599999999953e-02
3.766877999999999893e-02
9.230979999999999741e-02
-2.240792999999999952e-02
4.785473300000000346e-02
5.409795800000000154e-02
2.911333699999999955e-02
-2.795973200000000103e-02
-3.021767399999999992e-02
-5.918741200000000174e-02
-4.298649300000000409e-03
1.983287400000000034e-02
-3.943269700000000266e-02
3.314186399999999918e-03
5.337288200000000343e-02
-2.767404700000000023e-02
-1.194664099999999916e-02
6.820352000000000359e-02
2.645121300000000120e-02
-2.807682399999999849e-03
2.516500699999999965e-02
-3.671062399999999813e-03
-1.968630000000000033e-02
-6.193544000000000133e-02
3.489544199999999874e-02
-7.925572000000000519e-03
-2.567946000000000117e-02
4.858477800000000207e-02
7.546569399999999983e-02
2.737948000000000118e-02
-1.582461799999999863e-02
-5.668649399999999700e-02
1.892269400000000032e-02
1.757275299999999998e-02
-8.220732999999999166e-03
4.356172600000000048e-04
3.463996200000000331e-02
5.443033299999999568e-03
-1.453900699999999963e-02
4.755214600000000347e-02
-1.415160950000000049e-02
2.099258799999999953e-02
-8.481442999999999621e-02
-1.947588800000000023e-02
4.479703299999999999e-02
-1.231941500000000023e-03
-3.448052000000000061e-02
-2.517576499999999926e-02
-4.659322999999999937e-02
-2.877986800000000185e-03
-1.309383199999999969e-02
-5.536259300000000161e-02
-5.269120000000000054e-02
-6.451582000000000150e-02
-6.182402000000000036e-02
1.276096999999999995e-02
7.679237399999999658e-02
-1.664139100000000060e-03
-2.538445799999999863e-02
-3.993236000000000008e-02
2.501776199999999895e-03
5.709245999999999766e-02
-5.797797300000000036e-03
3.204167599999999810e-02
-4.958300000000000207e-02
3.320816000000000046e-02
-3.240378999999999829e-04
2.990905599999999984e-02
8.056235999999999606e-03
6.393654000000000004e-02
4.237223999999999852e-02
-7.042872000000000368e-03
6.403461600000000253e-03
1.843658800000000028e-02
4.861469000000000207e-02
-9.892318000000000638e-03
6.344323600000000007e-02
5.543122999999999627e-03
1.304398200000000084e-02
6.565192200000000144e-03
-2.785475000000000104e-02
5.185768400000000111e-02
6.184524699999999903e-02
2.825143300000000114e-03
9.763779000000000208e-03
-7.951801999999999135e-03
3.712596700000000277e-02
-2.498387700000000156e-02
-3.552050999999999820e-02
1.762393500000000029e-02
2.635203499999999935e-02
-5.279918799999999690e-02
-4.004989600000000149e-02
-6.588858599999999725e-03
-3.887896200000000302e-02
5.674679799999999587e-03
4.064209399999999667e-02
-9.892855000000000745e-04
-1.112165399999999991e-02
5.773355399999999943e-02
-2.190651199999999951e-02
4.297444599999999948e-02
2.929424900000000137e-02
6.991564300000000128e-03
5.086543999999999788e-02
-2.710363799999999934e-02
1.896457000000000004e-02
-7.204062999999999439e-02
7.043132599999999896e-03
4.756466499999999729e-03
-6.243102999999999847e-02
-1.505109399999999924e-02
1.194002499999999994e-02
6.535680000000000309e-03
1.360085200000000095e-03
-5.277683600000000058e-02
2.069707999999999964e-02
1.508473500000000016e-02
-2.878263000000000002e-02
-2.439744499999999938e-03
-1.378023899999999968e-02
-1.469535500000000066e-03
3.030651200000000073e-02
1.009471399999999942e-02
4.706397000000000184e-03
2.602041000000000076e-02
-4.873992500000000339e-02
4.464043000000000178e-02
2.079851200000000164e-02
-3.300086399999999955e-03
2.305847800000000031e-03
-4.871938800000000236e-02
8.276425000000000448e-03
-5.373611300000000202e-02
1.277177000000000000e-02
-5.141413999999999707e-02
1.113268700000000049e-02
2.637812100000000090e-02
3.326716999999999869e-02
-1.862199599999999830e-02
3.153595800000000195e-03
6.249912999999999996e-02
-1.374917900000000026e-02
2.794940200000000166e-02
-3.578295000000000087e-02
-4.808893399999999985e-02
-6.108416600000000224e-02
-3.808200999999999947e-02
3.013427999999999940e-02
-6.230728199999999682e-03
-5.574888699999999697e-02
2.193161500000000153e-02
-2.372646499999999867e-02
-6.755390999999999480e-02
-3.062650199999999989e-02
-4.222821999999999687e-02
5.562003299999999928e-02
-1.550499800000000074e-02
1.976420699999999891e-02
-5.725138300000000291e-02
-2.920776200000000170e-02
3.652104400000000251e-02
3.592214299999999926e-03
1.036529999999999917e-02
-4.087454499999999824e-02
2.712822700000000128e-02
2.666505799999999843e-03
-9.000889999999999239e-03
-1.485824800000000011e-04
-1.416081699999999916e-02
-7.396193600000000590e-02
3.272819999999999896e-02
2.119178899999999907e-02
-5.966762999999999928e-02
-7.610316999999999776e-02
5.855538999999999883e-02
-1.161136200000000007e-02
4.851720500000000075e-02
7.998655000000000348e-02
-9.081659399999999875e-04
-1.399614000000000066e-02
8.561486000000000096e-03
2.346169400000000169e-02
-4.834808799999999740e-02
3.402147400000000294e-02
-1.236163399999999982e-02
2.210174100000000114e-02
-4.405076399999999920e-02
5.359739500000000254e-03
-2.692822599999999955e-02
2.165013400000000143e-02
2.330027999999999960e-02
5.195499600000000329e-02
-1.971797999999999954e-02
-2.414936399999999955e-02
-5.293471999999999761e-02
-2.710873800000000028e-02
-1.160407700000000014e-01
-1.810914500000000010e-02
-1.101018699999999940e-02
8.053147000000000083e-03
1.723391000000000159e-02
6.829190499999999477e-04
1.922528699999999976e-03
2.750932199999999925e-02
2.200099000000000152e-02
-1.967400999999999872e-02
4.661893500000000023e-03
3.125038000000000121e-03
1.296353499999999999e-02
3.846974799999999806e-03
4.249277299999999757e-02
-9.936699000000000226e-03
3.143308000000000213e-02
-6.610926000000000302e-02
2.037979800000000105e-02
-2.143833399999999986e-02
-5.747014699999999920e-02
1.828116399999999992e-03
5.008859999999999701e-02
3.082227499999999967e-02
1.414230650000000006e-02
-5.574713999999999711e-03
6.176153999999999672e-02
-9.175941999999999432e-03
-7.156143000000000226e-03
-3.059597699999999990e-02
-4.749505200000000288e-02
-2.375206700000000171e-02
1.009962000000000013e-02
-4.015988499999999933e-02
2.757416899999999907e-02
7.785071000000000352e-02
9.304925000000000349e-03
-3.991500299999999751e-02
-2.927314899999999831e-02
4.624265400000000109e-02
1.246449600000000026e-02
2.391814800000000019e-02
4.736139999999999795e-02
2.276822400000000010e-02
4.298472999999999704e-03
5.284977300000000267e-02
1.050048200000000022e-02
3.810023500000000313e-02
4.815719999999999723e-02
-5.694855999999999877e-03
1.116171599999999991e-03
3.963616500000000098e-02
-1.645699700000000099e-02
-2.301228400000000091e-02
1.662045300000000031e-02
5.379972599999999910e-02
4.673337000000000324e-02
-8.660496000000000166e-03
1.397501999999999946e-02
-3.838785699999999745e-02
-3.570627800000000102e-02
-7.410040700000000138e-04
-7.451864999999999574e-04
-9.785329000000000596e-03
-2.122292099999999876e-02
-3.284418199999999954e-02
-2.716984000000000066e-02
1.879872200000000035e-02
-1.379529900000000045e-02
6.520130999999999843e-02
-6.886341999999999464e-02
3.322654199999999780e-02
-1.250831600000000023e-02
-1.152541299999999998e-02
-1.330055200000000021e-02
4.173863299999999721e-02
-2.114040400000000153e-02
2.860409200000000110e-02
-1.113586599999999947e-02
6.664069999999999716e-02
4.410447599999999663e-02
6.445628999999999595e-03
-2.912223499999999979e-02
4.238579000000000131e-03
2.035454100000000030e-02
-2.115949799999999881e-02
3.469769000000000325e-02
-4.234720399999999940e-02
3.132135800000000053e-02
-1.106214150000000077e-02
5.675423000000000273e-02
3.618734700000000165e-02
-6.735971999999999793e-02
3.924799999999999817e-02
-1.297708099999999969e-02
-1.326767099999999998e-02
-3.099228799999999978e-02
2.575896999999999909e-02
-7.111476999999999382e-02
-1.008214699999999920e-03
5.039668499999999662e-02
-9.526131999999999656e-03
1.217345899999999932e-02
6.532965000000000300e-02
1.031123599999999967e-02
4.726168000000000036e-02
4.776716200000000190e-02
-5.775461400000000099e-03
-2.738588499999999870e-02
-7.533864999999999312e-02
-2.076330200000000084e-02
-2.327873800000000053e-04
-3.947573700000000033e-03
-1.005788600000000026e-02
3.627298799999999906e-02
2.493357100000000159e-02
-3.344394600000000217e-02
5.796015599999999879e-02
6.769009399999999579e-03
4.233928399999999787e-02
3.758048299999999786e-02
3.429048200000000147e-03
-2.561580200000000002e-02
4.806212700000000310e-02
3.463452300000000039e-02
2.444558800000000073e-02
6.874004999999999699e-02
-2.137912999999999966e-02
5.375892000000000170e-03
-4.988125000000000371e-03
3.176048399999999855e-02
-4.649780500000000229e-04
-1.252227000000000028e-02
-1.739308399999999963e-02
-7.207265600000000230e-03
2.446544999999999970e-02
9.503984999999999517e-03
-6.284467999999999999e-02
-8.430732000000000503e-02
3.313986599999999699e-02
7.520837199999999903e-03
3.900064999999999782e-02
-2.953477800000000111e-02
-1.958794000000000160e-02
-6.267945499999999504e-02
-2.607583999999999944e-02
3.426895299999999783e-02
-9.006166399999999614e-04
-2.261687600000000103e-02
-2.052196300000000070e-02
-2.418522199999999928e-02
6.506624600000000119e-03
9.106005999999999823e-02
1.013681999999999951e-02
3.537557599999999886e-02
2.057805500000000135e-02
6.606357499999999938e-02
1.520229900000000071e-02
-4.053912300000000329e-02
2.909673099999999808e-03
1.583918000000000131e-02
5.807627999999999575e-03
4.146602000000000100e-03
-1.654554499999999831e-02
-5.882045300000000171e-02
-1.458527899999999961e-02
-4.026053000000000270e-02
5.581573399999999879e-02
1.704734600000000141e-02
-5.406419699999999787e-03
-9.448651000000000619e-03
4.231445500000000082e-03
-2.510135999999999964e-02
-2.620747899999999880e-02
1.468601899999999981e-02
1.486995999999999978e-02
-8.442721999999999727e-03
-3.200321600000000100e-02
3.118136200000000153e-03
-7.063761999999999743e-05
1.909442800000000010e-02
-2.111748600000000128e-02
-5.397002000000000049e-02
8.886246999999999896e-02
6.398237499999999411e-02
5.892996000000000345e-02
-2.763403999999999860e-02
-2.357758399999999865e-02
3.172199200000000181e-03
2.726463999999999971e-02
-4.400238800000000339e-02
7.373209599999999697e-03
4.300102000000000091e-02
4.443194300000000152e-02
1.265828500000000002e-02
-4.042407499999999682e-02
3.514507800000000320e-02
1.272919500000000044e-02
-2.478035500000000044e-02
-2.574284699999999926e-02
6.389847000000000148e-04
-2.248131399999999934e-05
-1.482512199999999961e-02
2.614499299999999832e-02
-1.172255200000000067e-02
-1.651433000000000068e-02
7.483298500000000160e-04
1.373328099999999996e-02
2.549637600000000202e-03
5.067412999999999779e-02
5.331095999999999752e-02
-2.580230599999999968e-03
9.728067999999999438e-03
-3.147394199999999781e-02
-1.140847799999999967e-02
6.051068400000000208e-02
7.866074400000000163e-04
2.425410600000000097e-02
2.361895899999999840e-02
2.302221399999999918e-02
8.309378500000000334e-02
1.900207599999999969e-02
2.470796000000000103e-02
1.144537699999999963e-02
6.335805999999999383e-02
5.361366000000000048e-02
1.531585400000000027e-02
1.636966000000000115e-02
2.880229000000000122e-02
3.575384200000000096e-02
3.836496699999999808e-03
4.524133000000000321e-02
-3.693168200000000040e-02
3.959874800000000306e-02
-6.307852999999999377e-02
-3.116741799999999882e-02
-2.038030000000000050e-02
-2.754978799999999867e-02
1.953015500000000043e-02
-3.735039999999999888e-02
6.148135999999999879e-02
2.383777599999999889e-03
-2.362113999999999880e-02
-1.647718399999999889e-02
4.163205999999999851e-02
-4.689563800000000338e-02
2.177165600000000034e-02
-6.551577000000000095e-02
-5.747477000000000141e-02
-3.843164400000000092e-02
-2.165361499999999932e-03
5.265739199999999731e-02
-1.302433300000000078e-02
1.855145799999999984e-02
-1.357261499999999968e-02
-1.126593099999999986e-02
2.353877799999999978e-02
-2.060449099999999908e-02
2.751317799999999925e-02
-1.732521000000000061e-02
-8.196849999999999969e-02
-4.779706699999999690e-03
5.432852400000000304e-02
1.537514799999999994e-02
2.829519700000000110e-02
-3.312807000000000252e-02
1.620461800000000049e-02
2.191063199999999933e-02
-1.442537399999999949e-02
-7.493194699999999701e-03
2.337955699999999873e-02
-3.194717699999999935e-03
1.476447900000000049e-02
2.533527000000000001e-02
3.701126999999999889e-02
5.827747700000000114e-02
2.534079399999999982e-02
-3.723670500000000189e-02
4.358513299999999813e-02
-1.932446000000000164e-02
-4.461104400000000247e-02
-1.835153299999999973e-02
4.748726000000000336e-02
1.722641100000000050e-02
4.102771699999999827e-02
-3.112504400000000102e-02
5.554209599999999913e-02
-2.611886199999999963e-02
-2.171452999999999925e-02
-5.625795599999999785e-02
-3.024088000000000123e-02
-7.990280499999999342e-02
-1.677965600000000043e-02
1.969549799999999878e-02
-1.912508500000000000e-02
2.924712399999999934e-02
-3.202767299999999956e-02
-5.866500699999999818e-02
-5.845571699999999732e-02
1.612174900000000119e-02
-3.443080200000000340e-02
-5.162053999999999948e-02
2.199342699999999942e-02
-1.223936299999999963e-02
1.906360500000000083e-02
7.764209999999999688e-03
2.980346799999999963e-02
-2.872963400000000042e-02
-8.282704000000000108e-03
1.261613200000000039e-03
1.658657599999999871e-02
2.396647799999999939e-02
7.131975000000000120e-02
-5.330619000000000329e-02
-2.462747499999999937e-02
1.701694399999999913e-02
7.430148000000000308e-02
-2.795957199999999851e-02
-3.439785000000000065e-02
-3.326405600000000018e-02
-5.500721599999999767e-02
2.317085699999999956e-02
4.826799400000000156e-02
-3.338196500000000042e-03
6.403112000000000300e-04
4.550370200000000004e-02
7.579444000000000459e-02
-8.119477999999999418e-03
1.091234300000000056e-03
2.268706699999999913e-03
4.008612999999999760e-02
-3.412739599999999734e-02
4.890835399999999764e-03
1.552921600000000020e-02
-1.524885999999999950e-02
3.785114700000000165e-02
-6.540472999999999426e-02
1.661596700000000015e-03
-5.563109699999999741e-02
-2.421030600000000088e-02
2.022445599999999830e-02
-4.084032800000000213e-02
1.448337799999999988e-02
-1.971289700000000006e-02
-1.997403400000000162e-02
-1.354448899999999983e-02
-4.520305399999999772e-03
5.555637599999999759e-03
-9.060811999999999686e-03
-8.187177000000000343e-03
-1.213417700000000016e-01
-1.540397500000000031e-02
-1.076514800000000043e-02
-5.876771000000000078e-02
6.753558800000000056e-03
-2.163123299999999971e-02
3.641819200000000201e-02
2.382266099999999845e-02
-5.770632299999999687e-02
-1.911913200000000049e-02
1.886307300000000103e-02
2.042635500000000021e-02
-4.671618000000000298e-02
2.201554699999999989e-02
3.246157000000000209e-02
4.748451699999999692e-02
9.295486000000000373e-03
-5.572085000000000232e-02
-1.521717199999999930e-02
1.929976599999999945e-02
6.273096000000000227e-02
-2.949302999999999994e-02
-2.485843800000000006e-03
2.468022099999999872e-02
2.840140299999999868e-02
-3.936608999999999942e-02
-4.322452999999999712e-02
4.215904300000000021e-02
9.796096000000000664e-03
6.202653400000000122e-02
-1.748470200000000127e-02
2.743328199999999916e-04
-1.307749100000000012e-02
3.457294999999999986e-03
-2.814310800000000001e-02
-1.515196899999999951e-02
-2.379511100000000073e-02
-3.915900700000000262e-02
-3.879098499999999831e-03
-2.448255700000000114e-03
7.703765499999999655e-02
5.706193999999999850e-02
-3.789679700000000290e-02
5.680746000000000406e-03
-2.549904999999999880e-02
3.150382300000000024e-02
4.108414999999999984e-02
-2.512763800000000075e-02
1.726149999999999907e-02
1.531761499999999970e-02
5.299695000000000100e-02
4.199606000000000172e-02
-2.203853600000000093e-02
-3.927510000000000376e-03
7.071531000000000344e-02
2.006740999999999820e-03
2.022855200000000034e-02
1.879590399999999870e-02
2.893829300000000035e-02
8.782776000000000818e-03
-3.156164999999999665e-02
-2.730751199999999906e-02
-4.968761299999999853e-02
1.904377299999999995e-02
2.319008100000000128e-02
3.042699999999999919e-02
-3.093283000000000057e-03
1.992230099999999990e-02
-4.643201999999999920e-03
-2.501770099999999983e-02
9.245098999999999678e-03
-2.138829800000000003e-02
-1.496724900000000018e-02
4.834685799999999863e-04
6.009872999999999778e-03
-2.615998699999999913e-02
-1.420604900000000011e-02
-3.361899399999999927e-02
-1.735868700000000112e-02
1.124434099999999971e-02
-2.429104599999999843e-03
6.272390499999999820e-03
4.021941700000000036e-03
-5.407072599999999951e-02
-6.722253000000000256e-02
-2.496114600000000003e-02
-3.135694599999999665e-02
8.123220000000000440e-03
4.561428000000000010e-02
2.269917900000000075e-03
-1.014353399999999919e-02
-2.495910800000000068e-02
2.477835100000000054e-02
2.967937799999999932e-02
-2.035879499999999898e-02
1.026351149999999990e-01
-1.247288700000000021e-02
1.095111500000000085e-02
-7.252645500000000356e-02
2.629470500000000155e-02
6.106252000000000207e-02
-3.984519999999999729e-02
