7.786476000000000508e-02
3.721136199999999783e-02
-2.982926199999999875e-02
2.633747399999999787e-03
3.948370400000000141e-02
6.014752000000000293e-02
1.963369999999999872e-03
6.910599299999999577e-03
-1.645045499999999924e-02
2.248786599999999872e-02
1.470859300000000071e-02
4.078960799999999803e-02
5.086217400000000305e-02
1.031094599999999965e-02
3.814589599999999858e-02
-8.656159000000000076e-03
5.119292799999999866e-02
2.695382799999999912e-02
-2.065917299999999943e-02
-3.352775399999999989e-02
-5.469503299999999707e-02
2.018503099999999911e-02
7.588310600000000225e-03
8.013706000000000648e-03
1.878133400000000022e-02
-1.308186199999999966e-02
-1.417386300000000009e-02
-8.468418599999999463e-02
3.254343800000000092e-03
-4.693547599999999681e-02
3.803160800000000147e-02
4.958484700000000134e-02
5.047192400000000134e-02
-4.003387299999999760e-02
3.702815999999999746e-02
2.583124700000000162e-02
-1.429175199999999958e-02
-3.707327700000000170e-02
1.954480000000000106e-02
-5.266496500000000108e-02
5.435925000000000305e-03
-4.138304999999999761e-02
-2.423791800000000066e-02
3.527791000000000260e-02
-3.689612400000000236e-02
-2.387306700000000129e-02
-3.780532999999999810e-02
-2.665870600000000076e-02
-2.665400299999999903e-02
4.632777300000000265e-02
3.806709999999999955e-02
4.346761500000000111e-02
-2.105139600000000000e-02
2.075184999999999790e-03
-2.361496999999999902e-02
-7.230741999999999725e-02
-4.112405000000000227e-02
-5.932643299999999786e-02
3.716677399999999964e-02
-2.492588600000000126e-02
-1.670359600000000111e-02
-1.748602999999999963e-02
5.496354999999999991e-02
-6.886240999999999890e-02
5.294365799999999761e-02
-1.654047299999999998e-02
1.070409299999999916e-03
9.964686999999999850e-03
-6.868290999999999979e-02
2.980698600000000059e-02
8.572563499999999795e-03
2.631143299999999866e-02
-2.206627699999999873e-02
1.220406599999999953e-02
-2.693610999999999922e-02
4.547637400000000343e-03
-1.899163400000000029e-02
3.626870699999999725e-02
-1.115334500000000027e-02
1.461260699999999968e-02
-4.504700999999999844e-02
2.164561299999999845e-03
8.774087999999999332e-03
2.571703399999999973e-03
1.056871700000000048e-03
3.422172999999999882e-02
5.411479999999999763e-02
5.832537999999999959e-03
-2.243386199999999886e-02
-2.366102700000000114e-02
1.200824100000000005e-01
1.291868699999999988e-02
3.367824500000000248e-02
1.366969900000000087e-03
5.545998399999999690e-02
-2.547926600000000041e-02
-1.162216300000000063e-01
-1.130653249999999943e-01
2.809316499999999980e-02
1.791490000000000096e-02
2.075237400000000051e-02
2.482867399999999850e-02
-3.159250000000000252e-02
1.326286500000000042e-02
9.280745999999999440e-03
-1.550960449999999949e-02
-3.716466599999999898e-02
-5.241543800000000169e-02
-5.727477999999999736e-02
1.222088999999999988e-02
4.357667999999999958e-02
2.576421799999999845e-02
1.526822200000000013e-03
2.134594000000000075e-02
-6.639223499999999389e-02
1.483949700000000010e-02
8.984772999999999718e-03
1.518691800000000064e-02
-2.032479499999999967e-02
3.198055999999999816e-02
1.625945599999999852e-02
5.432693699999999876e-02
-4.265118400000000171e-02
6.745713000000000403e-02
3.263230200000000192e-02
3.306696199999999836e-02
8.433641000000000401e-03
5.889897999999999965e-04
-1.364725200000000034e-02
-5.890439299999999587e-03
3.126393300000000069e-02
-1.508712100000000021e-02
5.064650999999999875e-03
3.980366999999999933e-02
-3.212381500000000001e-02
6.911556000000000123e-03
7.264576000000000366e-02
5.387758999999999777e-03
-5.249342700000000222e-02
3.095120000000000163e-02
-7.200720699999999669e-03
2.261656899999999956e-02
-7.322697999999999707e-02
1.182691200000000019e-02
-1.185888000000000046e-02
-5.543317999999999857e-02
1.634137899999999963e-02
3.562193699999999935e-02
4.789336000000000287e-02
4.804934999999999762e-02
-1.085584799999999954e-02
-1.763261699999999974e-02
1.600585100000000149e-02
-3.231349000000000027e-02
-3.726836699999999669e-02
2.449751799999999938e-02
1.865962300000000018e-02
-4.030329400000000339e-02
3.553840500000000208e-02
-3.865075999999999928e-02
5.319992999999999944e-02
-6.986815999999999860e-02
2.404140499999999833e-02
4.939020000000000216e-02
-2.287399199999999924e-02
-1.129884299999999939e-02
1.533966600000000007e-02
-4.313030999999999809e-02
-5.603972999999999940e-03
2.399830899999999892e-02
-1.156473700000000028e-02
-7.072929999999999495e-02
-6.236063699999999654e-02
-4.198610800000000115e-02
2.906440000000000065e-02
1.352981999999999969e-02
1.127160399999999930e-02
-5.545115500000000197e-02
-8.646561000000000524e-03
1.134231800000000054e-02
8.122066000000000008e-02
-1.013195899999999941e-02
1.432011650000000053e-02
-5.299246700000000143e-02
-2.200853800000000110e-02
-1.433504300000000044e-02
4.265730000000000216e-02
4.890316699999999739e-02
2.688304500000000125e-02
6.966849999999999432e-02
3.793980999999999743e-02
-4.896121999999999974e-02
2.782193000000000079e-03
4.461231999999999698e-02
-1.214206000000000009e-03
4.755748399999999709e-02
2.623889199999999977e-02
1.194286200000000027e-02
3.840299599999999914e-03
-6.670590499999999590e-02
4.600159499999999929e-02
9.213562999999999614e-02
7.338187000000000355e-03
-3.279707399999999898e-03
1.991723999999999838e-03
7.451007499999999506e-02
-2.436738999999999919e-02
-3.523588600000000098e-02
-5.525160999999999788e-03
5.665665000000000284e-02
3.105518599999999851e-02
-5.771553499999999837e-02
-2.768874699999999967e-02
-3.124709399999999956e-02
8.290227999999999530e-04
7.564916999999999996e-03
6.250129999999999575e-02
3.021637699999999913e-02
4.051388999999999685e-02
-2.621874399999999869e-02
4.018106999999999929e-02
2.792830799999999891e-02
-1.878994000000000150e-02
6.218050800000000239e-02
-1.250070600000000032e-02
-3.882270000000000165e-02
-6.430294000000000287e-02
-5.965164400000000366e-03
4.495316700000000221e-02
-8.590976000000000168e-02
-3.545287999999999912e-02
-2.405257200000000123e-02
-1.145322600000000038e-02
-7.577307000000000139e-03
-6.310493500000000089e-02
-4.495699399999999839e-03
2.229116899999999957e-02
-5.041542000000000245e-02
-2.479307700000000017e-02
-3.291450399999999721e-02
-1.071324900000000108e-03
2.826958400000000211e-04
9.961173999999999723e-03
-2.335826000000000048e-03
2.917604700000000009e-02
-5.847825699999999877e-03
3.537980000000000291e-02
1.683794300000000105e-02
-3.058612200000000031e-02
1.531049699999999930e-02
-1.098333599999999979e-02
-6.761469600000000408e-05
-8.943684999999999830e-02
-1.675984000000000154e-02
-6.439742399999999478e-02
2.546993599999999858e-02
3.378176799999999935e-03
2.184362200000000004e-02
7.614926400000000296e-03
3.506924200000000047e-02
5.330487700000000051e-02
-1.674576800000000115e-02
2.083227400000000132e-02
-2.948378600000000141e-02
2.492834000000000022e-02
-7.025415000000000132e-02
2.182207800000000083e-03
1.122909000000000060e-02
1.654602800000000082e-02
-2.514182800000000148e-02
4.481227699999999758e-02
-5.449025300000000238e-02
-5.556615399999999955e-02
-3.220762700000000256e-02
-2.410013399999999875e-02
1.690016100000000035e-02
-1.058605200000000074e-03
1.828172999999999994e-03
-4.654545699999999842e-02
-5.394084999999999852e-02
5.005981799999999898e-02
-2.056865800000000008e-02
2.550757700000000003e-02
-3.142388499999999862e-02
1.884724499999999902e-03
-3.137287700000000127e-03
2.235844199999999921e-02
-3.788331299999999919e-03
3.630822000000000129e-03
-4.286265000000000214e-02
5.795257499999999923e-02
5.436239000000000045e-04
-6.230228399999999944e-02
-2.515946000000000154e-02
-1.331851999999999906e-03
2.366193000000000116e-02
5.688925999999999705e-02
6.915590000000000626e-02
-2.329544700000000038e-02
-9.290750999999999871e-03
3.003422000000000036e-02
3.409417000000000003e-02
-7.138300000000000201e-02
3.080913999999999875e-02
-4.196762999999999882e-02
1.973188899999999898e-02
-2.199554999999999913e-02
4.970838500000000076e-02
7.589821200000000136e-03
-1.343413799999999998e-02
1.198500800000000012e-02
3.929731599999999880e-02
-3.369875600000000332e-02
-3.300413499999999695e-02
-4.663939999999999753e-02
1.133731699999999953e-02
-1.237295999999999951e-01
-3.403447200000000311e-02
2.298164600000000141e-02
2.446508600000000047e-02
-5.941259699999999755e-03
3.933412199999999914e-02
-3.034968899999999914e-02
2.155031799999999886e-02
3.492573300000000047e-02
-1.111881250000000022e-02
2.895323699999999972e-02
-3.175006400000000145e-02
6.133924000000000321e-02
3.234029199999999965e-02
4.591436299999999970e-02
1.599587499999999924e-03
2.338311399999999998e-02
-2.938566999999999915e-02
1.991537200000000063e-02
1.436002800000000038e-02
-4.993717000000000295e-02
9.798496999999999763e-03
7.813649999999999762e-02
-1.082077400000000002e-02
1.541851500000000069e-02
-8.429775999999999936e-03
4.226372400000000251e-02
2.055273800000000095e-02
1.406218600000000082e-02
-3.518548999999999982e-02
-3.781901299999999855e-02
-1.204726400000000024e-02
1.230852200000000056e-02
-1.974085500000000160e-02
3.511275999999999980e-02
5.190443599999999824e-02
-1.313354700000000106e-03
1.213510200000000004e-02
6.581543500000000199e-03
4.109265000000000140e-02
-4.026843999999999910e-03
5.991668399999999610e-03
4.355855299999999986e-02
1.897100899999999962e-03
2.347115599999999996e-02
6.838917999999999386e-02
3.067763299999999929e-02
2.532118200000000111e-02
2.345641999999999866e-02
1.532661400000000056e-02
1.687204999999999955e-02
5.887153400000000314e-02
1.270363700000000026e-02
-5.066132999999999574e-03
-2.803420300000000059e-02
1.859646100000000163e-02
-9.043595999999999666e-04
-1.820146900000000137e-02
2.229852200000000118e-02
-4.522759500000000238e-02
-1.686503599999999992e-02
-3.840775800000000018e-02
-2.055295399999999828e-02
-2.132256000000000082e-02
-7.044673499999999731e-04
-1.323862599999999987e-02
-5.473805200000000232e-02
2.592683999999999961e-02
-6.345276300000000057e-03
6.067755400000000160e-02
-9.166124500000000230e-02
1.722946399999999989e-02
-7.081469499999999695e-03
-3.975148500000000307e-02
-1.508421000000000024e-03
6.437269599999999314e-02
-6.710456000000000060e-03
-1.207816299999999940e-02
-9.265661999999999163e-03
6.869632999999999989e-02
4.269777599999999979e-02
-1.276593400000000048e-03
5.128436000000000106e-03
1.584777999999999881e-02
-8.299646000000000801e-03
-1.209411500000000077e-02
5.461359799999999931e-02
-2.295793999999999960e-02
2.371417500000000053e-02
-2.428245199999999951e-02
6.555668000000000606e-02
-6.940708500000000031e-03
-6.232814999999999883e-02
2.889229999999999923e-02
-1.011178899999999950e-02
-3.273391700000000126e-02
-2.401024100000000161e-02
-1.063315599999999951e-02
-5.612895600000000068e-02
1.042041199999999912e-03
7.265512000000000359e-02
2.458348000000000130e-02
6.070783999999999903e-02
2.833844500000000030e-02
-1.432925600000000028e-02
3.200175000000000242e-02
3.563124000000000152e-02
-2.152165599999999925e-03
-2.204425299999999976e-02
-4.166481300000000193e-02
-8.330433999999999409e-03
-2.979149099999999981e-02
3.637697000000000153e-02
-3.385940600000000161e-02
5.218424599999999663e-02
4.690870599999999967e-03
1.171374600000000057e-02
5.114108299999999691e-02
3.330762300000000148e-02
6.154662999999999801e-02
5.837654999999999754e-03
-3.039615799999999951e-02
-4.260070999999999997e-02
2.065020600000000081e-02
3.257457999999999881e-02
2.389066999999999927e-02
7.065531999999999369e-02
-7.245694999999999913e-03
1.591392200000000048e-02
1.331455800000000064e-02
-9.082952499999999776e-03
2.383315600000000117e-02
1.263946600000000024e-02
2.393978900000000038e-03
3.913260300000000191e-02
-2.381034699999999994e-03
-3.009940699999999816e-03
-5.090262699999999890e-02
-8.413818000000000685e-02
6.885350499999999541e-02
2.293096099999999971e-02
-1.830390700000000120e-02
-1.698730000000000032e-02
1.279190699999999993e-02
-5.882121600000000256e-02
2.406415199999999979e-04
3.359057500000000099e-03
3.060297899999999890e-02
-3.022872100000000006e-02
1.485236900000000068e-02
-2.316058000000000179e-03
3.034917800000000096e-02
5.995438000000000156e-02
4.510037599999999758e-02
6.305665000000000575e-02
2.951837300000000053e-02
7.903565999999999370e-02
3.151888499999999996e-03
-3.197315299999999721e-02
-5.674456199999999666e-03
2.077457699999999807e-03
1.100963800000000041e-02
-2.347540999999999864e-03
-1.366582000000000040e-02
-1.604540299999999975e-02
8.429969000000000698e-03
-3.079573999999999853e-02
4.527685800000000316e-02
3.965091300000000291e-02
2.689933400000000044e-02
3.051708999999999889e-04
3.339228699999999880e-03
-2.092513400000000148e-02
-2.245147999999999935e-02
4.223070000000000296e-02
1.066391449999999977e-02
-6.124655300000000219e-03
7.695716299999999684e-03
3.989002500000000256e-02
2.891283200000000202e-03
6.333917399999999809e-02
-4.447663599999999995e-02
-3.017222699999999938e-02
7.700100000000000000e-02
5.269187300000000018e-02
3.422830600000000001e-02
-5.946396999999999794e-02
-2.571714900000000165e-02
-4.289357700000000218e-02
1.977830800000000139e-02
-6.367994999999999906e-02
-6.223748999999999774e-03
5.233025599999999861e-02
1.179673200000000075e-02
2.467073700000000161e-02
-5.667287499999999756e-02
3.110386999999999874e-02
1.258936000000000083e-02
-2.043866700000000064e-02
-4.606389600000000001e-02
2.671422400000000169e-02
-8.814163999999999333e-03
-6.944042000000000096e-03
3.388111299999999743e-02
1.355905399999999920e-02
-4.921862999999999932e-02
-1.737672499999999912e-02
-8.180445999999999204e-03
1.725744599999999920e-02
-3.351218799999999831e-03
4.239492999999999734e-02
-5.129444600000000049e-02
1.000013299999999959e-02
3.442633400000000201e-03
1.745779299999999923e-02
6.939306000000000640e-02
5.307593199999999928e-02
5.168476300000000162e-02
4.886888699999999974e-02
5.825716300000000070e-02
7.178592000000000306e-02
-1.413148000000000044e-05
4.677350400000000047e-02
3.152941000000000077e-02
4.228772199999999981e-02
4.185497999999999996e-02
-1.449199900000000020e-02
5.140271800000000002e-02
2.635959499999999955e-02
4.524564699999999995e-02
2.356348399999999912e-02
3.580451400000000256e-02
-1.026922299999999920e-02
5.340280800000000300e-02
-2.051358699999999979e-02
-3.529498699999999989e-02
-4.000922700000000137e-02
-4.781565599999999978e-03
1.681417200000000006e-03
-3.552773599999999726e-02
2.678831900000000141e-02
-4.070997600000000188e-02
-1.166702399999999980e-02
-8.438021999999999884e-03
5.152047399999999666e-02
-4.566089700000000411e-03
1.498096999999999970e-02
-4.154597599999999835e-02
-5.662932600000000066e-02
-4.042377699999999581e-03
-5.982374300000000041e-03
4.240279000000000270e-02
6.000389299999999738e-03
2.324911499999999989e-03
6.818312399999999773e-02
-4.499990499999999977e-02
3.927983300000000011e-02
-2.936633099999999899e-02
4.151247999999999744e-02
-3.693910699999999880e-02
-7.489100999999999397e-02
-2.698266300000000048e-02
1.801292000000000171e-02
3.704712999999999756e-02
-9.930490499999999887e-03
-2.416153799999999977e-02
3.236549700000000002e-02
3.481032299999999718e-02
2.113936099999999887e-02
-2.074481400000000031e-02
4.781583300000000203e-02
-4.036744700000000075e-02
1.299356899999999995e-02
3.400336999999999804e-02
9.397986000000000534e-03
-9.826603999999999201e-03
1.646970499999999941e-03
-6.607417999999999625e-02
4.908481600000000333e-02
-3.173716699999999669e-02
-3.133316700000000204e-02
-4.606310300000000107e-02
4.995151200000000347e-02
2.112415999999999947e-02
2.886199000000000056e-02
-2.788721799999999834e-02
4.680440200000000189e-02
-1.323170299999999917e-02
-3.799480999999999692e-02
-4.915818599999999955e-02
-3.188535199999999875e-02
-8.495202999999999782e-02
-2.420182699999999867e-02
1.649525199999999844e-02
8.634355999999999282e-03
2.742551600000000048e-02
-3.193165399999999682e-02
-2.445586000000000027e-03
-5.067578699999999992e-02
3.065257000000000051e-04
2.155945900000000130e-03
-5.022935600000000278e-02
8.706198000000000062e-03
7.558495999999999618e-03
3.954482499999999873e-02
-1.021848900000000074e-02
8.021906000000000522e-03
-3.154572499999999668e-02
-3.310497999999999913e-02
3.349479300000000187e-02
6.995192299999999572e-03
-1.744074300000000074e-03
4.833513500000000129e-02
-5.792602000000000168e-02
2.127638499999999835e-02
-2.359814699999999814e-03
1.063536260000000067e-01
-3.391419400000000167e-02
-3.942016999999999743e-02
-2.187273699999999974e-02
-4.455312300000000003e-02
2.443836799999999851e-02
4.280685000000000046e-02
-1.884612600000000124e-02
2.113011500000000140e-02
4.743695600000000234e-02
8.015331600000000223e-02
-1.984793500000000058e-03
-9.509066000000000046e-03
-4.776196600000000118e-03
1.635268700000000117e-02
-1.750732799999999909e-02
1.141601400000000037e-02
3.887098299999999784e-02
7.084970399999999599e-03
3.102007700000000007e-02
-6.595985000000000043e-02
8.008703000000000696e-03
-3.037623999999999880e-02
-3.281201400000000046e-02
-1.350923200000000036e-03
-3.326277999999999874e-02
-4.284033999999999759e-02
-3.734771499999999661e-02
-5.095114500000000150e-03
3.645866399999999913e-03
-7.936508000000000104e-03
4.205082999999999738e-02
5.358716500000000084e-03
-2.240673500000000054e-02
-8.483003000000000071e-02
5.772538999999999925e-04
-1.751011200000000129e-02
-1.950293999999999986e-02
3.263674700000000067e-02
-5.292717699999999886e-02
3.457245800000000122e-04
-9.064459000000000405e-03
-4.391372699999999962e-03
-3.825727000000000294e-02
6.352420999999999589e-03
3.505130000000000051e-02
-4.916568000000000327e-02
-3.178531999999999674e-05
-6.254177400000000440e-04
-3.159696500000000203e-03
2.520653000000000130e-02
-5.717813599999999746e-02
-1.985365999999999867e-02
-1.058682000000000026e-02
5.902037400000000045e-02
-1.352543800000000074e-02
-1.768161500000000122e-02
9.395983999999999586e-03
4.094274200000000245e-03
-2.717076200000000108e-02
-9.185538000000000036e-03
2.686646800000000099e-02
1.634655000000000136e-02
9.594121999999999373e-02
-2.439982300000000104e-02
2.448647300000000165e-02
-2.426994400000000163e-02
3.161920000000000008e-02
-3.837849200000000016e-02
-1.002942599999999927e-02
-2.807510300000000143e-03
-1.315301099999999918e-02
-1.639171000000000031e-03
-4.653160600000000313e-02
3.923990200000000012e-02
3.127072399999999974e-02
1.700841300000000000e-02
1.693899999999999920e-02
-3.519690799999999897e-02
1.279093599999999928e-02
-1.545703000000000008e-02
-3.166276199999999708e-02
1.224887650000000029e-02
-2.349453900000000081e-04
6.835630500000000609e-02
3.458763000000000115e-02
3.473878999999999856e-02
1.162622999999999955e-02
5.254069000000000100e-02
4.876150299999999771e-03
1.982541399999999954e-02
5.365682399999999880e-02
1.861977399999999866e-02
3.921510300000000115e-02
-1.074142600000000010e-02
-4.342166700000000407e-03
-6.658759999999999679e-02
2.101795999999999873e-02
1.405382699999999964e-02
4.861583600000000255e-02
-2.800293499999999963e-02
3.835659000000000290e-02
-5.429592999999999919e-03
-4.173617000000000299e-02
4.238947500000000285e-02
-1.169148549999999946e-02
-2.458310899999999882e-02
1.305534700000000013e-02
1.500091050000000072e-02
-5.551335599999999981e-02
2.110924000000000134e-02
-3.649195000000000216e-02
-2.017197600000000118e-02
3.680349000000000120e-02
-1.571907000000000165e-02
1.789753100000000124e-02
-2.564158999999999883e-02
-1.692205899999999971e-02
-8.415681999999999330e-02
-9.583417999999999798e-03
-7.191478499999999496e-02
-4.024559599999999807e-03
1.584747599999999923e-02
-1.057154400000000043e-02
-2.124918599999999977e-02
-2.761067600000000066e-02
5.713438000000000370e-03
-1.052317300000000025e-02
-6.648058000000000092e-03
1.123310700000000051e-01
8.433697999999999889e-03
-1.430753599999999917e-02
-3.902768699999999841e-02
1.294919850000000004e-02
2.161680499999999935e-02
-2.194697199999999862e-02
