6.742518399999999912e-02
3.038624300000000028e-02
-5.345623599999999725e-02
-6.539376999999999863e-03
-1.501402100000000066e-02
3.948705000000000270e-02
-4.500051500000000308e-03
6.552258499999999777e-03
-7.217494999999999987e-03
5.795769999999999568e-04
6.768954500000000374e-02
6.986946600000000507e-02
2.165308800000000089e-02
2.940058300000000097e-02
2.422453299999999948e-02
-9.969642000000000781e-03
5.456031000000000075e-02
2.251911499999999927e-02
-4.287922999999999735e-02
-4.079552699999999810e-02
-5.519224699999999983e-02
1.211160049999999988e-02
1.579731100000000138e-02
-9.905492999999999590e-04
-2.290835399999999883e-02
-5.314638000000000001e-02
1.380555800000000076e-02
-6.993466600000000644e-02
2.347809600000000038e-02
-9.647448000000000135e-02
4.808645300000000122e-02
9.628232000000000457e-02
2.145190400000000081e-02
-4.598416000000000309e-02
3.732070299999999674e-02
1.119548100000000018e-02
-3.104711300000000118e-02
3.479807499999999776e-02
1.518872750000000056e-02
-6.857443600000000250e-02
-1.834204199999999937e-02
-2.771679100000000104e-02
2.950030400000000150e-02
2.543572700000000172e-02
-2.862872699999999965e-02
-7.124619999999999564e-02
-3.088303099999999829e-02
-9.176079000000000180e-03
-2.122109800000000074e-02
5.523377000000000148e-02
1.372345799999999914e-02
2.543029700000000101e-02
-4.626823000000000047e-02
3.808866699999999966e-03
-1.396659999999999915e-02
-8.837609999999999910e-02
-3.045855800000000016e-02
-3.386531400000000053e-02
3.557389200000000279e-02
-4.772603499999999999e-02
-1.068828399999999929e-02
-5.101056400000000129e-02
5.994920799999999689e-02
-5.488437000000000177e-02
4.022482000000000141e-02
-6.891585000000000072e-02
-2.146349100000000121e-02
3.108261000000000183e-03
-9.324401599999999901e-02
4.538779700000000056e-02
1.585152000000000089e-02
-1.038523899999999923e-02
-1.114449399999999958e-02
-3.510950000000000095e-03
-1.236770400000000020e-03
3.204188800000000014e-03
-9.505642999999999385e-03
-4.182832000000000217e-02
-1.717496800000000053e-03
4.908005000000000007e-03
-4.201558600000000060e-02
-2.407710600000000090e-02
2.244974900000000148e-02
3.940818499999999835e-02
-3.868819400000000214e-02
7.169654000000000305e-02
1.027179699999999918e-02
-1.329023950000000030e-02
-3.869433299999999742e-02
-1.833262299999999928e-02
1.221983360000000046e-01
1.506761099999999985e-02
8.312839000000000686e-03
7.699962200000000367e-03
1.761552300000000099e-02
-3.489576300000000325e-02
-8.336881999999999626e-02
-1.062968450000000009e-01
1.774268600000000057e-02
1.116908399999999926e-03
7.910187000000000815e-03
-4.960879700000000309e-03
-3.878526799999999775e-02
-1.073485700000000043e-02
5.436631699999999734e-02
2.626662299999999936e-02
1.863205000000000069e-02
-6.039926000000000322e-02
-8.368599999999999650e-02
-3.563730700000000001e-03
6.595342999999999345e-02
2.849163299999999885e-02
6.035135999999999973e-03
9.948676999999999521e-03
-2.163584500000000077e-02
-3.099393300000000129e-02
-2.725906499999999899e-02
1.018050399999999994e-02
-2.686002100000000128e-02
9.063264999999999169e-03
4.485969599999999752e-02
4.052356299999999856e-02
-2.739878000000000105e-02
4.380089399999999994e-02
4.818497000000000058e-02
8.947059000000000262e-03
-4.552181300000000298e-03
-5.418526399999999688e-02
-3.997396999999999756e-02
-4.379514000000000150e-03
3.580429000000000250e-02
4.894034000000000448e-04
1.860577199999999959e-02
3.452849799999999775e-02
-1.099426499999999959e-02
-1.525832499999999967e-02
4.683706499999999717e-02
-1.574786200000000136e-02
-1.747980500000000060e-03
3.545363199999999881e-02
-1.692010500000000126e-02
-2.611173500000000050e-02
-6.289416600000000135e-02
5.930625000000000133e-03
-4.045887699999999726e-02
-5.722994700000000323e-02
1.143699199999999999e-02
2.450132600000000035e-02
4.983971300000000076e-02
-1.841446999999999876e-02
-2.488285100000000097e-02
-5.605885300000000224e-03
2.136691500000000021e-02
-1.211144599999999967e-02
-2.208080000000000112e-02
6.565189000000000441e-02
2.228975100000000001e-02
-2.407715499999999939e-02
1.162658800000000020e-02
-3.408536000000000205e-02
1.763528799999999896e-02
-3.853516700000000211e-02
-2.931081699999999943e-02
4.845268700000000123e-02
-3.255703299999999911e-02
-2.413226699999999891e-02
-1.466076699999999990e-02
-4.084777599999999710e-03
8.183476000000000292e-03
8.255132499999999832e-03
-4.242228700000000297e-02
-1.080162800000000062e-01
-3.444070700000000096e-02
-4.650320000000000148e-02
-4.305149399999999571e-03
1.774020700000000089e-02
-2.342210400000000088e-03
-9.774315000000000433e-03
-4.373878199999999689e-02
-2.253971399999999889e-02
5.338233700000000193e-02
-2.027706599999999984e-02
2.680665399999999920e-02
-5.768300199999999711e-02
5.661867999999999589e-03
-1.469595500000000013e-02
5.484391699999999897e-02
3.494236600000000248e-02
3.165507699999999675e-02
2.106042400000000120e-02
-5.203270999999999764e-03
-3.727605299999999823e-03
-2.347125900000000126e-02
4.658239299999999972e-02
9.846735999999999163e-04
7.002946000000000171e-02
-1.462872299999999973e-02
4.998713999999999588e-04
-3.119068800000000113e-02
-3.735958799999999913e-02
2.916355600000000020e-02
9.038111999999999535e-02
4.185504000000000308e-02
-3.204040600000000044e-02
-1.068060749999999968e-02
3.907159300000000168e-02
4.476376000000000118e-04
-3.025003999999999887e-02
2.515268299999999860e-02
3.187540500000000249e-02
-4.738012700000000105e-02
-4.001355999999999663e-02
-1.402541499999999941e-02
-2.896283800000000117e-02
3.877154399999999806e-02
7.343441400000000113e-05
4.693511000000000211e-02
3.233637300000000159e-02
4.841718999999999884e-02
-4.906416699999999881e-02
5.240395999999999943e-02
1.631555999999999979e-02
-4.732820000000000082e-02
2.555734100000000078e-02
-5.332608500000000223e-02
3.849490000000000117e-03
-7.902433999999999847e-02
2.253574100000000149e-02
6.278162399999999421e-02
-5.202567000000000302e-02
-2.601566699999999926e-02
1.567363000000000089e-02
3.128294599999999898e-02
-2.206720599999999893e-02
-6.149386600000000119e-02
1.279017999999999995e-02
2.970813799999999852e-02
-2.548378100000000049e-02
8.741694599999999494e-04
-1.425513500000000038e-02
-2.863618199999999961e-02
4.952012599999999765e-03
1.677463800000000144e-02
-2.210800699999999896e-02
2.999148000000000092e-02
-3.793338699999999897e-02
7.983824600000000160e-02
9.733438500000000243e-03
1.159134399999999995e-02
-2.252329900000000010e-02
3.455934800000000189e-03
-3.236577000000000204e-02
-2.163989300000000032e-02
1.005662199999999944e-02
-2.425321600000000105e-02
1.668201199999999954e-02
2.554265000000000008e-02
3.483283499999999949e-02
-1.709413300000000094e-02
-3.154887800000000155e-03
5.937677599999999917e-02
-1.651493999999999879e-02
7.541753400000000135e-03
-3.004883200000000101e-02
-1.216961899999999958e-02
-7.894318000000000168e-02
1.372520300000000006e-02
-1.633269500000000124e-02
5.504009300000000347e-03
-4.007370999999999850e-02
2.027324600000000171e-02
-2.378698300000000113e-02
-3.008770599999999878e-02
-1.438427699999999913e-02
-1.428644599999999952e-02
1.882684999999999914e-02
-1.240661000000000021e-02
1.430433300000000067e-02
-4.202598999999999918e-02
-3.274249299999999752e-02
6.231767700000000187e-02
-3.456862299999999971e-02
-2.713352999999999945e-02
-2.358549000000000062e-02
-2.749945699999999972e-03
-2.243632500000000002e-02
-1.441681799999999965e-02
-3.890705799999999784e-03
2.235011700000000094e-03
-3.280049200000000054e-02
3.236342600000000069e-02
2.910479300000000033e-02
-3.849803999999999726e-02
-6.856772999999999341e-02
2.478811900000000082e-02
-1.632755600000000001e-02
4.275332999999999911e-02
5.267043999999999893e-02
-4.903295600000000254e-02
-2.158872200000000116e-02
1.574909700000000010e-02
7.370937000000000149e-03
-7.211123999999999312e-02
3.761058999999999930e-02
-3.405177000000000204e-02
2.361198299999999958e-02
-2.685407500000000156e-02
1.854385199999999956e-02
-2.676251699999999956e-02
2.902383700000000025e-02
2.274289499999999908e-02
3.419586599999999837e-02
-1.099596499999999991e-02
-1.929739299999999949e-02
-5.510848399999999925e-02
-1.132877200000000084e-02
-1.187001099999999976e-01
-1.178852749999999977e-02
3.260571500000000039e-02
6.500963999999999354e-02
2.693292900000000129e-02
1.604721699999999904e-02
-4.044415400000000299e-02
-3.802294700000000138e-04
1.397214199999999881e-04
-1.148412700000000022e-02
2.730406299999999994e-02
9.405916000000000493e-04
5.677619999999999889e-02
2.702903699999999795e-03
2.234685999999999964e-02
-2.931550900000000001e-02
4.074494499999999769e-02
-4.231661600000000134e-02
2.094782099999999841e-02
-1.648560400000000006e-03
-7.556785000000000585e-02
4.326016999999999710e-03
6.326798000000000144e-02
2.279747000000000023e-02
1.052300800000000036e-02
4.578823600000000299e-02
5.654130000000000267e-02
-1.241758899999999971e-02
1.450543999999999965e-02
-4.906492999999999965e-02
-6.342656000000000682e-02
7.148462300000000061e-03
-3.734669400000000059e-03
-3.344938499999999815e-02
3.876636499999999708e-02
6.873494400000000615e-02
-6.743866500000000007e-03
-4.246548199999999884e-02
-1.711002999999999830e-02
4.835031599999999735e-02
3.335198999999999803e-02
7.054869600000000275e-03
5.105275299999999933e-02
1.976094000000000114e-02
-1.618833100000000025e-02
4.654852699999999927e-02
2.011906700000000089e-02
2.874719400000000022e-02
5.818741799999999770e-02
1.908837000000000034e-02
5.016352999999999784e-02
4.220958999999999822e-02
-1.382183099999999970e-02
-6.635852599999999581e-03
1.057463100000000057e-03
4.275978400000000207e-02
1.121854899999999954e-02
2.232760400000000089e-02
3.197966499999999740e-02
-4.976595000000000324e-02
-2.463184300000000049e-02
-6.720391000000000038e-03
-6.337068500000000125e-03
9.786431999999999423e-03
-1.347092999999999945e-03
-3.263992000000000282e-02
-3.213302800000000098e-02
1.839797799999999886e-02
7.052293999999999750e-03
6.887437400000000209e-02
-1.110651339999999959e-01
1.612928300000000120e-02
-3.837870799999999749e-02
-1.054752999999999941e-02
-2.896554000000000142e-02
6.036395600000000333e-02
-1.595104099999999914e-02
1.637207499999999982e-02
-4.972821999999999659e-02
4.640268000000000170e-02
4.348183399999999699e-02
2.545121799999999854e-03
1.231059999999999967e-02
-3.115787700000000049e-02
3.663716000000000195e-02
-1.257326700000000082e-02
3.764990700000000329e-02
-6.367741999999999847e-02
4.254472599999999799e-02
-2.937558499999999920e-02
6.125730599999999748e-02
-4.054513000000000041e-03
-5.689013700000000034e-02
9.129286000000000345e-02
-1.521579300000000003e-03
-8.671428000000000122e-03
-3.750860699999999937e-02
-2.408141299999999943e-02
-6.720998000000000250e-02
-3.018500099999999950e-02
2.493746999999999978e-02
-2.058951599999999868e-02
5.625970999999999750e-02
7.859301600000000165e-02
3.779620000000000202e-02
6.134784000000000070e-02
2.812766300000000066e-02
6.958041299999999764e-04
-8.974881999999999999e-03
-5.820008399999999915e-02
-2.123648900000000075e-02
4.588240999999999847e-03
1.017832500000000022e-02
-1.853010999999999894e-02
2.976236300000000001e-02
3.737504400000000136e-03
-2.248063100000000092e-02
5.175348700000000080e-02
-1.427334000000000068e-02
5.551582199999999939e-02
4.696991699999999992e-02
-8.545507000000000797e-03
-2.122125000000000053e-02
5.327591999999999745e-02
1.852528200000000055e-02
3.765716000000000202e-02
6.869967999999999908e-02
-2.984280300000000108e-02
-2.504745900000000108e-02
-1.865939200000000034e-02
5.733779999999999953e-03
-7.112318999999999759e-03
7.675577400000000404e-03
1.463474099999999972e-02
-1.303039299999999949e-02
-2.633929499999999868e-03
4.472268300000000266e-03
-5.263332999999999900e-02
-5.141478399999999810e-02
7.305153999999999814e-02
-8.259887000000000479e-03
2.674848200000000051e-02
-2.581109499999999918e-02
-1.609634199999999959e-02
-6.791305999999999732e-02
-2.269371200000000130e-02
4.758991300000000278e-03
7.440672700000000410e-03
-4.312060000000000198e-02
1.479696999999999957e-02
-2.327517999999999948e-02
3.184065199999999707e-02
4.968046799999999846e-02
3.821294000000000080e-02
2.798576499999999925e-02
6.700298300000000033e-03
7.483575500000000380e-02
-1.252179200000000034e-03
-2.408420500000000089e-02
-3.345623999999999820e-02
-2.900231300000000070e-04
3.133202300000000051e-02
4.106323399999999707e-02
-1.211490949999999983e-02
-2.068486999999999930e-03
-3.951073399999999874e-02
-5.674888599999999839e-02
1.856633300000000084e-02
3.227003299999999658e-02
-5.817444500000000344e-03
1.037031000000000064e-02
6.555035199999999923e-03
-8.078501000000000085e-03
-2.091112499999999916e-02
5.593056200000000311e-02
1.036558299999999939e-02
-3.010760999999999993e-02
-2.284156999999999854e-02
1.074730999999999950e-02
-2.022767599999999999e-02
3.868778400000000284e-02
-7.317107599999999983e-03
-5.850409300000000007e-02
6.989248000000000682e-02
7.285870599999999531e-02
3.155982999999999705e-02
-3.276604400000000111e-02
-4.349667599999999801e-02
-5.322438499999999906e-02
1.891922799999999974e-02
-6.790682000000000662e-02
4.136586599999999593e-03
2.554691999999999900e-03
3.141047400000000073e-02
2.367938699999999966e-02
-4.843030000000000251e-02
3.720202999999999705e-02
1.021214949999999996e-02
-6.898770999999999376e-02
-5.170467499999999855e-02
-1.906458800000000037e-02
-9.103299999999999934e-03
-4.812020999999999660e-02
-7.904798999999999463e-04
9.832969999999999905e-03
-6.080988799999999944e-02
-2.348947900000000061e-02
-1.172057800000000059e-03
1.498326600000000029e-02
2.510726500000000014e-02
6.933509599999999884e-02
-2.061186200000000163e-02
2.135903999999999928e-02
6.906327299999999968e-03
-2.960692400000000148e-03
4.345841999999999761e-02
2.111650799999999911e-02
3.450792999999999916e-02
3.448195999999999900e-02
6.296100000000000307e-02
6.854024999999999701e-02
-1.428620000000000063e-02
4.098740599999999706e-02
1.298764799999999921e-02
4.572488400000000036e-02
3.361043699999999995e-02
-1.543346900000000001e-02
2.880472499999999977e-02
2.272136900000000168e-02
4.747910400000000114e-02
5.934349999999999695e-03
5.562733000000000261e-02
-3.557874999999999927e-02
5.203021000000000035e-02
-4.252689700000000100e-02
-2.975008300000000008e-02
-4.953022299999999822e-02
-2.049888999999999878e-02
1.936126999999999987e-02
-2.123501200000000103e-02
4.621867000000000336e-02
-2.284789300000000106e-02
-6.661339999999999753e-04
-1.939901499999999862e-02
3.790654599999999930e-02
-3.870546400000000192e-02
2.119530700000000004e-02
-2.109981999999999830e-02
-3.012617100000000020e-02
-1.850750300000000154e-02
-1.925004799999999877e-02
5.838275300000000251e-02
1.461298899999999984e-02
1.348010099999999954e-02
-1.846575299999999925e-03
-4.460222999999999965e-02
3.927207700000000246e-02
-3.742816000000000198e-02
6.687628000000000149e-03
-2.736746699999999949e-02
-5.438421999999999701e-02
4.311176999999999804e-04
2.874452799999999836e-02
2.228299900000000125e-02
-1.116332700000000067e-02
-2.344482200000000058e-02
2.772917000000000090e-02
2.555854000000000112e-02
3.213185400000000049e-03
-1.744761699999999860e-02
1.802294499999999855e-02
-2.497327900000000100e-02
-1.481345700000000036e-03
-1.572680499999999995e-02
1.970897699999999905e-03
-4.911424600000000376e-03
1.657192399999999829e-02
-4.145737699999999665e-02
4.810079999999999911e-02
-3.493795499999999971e-02
-3.253782499999999939e-02
5.109167999999999869e-03
4.491490499999999803e-02
2.489104699999999948e-02
3.465362000000000303e-02
-2.861480599999999958e-02
4.717152200000000045e-02
-5.161378000000000103e-04
-3.642737499999999795e-02
-4.091935000000000017e-02
-3.022093299999999844e-02
-3.982379999999999948e-02
-4.195427499999999921e-02
1.229179700000000014e-02
-4.296471399999999760e-03
2.596763100000000143e-02
-3.708474700000000124e-02
-4.612576200000000071e-02
-3.773267599999999972e-02
-1.903250000000000081e-02
-3.823057199999999739e-02
-5.465667700000000073e-02
1.157643899999999913e-02
-7.627326999999999718e-03
2.549773500000000054e-02
2.645213899999999951e-02
1.230391800000000049e-02
-2.189819700000000119e-02
-3.925001200000000079e-02
2.611942399999999873e-02
5.139819500000000069e-02
-7.565412700000000330e-03
5.881337999999999844e-02
-7.850798000000000498e-02
1.945658600000000054e-03
-3.873941300000000205e-04
8.391701999999999495e-02
-2.055087900000000106e-02
-4.581541599999999770e-02
-4.955028400000000000e-02
-4.612900699999999965e-02
2.601271499999999876e-02
1.196265000000000002e-02
-1.376128299999999915e-02
5.052029300000000084e-02
6.272113999999999467e-02
5.814714700000000319e-02
2.822370999999999908e-02
-1.336255700000000060e-02
-4.168487000000000234e-03
-1.240719700000000002e-02
-3.908360999999999780e-02
-1.002468899999999982e-02
4.305191299999999721e-02
-7.598694600000000443e-04
2.579518999999999909e-02
-3.085209800000000141e-02
1.134609500000000049e-02
-1.963949200000000145e-02
6.987944999999999747e-03
2.359214999999999923e-02
-5.739861999999999742e-02
-1.960297999999999902e-02
-2.367938500000000071e-02
2.581244900000000120e-02
-2.260871399999999851e-02
-4.495488500000000345e-03
6.496591999999999645e-02
2.200734000000000024e-02
1.138288299999999989e-02
-9.825081400000000575e-02
-4.766379000000000275e-03
-1.750720999999999875e-02
-4.848982000000000292e-02
2.545892400000000083e-02
-5.151642500000000284e-03
5.106847299999999965e-03
3.439837300000000292e-02
-1.786184700000000014e-02
-1.566609399999999847e-02
3.892991999999999980e-02
2.036644300000000143e-02
-4.441410999999999970e-02
-1.291813800000000002e-03
4.002511000000000263e-02
3.953648700000000210e-02
2.646437000000000095e-02
-3.204216800000000281e-02
-8.726301000000000327e-04
-2.620356199999999969e-02
4.269581299999999913e-02
-3.760777399999999659e-02
-3.006160399999999872e-02
1.967549999999999855e-02
2.125449700000000067e-02
-6.687244000000000521e-02
-3.199815999999999772e-02
3.720754999999999896e-02
3.019418999999999966e-04
8.529334500000000652e-02
-3.696107500000000295e-02
2.300106700000000004e-02
-1.592096900000000009e-02
2.545121900000000062e-02
-3.071956199999999887e-02
-6.407580000000000393e-03
-3.535042000000000045e-02
-1.386094000000000041e-02
1.170241999999999984e-02
-1.042863800000000049e-02
6.047871700000000128e-02
2.688155500000000142e-02
-3.677914400000000146e-03
1.036768200000000046e-03
-6.278155000000000541e-02
1.554501099999999920e-02
3.042279699999999969e-03
-1.870238200000000003e-02
2.267912999999999873e-03
1.008850149999999946e-02
3.907169800000000193e-02
3.588425700000000274e-02
2.727710599999999888e-02
-2.241252200000000069e-02
3.351998999999999951e-02
2.630862200000000026e-02
3.634232300000000276e-02
5.114638800000000096e-02
1.154384949999999986e-02
6.251267000000000629e-02
-1.877460400000000029e-02
-1.173656200000000073e-02
-5.960294599999999693e-02
1.132248200000000003e-02
2.087446499999999830e-02
3.205092300000000199e-02
1.262909100000000027e-02
1.208775900000000000e-02
2.430786199999999952e-02
-1.669989699999999827e-02
2.841532800000000011e-02
-2.989760400000000123e-02
-2.128677600000000031e-02
1.897621700000000008e-02
4.552987199999999901e-02
-4.200820000000000248e-02
1.422252799999999991e-02
-3.072681500000000107e-02
-2.496462099999999934e-02
2.884236199999999986e-02
-8.137643999999999433e-03
1.114866500000000031e-02
1.394744300000000034e-02
-5.129264299999999888e-02
-7.452100500000000127e-02
4.809615700000000396e-03
-2.059203800000000001e-02
7.870253000000000665e-03
2.539469100000000049e-02
1.210338300000000054e-02
1.452678200000000067e-03
-2.213079100000000035e-02
9.474411000000000291e-03
3.699902200000000207e-03
1.746146599999999841e-02
8.958721000000000045e-02
4.176947299999999967e-03
-3.498421000000000169e-02
-5.866662000000000265e-02
3.661746500000000182e-02
2.318714599999999876e-02
-2.313532999999999909e-02
