6.205776999999999821e-02
4.689079000000000164e-02
-5.357391400000000026e-02
-9.878545000000000728e-03
3.729968499999999909e-02
6.262926000000000604e-02
2.822673100000000143e-02
3.406058299999999844e-02
6.877683600000000091e-03
2.423937799999999892e-02
5.547372999999999887e-02
5.997381699999999871e-02
2.137724699999999853e-02
-1.996229000000000059e-02
-1.522417300000000057e-02
-3.852735999999999661e-02
1.216378249999999946e-02
7.962382000000000487e-03
-4.569664200000000259e-02
-2.752040299999999884e-02
-2.858617299999999944e-02
-8.070224000000000841e-03
4.877528500000000156e-02
5.931374999999999842e-02
-6.339074600000000302e-03
-4.883875699999999653e-02
2.890282000000000094e-03
-3.346599000000000101e-02
3.678710400000000103e-02
-9.093124399999999441e-02
2.772495999999999988e-02
-8.832503000000000229e-03
1.964106800000000111e-02
-7.389250699999999790e-03
5.339065600000000161e-02
1.628192499999999918e-02
1.355345800000000087e-02
1.699430299999999880e-02
-1.905939200000000009e-03
-6.884218000000000282e-02
-2.387305699999999961e-02
-2.001252400000000028e-02
-2.414500799999999819e-03
1.876290900000000123e-02
-4.250630400000000170e-02
-6.789678999999999853e-02
-2.323962200000000144e-02
2.980740999999999859e-03
-1.710579200000000161e-02
5.387859999999999872e-02
6.036941000000000312e-04
3.677492000000000261e-02
8.316604699999999815e-04
1.698924699999999899e-03
-8.982833500000000568e-03
-4.001221399999999734e-02
-8.115534000000000636e-03
-1.360546800000000077e-02
6.868866999999999334e-02
-2.208581000000000086e-02
2.501821300000000095e-02
-5.225524000000000141e-02
-1.147462800000000060e-02
-6.631884000000000390e-02
2.176853600000000152e-02
-7.518173000000000217e-02
-8.100486600000000263e-04
-2.978207700000000055e-02
-7.943153999999999493e-02
1.337009400000000077e-02
1.049660300000000018e-02
7.353630400000000025e-03
-2.211789200000000011e-02
1.032611200000000014e-02
2.439795800000000084e-02
3.896860800000000180e-02
1.301713000000000002e-02
-2.513159599999999910e-02
4.369396700000000022e-02
3.559375599999999723e-02
-4.503874499999999809e-02
-3.037308500000000105e-02
5.717437999999999687e-02
5.873127300000000051e-02
-2.269780799999999987e-02
3.872700999999999921e-02
3.153232499999999994e-02
-4.135217000000000059e-02
-3.947544000000000053e-02
-1.999070500000000097e-02
1.231422650000000008e-01
2.986646299999999934e-02
-1.022063500000000048e-02
3.158322999999999686e-02
7.814187999999999690e-02
-6.181749999999999745e-03
-7.786418500000000242e-02
-1.349794300000000113e-01
1.998039500000000149e-02
4.077700000000000075e-02
-2.278310199999999952e-02
9.746348499999999901e-03
-4.270440000000000347e-02
3.013390900000000039e-02
7.349927400000000159e-03
-6.837867699999999882e-03
1.628703399999999885e-02
-6.148783499999999763e-02
-1.094456199999999935e-01
1.078540100000000002e-02
4.900654799999999700e-02
1.474182999999999917e-02
2.919117699999999871e-02
-2.018450000000000105e-02
-2.900062999999999946e-02
1.918232400000000060e-02
-5.374865599999999882e-02
2.570560800000000132e-02
-1.815844299999999981e-02
-3.501099299999999807e-03
2.637128899999999915e-02
7.993403000000000314e-02
-3.108680800000000050e-02
4.929635699999999898e-02
5.164473499999999717e-02
-3.840335000000000276e-02
3.092910199999999998e-03
-1.967463300000000040e-02
-2.045370599999999858e-02
8.154163399999999565e-04
1.679848000000000105e-02
-3.343310599999999716e-02
2.088736399999999854e-02
3.654024699999999792e-02
4.196421199999999727e-03
1.699159500000000170e-02
7.688586000000000031e-02
4.385797000000000306e-02
-1.540521400000000041e-02
3.901260699999999776e-02
-2.210068999999999922e-02
-4.961829599999999924e-02
-8.120088000000000306e-02
7.378102699999999903e-03
-4.158830300000000008e-02
-2.604589399999999999e-02
-5.571863600000000021e-03
4.016323799999999694e-02
-2.766849999999999865e-02
-2.905126099999999836e-02
-1.550781399999999997e-02
4.637153500000000257e-04
2.636864599999999906e-02
-4.145801799999999926e-02
-1.537752000000000042e-02
2.614146999999999998e-02
-2.876752800000000054e-02
-1.851642900000000092e-02
5.447268999999999722e-02
-1.436824599999999945e-03
-5.921630699999999581e-03
-7.199795500000000237e-02
-7.261359600000000421e-03
6.989515000000000311e-02
-6.705531000000000685e-02
-3.754717500000000208e-02
-2.538657000000000066e-02
-7.519789999999999808e-02
1.497628299999999996e-02
-2.903714400000000084e-02
-2.856752499999999986e-02
-6.649866000000000110e-02
-7.770238000000000145e-02
-8.179865999999999526e-02
-6.840935400000000381e-03
8.523793999999999468e-03
1.064384100000000067e-03
-2.223771600000000112e-02
-4.380226499999999995e-02
1.096547299999999989e-02
6.760193400000000241e-02
-4.246834299999999868e-02
7.771331999999999719e-03
-4.491318999999999867e-02
-7.829318000000000041e-03
6.571715700000000347e-03
1.278794599999999969e-02
5.591162300000000057e-02
3.149720999999999771e-02
5.875538000000000288e-02
-7.307878999999999764e-03
-1.176107799999999946e-02
1.883902999999999966e-02
3.017352499999999965e-02
1.889795600000000048e-02
6.267317000000000027e-02
-4.492981000000000058e-03
-1.218793500000000044e-02
3.693114200000000014e-02
-4.776619700000000329e-02
3.777290999999999982e-02
4.776441700000000345e-02
4.169829199999999791e-02
-1.085369500000000001e-02
3.061606399999999839e-02
4.089521000000000128e-02
-4.925754400000000206e-03
-3.010743299999999942e-02
1.228034199999999965e-02
1.028393600000000047e-02
-3.634571000000000329e-02
-7.683574999999999433e-02
-1.453952099999999970e-02
-2.120653499999999858e-02
1.745001599999999875e-02
3.198749599999999721e-02
2.676860000000000003e-02
4.317743699999999907e-02
2.856714999999999949e-02
-4.122844299999999657e-02
4.242610200000000026e-02
2.302192000000000127e-02
-3.084511900000000070e-02
6.506261000000000683e-02
-2.621192300000000155e-03
4.471318999999999641e-03
-4.519386000000000236e-02
2.406345099999999959e-02
2.827848000000000167e-02
-5.387490999999999808e-02
-1.301975000000000007e-02
1.432233200000000012e-02
3.690206299999999884e-02
-3.090740599999999838e-02
-4.083360999999999762e-03
4.692034400000000272e-02
7.597576400000000119e-03
-3.231661000000000256e-02
-2.858369200000000082e-02
-3.784861999999999949e-02
1.113772399999999989e-02
6.989350499999999813e-03
3.271332799999999985e-02
1.678052699999999994e-02
5.158171400000000073e-02
-3.534753999999999674e-02
6.459609400000000667e-02
4.510937999999999753e-02
-1.661844999999999989e-02
1.848986999999999853e-02
-4.298605800000000060e-02
-2.096244699999999864e-02
-3.922260000000000330e-02
1.373988949999999966e-02
-3.820606299999999844e-02
4.491992999999999681e-02
-2.286037000000000138e-02
3.937754400000000043e-02
1.440756200000000049e-02
4.033786000000000316e-02
2.895019199999999959e-02
-2.325786299999999928e-03
3.272148600000000102e-02
-4.412891000000000036e-02
-4.833712400000000214e-02
-6.144320999999999811e-02
-3.118618199999999979e-02
-2.335775600000000035e-02
1.560842999999999953e-02
-5.988677199999999784e-02
7.404146999999999812e-02
-3.569312000000000179e-02
-3.988198600000000121e-02
-4.717864000000000432e-03
-1.500061299999999945e-02
2.649412900000000168e-02
-2.265960499999999933e-02
1.547711249999999920e-02
-2.030057600000000073e-02
-2.853887499999999827e-02
4.294391000000000180e-02
-6.112315699999999914e-03
-1.235299649999999951e-02
-2.652814400000000003e-02
2.039252199999999973e-02
2.340746299999999988e-03
1.101041200000000067e-02
-7.154846999999999770e-04
-3.609925999999999847e-03
-4.216199999999999809e-02
1.440082699999999973e-02
-1.360728400000000074e-02
-3.893247200000000269e-02
-8.171885500000000691e-02
1.479145999999999933e-02
9.248144999999999283e-03
5.861207499999999959e-02
3.323533000000000043e-02
-1.769405599999999967e-02
-3.571439500000000294e-02
5.471766000000000303e-03
1.190498599999999935e-02
-5.412589799999999868e-02
4.813683800000000124e-02
-3.379701499999999970e-02
-4.015536700000000019e-04
-5.120595499999999745e-02
1.354701399999999958e-02
-2.616952499999999904e-02
-1.095868000000000059e-03
3.374670999999999921e-02
4.826644399999999863e-02
-1.537132599999999939e-02
-2.482645400000000127e-02
-2.727318700000000082e-02
-3.729458000000000079e-02
-1.015604299999999932e-01
-1.010516799999999944e-02
2.850719999999999990e-02
2.422526300000000035e-02
3.445927399999999807e-02
6.853253999999999596e-03
-7.232758000000000242e-02
7.326459999999999917e-04
3.768514500000000322e-02
-2.776359200000000013e-02
3.555276000000000269e-02
-2.150354299999999996e-02
4.755480599999999808e-02
2.290297999999999987e-02
2.418494200000000094e-02
-1.704471999999999932e-02
3.470086000000000004e-02
-6.108482999999999968e-02
7.314297000000000420e-04
-1.631766999999999940e-02
-7.511030000000000484e-02
-7.888103999999999949e-03
8.303663999999999490e-02
-3.899275500000000069e-05
6.487134399999999572e-04
-1.720021299999999892e-02
4.638932600000000156e-02
3.157277000000000000e-02
-2.143700200000000014e-02
-5.124335399999999791e-02
-3.719921799999999917e-02
-3.176463999999999677e-02
3.974829600000000240e-02
3.020420199999999857e-03
3.080399099999999932e-02
4.637765499999999680e-02
-3.449931299999999933e-03
-3.027887300000000129e-02
1.685883499999999910e-02
3.616239000000000259e-02
4.207193000000000044e-02
4.429548999999999986e-02
3.316340200000000155e-02
2.256755699999999851e-02
2.700054799999999922e-02
1.005021700000000018e-02
-1.856020499999999976e-02
3.859703999999999913e-02
6.113342000000000082e-02
3.698184699999999825e-02
4.768366999999999745e-02
4.375349399999999694e-02
-4.644601999999999759e-02
-1.734953399999999979e-02
-1.122826149999999953e-02
4.125154999999999794e-02
1.422897700000000029e-02
7.225248000000000087e-03
3.263483200000000251e-02
-2.813714200000000040e-02
-3.115775800000000068e-02
-3.267973999999999879e-03
-2.496417600000000112e-02
-2.351530599999999971e-02
-3.345345000000000263e-02
-3.205352599999999885e-02
-5.891913500000000095e-03
6.525186399999999796e-03
-5.097960299999999834e-02
6.165265300000000170e-02
-7.372045000000000681e-02
-1.454037700000000016e-02
-1.693907799999999977e-02
-2.260699500000000126e-02
-3.578705699999999712e-02
3.462970600000000315e-02
1.973127400000000004e-02
2.033892299999999834e-02
-4.853895999999999905e-02
7.636084399999999717e-02
5.075114599999999698e-02
1.618404500000000107e-02
1.339680600000000069e-02
-1.628369699999999975e-02
1.478549000000000009e-02
-2.371362999999999943e-02
9.268685999999999939e-03
-5.900389999999999802e-02
2.166894600000000143e-02
-1.598584499999999853e-02
7.911169499999999577e-02
1.636553599999999997e-02
-6.559260000000000090e-02
5.692814699999999839e-02
1.430133299999999941e-02
-2.009147199999999911e-02
-5.711104699999999638e-03
1.428267599999999936e-02
-4.433904600000000001e-02
-1.544208099999999986e-02
1.803824299999999894e-02
4.023129300000000174e-04
3.270237000000000144e-02
8.023706999999999367e-02
4.553758000000000111e-02
3.695443600000000023e-02
2.253832299999999900e-02
3.322959999999999911e-04
-1.411740999999999994e-03
-2.855824499999999946e-02
-2.990577700000000144e-02
9.341155999999999765e-03
1.648885299999999993e-03
-1.146474299999999946e-02
2.648934299999999853e-02
2.370065999999999840e-02
-2.401143299999999869e-02
3.943253699999999667e-02
-2.432990399999999942e-02
1.796881000000000173e-02
1.542000800000000067e-02
-2.086876000000000009e-02
-1.707233999999999835e-02
7.156574000000000269e-02
4.109938999999999953e-02
3.007838499999999915e-02
4.982117600000000174e-02
-1.173074399999999955e-02
-6.709468599999999887e-03
-8.703371999999999151e-03
6.522937000000000353e-03
1.079913899999999927e-02
-7.513133299999999633e-03
-1.164517900000000029e-02
1.501086700000000065e-02
-1.821757000000000020e-03
-1.289664700000000067e-02
-7.673866999999999494e-02
-6.724354999999999916e-02
4.297319399999999928e-02
-4.152195499999999755e-03
5.243875499999999662e-02
-5.366743999999999681e-02
-4.630842700000000270e-03
-3.992343999999999754e-02
7.611069599999999592e-04
4.112552500000000305e-02
2.393864799999999987e-02
-1.031991800000000084e-02
-4.228584999999999983e-03
-3.629935499999999843e-02
4.949349499999999846e-02
-2.759686400000000046e-03
1.061808600000000054e-02
2.211315000000000155e-02
1.884301799999999957e-02
7.109213000000000338e-02
-1.857886300000000102e-02
-3.244323999999999819e-02
3.729506599999999825e-03
4.713436599999999699e-02
3.681812200000000087e-03
1.765603900000000011e-03
-1.189804000000000035e-02
-3.866416599999999981e-02
-1.361823300000000042e-02
-3.387094000000000216e-02
6.018759299999999757e-02
-4.341547000000000288e-03
5.123003999999999579e-03
-2.203338999999999905e-03
9.113453000000000526e-03
-2.768560299999999960e-02
1.142656600000000085e-02
3.062247099999999833e-02
-4.579568699999999812e-03
-9.402429000000000342e-03
4.186350999999999614e-03
2.681376200000000140e-02
1.498349099999999982e-03
6.900169999999999915e-02
-2.533890100000000048e-02
-1.896433499999999883e-02
4.775447399999999815e-02
6.463907000000000680e-02
3.896643200000000223e-02
-3.326836200000000271e-02
2.267948100000000133e-03
-2.434232500000000146e-02
3.118112200000000209e-03
-7.149034999999999418e-02
2.966902999999999901e-03
8.116834000000000549e-02
8.229109000000000076e-03
6.714167500000000222e-04
-4.335302500000000336e-02
3.672959299999999788e-02
1.164726900000000002e-02
-4.819236300000000195e-02
-3.026846999999999871e-02
-5.836118000000000382e-03
7.430350399999999765e-03
-2.729604799999999984e-02
4.437885999999999914e-02
-4.067403300000000353e-03
-2.548686199999999902e-02
-8.594403000000000459e-03
-3.035997199999999896e-02
-1.594263999999999968e-03
2.269068399999999916e-02
6.440271000000000190e-02
-1.374238600000000053e-02
2.449492600000000020e-02
1.130493900000000083e-03
7.293984300000000420e-03
5.440090599999999887e-02
3.073105400000000157e-03
3.284549700000000128e-02
1.631455999999999879e-02
2.266858700000000046e-02
7.232798999999999479e-02
-6.175754599999999650e-03
5.988915300000000053e-02
4.970139400000000290e-03
6.275382000000000182e-02
4.601978000000000318e-02
-1.487084999999999969e-03
1.345177900000000051e-02
2.317119000000000123e-02
6.055391000000000246e-02
6.529818800000000006e-03
4.963720600000000316e-02
-2.834759800000000163e-02
4.191237700000000066e-02
-4.713732999999999812e-02
-1.639024000000000036e-02
-2.508565000000000100e-02
-3.493311999999999806e-02
3.428583999999999798e-02
-1.998211000000000084e-02
6.927867999999999526e-02
-3.372132800000000180e-02
-3.965762300000000296e-02
-1.436194600000000043e-02
6.112501800000000318e-02
-2.940843300000000118e-02
1.249598149999999949e-02
-2.052659399999999870e-02
-5.898413199999999988e-03
-2.855301799999999945e-02
-3.286358000000000334e-02
4.116605599999999948e-02
-1.277021100000000006e-02
1.730678800000000003e-02
-1.013903700000000005e-02
-2.160395700000000002e-02
5.450330999999999926e-02
-1.477592200000000036e-02
5.285600599999999705e-02
-2.918967399999999879e-02
-6.625778999999999697e-02
2.234766599999999867e-02
6.694912999999999559e-02
3.074329300000000140e-02
3.178249699999999983e-02
-4.301855299999999931e-03
3.983765000000000223e-02
1.362156800000000056e-02
-2.000920700000000108e-02
-1.162461750000000002e-02
9.757191999999999601e-03
-3.937184400000000306e-02
-1.958283600000000103e-03
1.392893499999999993e-02
-1.319105500000000014e-02
3.414062799999999925e-02
3.289352699999999879e-02
-4.151318600000000053e-02
2.363269399999999923e-02
-2.217484999999999942e-02
-5.557746799999999793e-02
2.132590300000000022e-02
5.013558299999999746e-02
-2.223507099999999861e-02
1.589042499999999969e-02
-6.053461499999999995e-02
3.558100399999999941e-02
-4.646005600000000131e-03
-2.157304599999999850e-02
-5.872232000000000146e-02
-5.415783500000000139e-02
-7.752733000000000541e-02
-1.237437199999999980e-02
1.020141500000000014e-02
-3.689094700000000206e-03
4.285134000000000165e-02
-3.023134200000000132e-02
-1.836843399999999946e-02
-7.085932000000000341e-02
6.343519300000000256e-03
-3.528336399999999762e-02
-5.087587600000000043e-02
-8.938041500000000472e-03
1.942996300000000148e-02
5.356477000000000113e-03
2.847345999999999905e-02
3.466323000000000321e-02
-3.960752000000000023e-02
-4.084317800000000082e-02
-1.992203299999999871e-02
3.019098400000000057e-02
2.418529999999999985e-02
5.504487999999999742e-02
-2.864762599999999895e-02
-3.348425000000000012e-02
1.778622200000000084e-02
6.113651999999999975e-02
-4.214852699999999813e-02
-1.503249000000000078e-02
-2.705829400000000010e-02
-2.300010400000000038e-02
3.160665000000000002e-02
2.724583400000000002e-02
-4.445815000000000183e-02
1.748537799999999934e-02
5.062938499999999897e-02
8.019436000000000619e-02
-1.577876900000000152e-02
4.431342999999999914e-03
-2.584505600000000167e-02
4.475356500000000383e-03
-2.518881099999999845e-02
-9.561197000000000445e-03
4.694673399999999691e-02
1.987136999999999931e-02
4.600234699999999899e-02
-3.931391199999999947e-02
2.581535000000000080e-02
-4.742644699999999658e-02
-6.925598699999999629e-03
1.386031400000000031e-02
-1.693396800000000063e-02
1.658261600000000141e-02
2.679857199999999967e-02
2.653256199999999912e-02
-2.448157399999999900e-02
2.328405000000000058e-02
4.150459000000000093e-02
-2.862168000000000004e-02
4.348458999999999831e-03
-5.766349700000000106e-02
1.153516199999999898e-03
1.167436799999999920e-02
-2.099744799999999842e-02
2.166825299999999843e-02
-3.128132599999999819e-02
-9.840892000000000389e-03
5.199457999999999684e-03
2.496279599999999890e-02
-3.291399700000000213e-03
1.744015999999999969e-02
2.767876199999999912e-02
-5.174540700000000021e-02
9.572037999999999727e-03
3.678762999999999825e-03
2.154295000000000168e-02
1.359556699999999937e-02
-4.774186799999999981e-02
-4.097876599999999633e-03
1.395345700000000071e-02
2.477236799999999947e-02
-3.030249100000000084e-02
8.304033000000000594e-03
3.958972000000000185e-02
-2.343415800000000007e-02
-8.587124999999999619e-02
-4.210714599999999808e-02
3.943260800000000094e-02
4.538878999999999830e-02
8.640586000000000100e-02
-4.157997000000000082e-02
2.123501399999999997e-03
2.981388399999999883e-02
4.460546699999999934e-03
-2.740612400000000046e-02
-1.102058000000000031e-02
-9.583090000000000705e-03
-1.923328800000000116e-02
1.648449299999999937e-02
-1.747715799999999958e-02
3.868023999999999768e-02
2.611721300000000023e-02
-1.315764900000000043e-02
4.486360999999999821e-02
-6.634424599999999561e-02
3.461845999999999673e-02
3.937294000000000210e-02
-1.415001200000000001e-02
3.090773700000000110e-02
-2.095687699999999962e-03
3.997843000000000230e-02
4.018353999999999676e-02
5.233734500000000039e-02
1.368733700000000081e-02
5.011028399999999799e-02
1.228216199999999925e-02
5.289046000000000025e-02
3.092891199999999938e-02
-1.256247199999999987e-02
7.080064599999999833e-03
-2.394531700000000068e-02
-2.536323700000000028e-02
-4.173738999999999921e-02
1.712756199999999895e-02
3.973196299999999688e-03
1.475334199999999915e-02
-5.388650700000000016e-02
-4.873943299999999867e-02
-3.502069500000000186e-03
-3.167023499999999797e-02
3.258124700000000068e-02
-4.811341000000000229e-02
4.706690599999999690e-03
2.170472999999999847e-02
6.396222999999999492e-02
-2.549658499999999869e-02
-3.185622400000000243e-02
-2.794670499999999877e-02
-1.384249050000000043e-02
3.228874000000000327e-02
-2.556678999999999896e-02
2.653913200000000000e-02
1.478923400000000006e-02
-3.204321000000000252e-02
-6.092079699999999876e-02
1.971479500000000024e-02
-5.132093000000000071e-02
-8.635652000000000605e-03
2.413768900000000037e-02
-6.645339000000000107e-03
-3.156114000000000142e-02
-6.525036399999999820e-03
3.198705999999999772e-02
-8.390016999999999614e-03
2.274077600000000074e-02
7.673686999999999869e-02
-2.754840399999999856e-02
-1.408953200000000010e-02
-7.307963000000000653e-02
-1.844272000000000099e-03
5.349554000000000115e-02
-6.921910500000000299e-02
