7.009339000000000541e-02
3.384477600000000003e-02
-5.873822399999999860e-02
-2.195517500000000038e-02
1.084600999999999968e-02
3.940377800000000041e-02
2.517241400000000059e-02
3.003116299999999961e-02
1.178123900000000064e-02
1.875918400000000166e-02
4.861966499999999941e-02
6.429382999999999626e-02
2.166942499999999910e-02
3.449928200000000177e-03
1.909353000000000092e-02
-1.197292699999999953e-02
2.436906300000000070e-03
9.561280000000000126e-03
-4.147200000000000192e-02
-2.740694800000000042e-02
-4.270402699999999857e-02
9.430483999999999395e-03
5.375897999999999788e-02
2.533283999999999883e-02
-9.363816999999999974e-03
-4.955865999999999744e-02
-5.152480300000000096e-02
-7.235126999999999531e-02
1.745705499999999910e-02
-1.072911899999999946e-01
6.157569600000000094e-03
2.698617799999999955e-02
9.078328000000000092e-03
-1.491994999999999953e-02
4.615749400000000030e-02
2.198153499999999996e-02
7.356235000000000031e-03
3.764758100000000027e-03
-9.183547000000000238e-03
-6.246068700000000085e-02
-2.310271699999999831e-02
-2.208037100000000141e-02
1.730538699999999847e-02
4.161773199999999756e-02
-3.497510999999999676e-02
-8.139647499999999591e-02
1.185981600000000045e-02
-2.644451100000000041e-02
-4.697604500000000100e-02
4.717965799999999932e-02
7.677495000000000326e-03
5.969780699999999857e-02
-2.567557200000000067e-02
9.757982000000000114e-03
-9.852352999999999458e-03
-6.444666000000000283e-02
1.913460900000000034e-02
-1.170248899999999995e-02
4.914533299999999938e-02
-3.092296199999999828e-02
1.819291199999999858e-02
-6.121190299999999807e-02
-4.321310000000000082e-03
-3.694022400000000067e-02
7.606005800000000157e-03
-7.257978599999999336e-02
1.278108499999999932e-02
-4.926824999999999954e-02
-7.284119999999999484e-02
8.800634499999999841e-04
-8.720386999999999583e-03
-1.551127100000000009e-02
-2.332748700000000092e-02
-1.580531300000000139e-02
7.279073999999999961e-03
3.333957500000000324e-02
3.104892299999999824e-03
-1.515112499999999966e-02
2.999289100000000069e-02
5.967403300000000133e-03
-5.045202700000000345e-02
-3.868941199999999941e-02
1.771007000000000137e-02
6.722424999999999928e-02
-1.105993300000000096e-03
5.083954300000000093e-02
-8.317288000000000806e-03
-5.968535700000000138e-02
-2.991565699999999828e-02
9.679912999999999625e-04
9.125846599999999642e-02
3.909347199999999717e-02
-1.189580900000000024e-02
3.026519299999999926e-02
7.700419999999999487e-02
-2.411518600000000026e-02
-6.194874599999999898e-02
-1.177132000000000039e-01
2.501891399999999974e-02
3.218285700000000221e-02
-5.685727600000000000e-03
-1.783142400000000067e-03
-3.003888600000000075e-02
-1.113109850000000046e-02
3.361117999999999745e-02
-1.034256300000000080e-02
3.676791000000000217e-04
-6.229044499999999984e-02
-1.077476500000000004e-01
-1.415730899999999900e-03
8.377155000000000018e-02
1.455589799999999941e-02
2.874325800000000070e-02
-2.796175000000000049e-02
-1.695420200000000155e-02
1.110148600000000069e-02
-4.464387999999999690e-02
4.529832000000000303e-02
-1.632906300000000130e-02
-2.229027600000000123e-02
4.120625599999999666e-02
9.261431000000000524e-02
-3.303621000000000335e-02
6.810479599999999523e-02
4.080144000000000132e-02
-1.749902600000000086e-02
1.230586200000000074e-02
-3.373463499999999893e-02
-1.191343500000000000e-02
4.529196599999999969e-04
4.881164400000000125e-02
-4.866912000000000321e-02
2.033480000000000010e-02
6.588105000000000350e-03
-1.713370200000000065e-02
-2.086227199999999920e-04
6.481792000000000109e-02
4.433315000000000172e-02
1.214786900000000038e-02
6.210828000000000182e-02
-2.657422799999999835e-02
-3.330175600000000180e-02
-8.315754999999999675e-02
2.095432599999999881e-02
-4.274043400000000076e-02
-4.958009299999999869e-02
1.140781700000000065e-02
5.182218000000000241e-02
-1.673618500000000064e-02
-1.612795499999999937e-02
-2.752140200000000037e-02
-1.308007350000000082e-02
1.128767500000000049e-02
-2.555067000000000102e-02
-1.353753599999999932e-02
5.237089000000000327e-02
-1.083417050000000034e-02
-8.763418000000000249e-03
3.191947600000000218e-02
1.033430800000000038e-02
2.569675800000000010e-02
-6.074916999999999817e-02
-2.248025500000000107e-02
7.322391000000000316e-02
-6.292717000000000449e-02
-3.376025400000000082e-04
-4.747704599999999877e-05
-4.635901399999999700e-02
1.972982100000000155e-02
-3.951684599999999783e-03
-4.164820000000000327e-02
-5.896065000000000333e-02
-5.402798999999999796e-02
-1.096731350000000049e-01
-2.664627699999999946e-02
-6.437609999999999860e-03
5.483508599999999990e-03
-1.049170599999999995e-02
-5.099051999999999751e-02
-6.667339700000000230e-03
7.885431499999999427e-02
-2.001492499999999938e-02
1.003261800000000009e-02
-3.767242999999999981e-02
-6.088713400000000291e-04
-1.182726599999999947e-02
3.493170400000000092e-02
2.056828700000000107e-02
3.765347599999999822e-02
4.826737999999999862e-02
-2.186572000000000168e-02
1.146158949999999919e-02
7.997717999999999147e-03
1.253521900000000022e-02
-2.127750399999999917e-02
7.861437000000000286e-02
-6.111627400000000255e-04
-8.198420499999999403e-03
3.369077300000000025e-02
-3.639886500000000247e-02
3.790923000000000209e-02
3.575135799999999697e-02
1.793444300000000130e-02
1.069988100000000050e-03
-4.047064999999999864e-03
4.376446999999999976e-02
-4.351356500000000405e-03
-3.249598299999999912e-02
3.636285699999999843e-02
2.147466699999999937e-02
-6.355442000000000036e-02
-4.418152999999999664e-02
-3.370430299999999796e-02
-1.504089599999999978e-02
3.266186599999999773e-02
2.370900700000000069e-02
2.224416800000000166e-02
1.819345400000000126e-02
3.681915999999999661e-02
-3.331368400000000313e-02
5.121507499999999879e-02
1.920168300000000064e-02
-4.932587599999999767e-02
4.590390999999999916e-02
1.102771399999999923e-02
-1.442070599999999928e-03
-6.488173499999999594e-02
1.358400000000000059e-02
7.841841000000000436e-03
-6.030488999999999988e-02
-2.954012699999999936e-02
3.484749000000000180e-02
2.258295199999999989e-02
-4.477229700000000256e-02
-2.471048199999999889e-02
4.606019299999999927e-02
5.381082700000000378e-03
4.440916999999999955e-03
-1.907451799999999864e-02
-3.671718000000000204e-02
5.846647499999999692e-03
-1.300478899999999924e-02
2.970193000000000139e-02
3.517423599999999762e-02
4.260914400000000157e-02
-4.274159000000000291e-02
7.381084999999999730e-02
2.864570500000000047e-02
-1.186410700000000047e-02
2.710238099999999831e-02
-3.070112900000000061e-02
2.328410700000000180e-03
-2.896793400000000074e-02
2.329509000000000093e-02
-1.767561000000000132e-02
4.317214300000000310e-02
-1.349395500000000019e-02
5.516614000000000240e-02
5.346026000000000250e-03
1.739861599999999869e-02
2.977951800000000135e-02
-3.446063000000000077e-03
1.884051999999999949e-02
-3.468431000000000292e-02
-3.490622300000000011e-02
-6.833728000000000025e-02
-1.276449600000000018e-02
-1.446853399999999991e-02
1.130779999999999980e-02
-4.977722500000000133e-02
4.274109000000000241e-02
-3.538442399999999766e-02
-2.626148000000000024e-02
-2.066847100000000076e-02
-2.514809399999999931e-02
8.275229000000000265e-03
-1.399126200000000084e-02
6.866033700000000357e-03
-2.135542600000000027e-02
-4.317438600000000209e-02
2.954376699999999856e-02
-5.620407400000000143e-03
-8.178183999999999801e-03
-1.188831100000000036e-02
6.299787700000000074e-03
-1.424014699999999987e-02
1.299562200000000008e-02
1.008852799999999938e-02
-1.315882900000000079e-03
-6.547216000000000147e-02
2.881652700000000150e-02
1.498781000000000072e-02
-4.067808800000000113e-02
-6.250265000000000681e-02
1.994915699999999861e-02
-4.546157000000000323e-03
6.318815999999999322e-02
4.531584300000000148e-02
1.918703899999999992e-03
-1.296495100000000060e-02
4.384752399999999710e-03
1.977806999999999829e-02
-6.258117000000000540e-02
5.486038299999999868e-02
-5.781411000000000189e-02
4.493814999999999962e-03
-4.081437999999999733e-02
1.212847499999999967e-02
-3.650128999999999874e-02
1.200391399999999921e-02
4.855170999999999792e-02
2.727892200000000059e-02
-3.084529199999999985e-02
-2.563912399999999925e-02
-4.184670000000000056e-02
-2.713909200000000008e-02
-1.129961800000000016e-01
2.376274700000000073e-03
1.977515999999999996e-02
2.236757799999999907e-02
1.909066599999999919e-02
1.237390300000000033e-02
-5.000609000000000304e-02
1.552258599999999924e-03
1.784136700000000034e-02
-1.377923399999999958e-02
2.382736300000000071e-02
-8.419448499999999252e-03
4.866047200000000322e-02
1.422666700000000013e-02
1.213193700000000062e-02
-2.199296699999999868e-02
2.379049199999999989e-02
-5.502958599999999839e-02
5.269595400000000318e-03
-1.315167700000000051e-02
-7.182503499999999541e-02
-2.119326500000000106e-03
5.607957000000000219e-02
-3.776545999999999983e-03
5.811747600000000125e-03
-2.162335799999999877e-02
4.788996000000000225e-02
2.615641399999999936e-02
1.095518749999999965e-02
-5.487416299999999664e-02
-6.938571500000000059e-02
-2.458877099999999885e-02
1.996345000000000064e-02
1.964760999999999938e-02
3.625152999999999709e-02
6.424256000000000411e-02
3.732478999999999658e-02
-3.042140200000000017e-02
-6.903283799999999915e-03
5.697952199999999773e-02
3.404261000000000092e-02
4.243948699999999796e-02
4.704157300000000319e-02
3.168679800000000213e-02
1.774326999999999849e-02
5.242504999999999735e-03
-1.995776000000000147e-02
3.079900500000000083e-02
6.888589000000000517e-02
2.687693000000000026e-02
5.934851000000000015e-02
5.228746000000000088e-02
-3.553117799999999660e-02
-2.607217599999999899e-02
-2.038511000000000142e-02
3.401238000000000178e-02
1.801097600000000146e-02
2.096925300000000020e-02
4.086207000000000034e-02
-3.419003300000000162e-02
-3.108072699999999897e-02
2.231237000000000064e-04
-8.946338999999999334e-03
-1.127300499999999914e-02
-3.682532499999999903e-02
-3.799053000000000152e-02
-1.710856700000000161e-02
4.004716999999999652e-03
-3.967322399999999999e-02
3.281309999999999782e-02
-7.341789499999999691e-02
8.579658000000000423e-03
-8.187933999999999143e-03
-3.678751400000000032e-02
-3.148422000000000026e-02
3.102310999999999958e-02
-8.423939999999999553e-03
2.785563699999999906e-02
-3.902176999999999729e-02
6.863333000000000628e-02
3.761920700000000173e-02
8.466057000000000790e-03
1.156295199999999961e-02
-5.039385999999999866e-03
1.676730599999999918e-02
-2.312045999999999893e-02
3.757995699999999717e-02
-4.255858800000000136e-02
2.069572000000000078e-02
-1.002576399999999951e-02
9.427030399999999921e-02
-5.568417699999999790e-03
-5.873965500000000173e-02
6.126730500000000107e-02
-9.301798999999999484e-03
1.389094599999999994e-03
-2.449733999999999939e-02
5.515808999999999990e-03
-4.411608000000000196e-02
-2.442630399999999938e-02
3.983172799999999680e-02
8.852089000000000485e-03
3.950212499999999904e-02
7.905128599999999839e-02
1.926823500000000161e-02
2.522602999999999998e-02
1.891398399999999827e-02
-4.969468000000000106e-04
5.314609500000000257e-03
-5.632525000000000032e-02
-1.384951599999999922e-02
1.465151999999999947e-03
-1.035390199999999990e-02
-1.653678700000000071e-02
9.929455000000000225e-03
3.987728799999999685e-02
-3.559791999999999818e-02
5.536350599999999983e-02
-2.526555200000000015e-02
2.377597199999999938e-02
3.824372599999999872e-02
-1.305697700000000086e-02
-1.561778100000000072e-02
4.887546599999999936e-02
4.926635699999999674e-02
3.004641300000000098e-02
6.245078999999999908e-02
-9.644885000000000611e-03
6.106282000000000203e-03
-1.221738300000000006e-02
-7.692557299999999709e-03
1.147702150000000018e-02
-8.834590999999999278e-03
-1.261505599999999993e-03
1.256295900000000028e-02
-1.154363500000000001e-02
-1.398341799999999920e-02
-6.209637199999999690e-02
-5.866578199999999965e-02
2.316956400000000013e-02
-1.280081500000000011e-02
5.412539000000000239e-02
-3.801024699999999701e-02
-1.226603799999999994e-02
-4.934711800000000231e-02
-2.056884000000000143e-02
3.518901399999999763e-02
2.833930399999999919e-02
-2.096678999999999904e-02
1.548645100000000004e-02
-4.378802300000000230e-02
4.975692599999999993e-02
1.698541799999999866e-02
1.823176599999999994e-02
3.897459400000000129e-02
4.094435399999999704e-03
8.807487999999999428e-02
-2.121094400000000154e-03
-3.136589000000000044e-02
-3.521802399999999795e-03
2.084232899999999972e-02
2.133691200000000128e-03
-3.684854300000000096e-04
-6.094834300000000031e-03
-3.841198199999999729e-02
-1.637104199999999884e-02
-3.619935999999999987e-02
4.387671499999999669e-02
1.182020400000000082e-02
-2.779709899999999873e-03
1.153570499999999983e-03
2.299159599999999956e-02
-5.364294700000000332e-02
1.151753600000000009e-02
4.251126999999999684e-02
-2.459130500000000080e-03
-7.862993000000000413e-03
-1.360065100000000006e-02
2.085724099999999859e-02
-1.258249500000000083e-02
6.032232199999999767e-02
-3.056127799999999901e-03
-2.675556800000000041e-02
5.499091400000000185e-02
6.418501999999999541e-02
4.132019399999999759e-02
-2.932639999999999900e-02
-2.293164799999999892e-02
-9.800991999999999690e-03
1.173537000000000018e-02
-9.369536000000000531e-02
-2.761376000000000173e-04
7.699726499999999529e-02
1.737935800000000100e-02
9.579435000000000727e-03
-4.007238500000000203e-02
2.636517999999999848e-02
-2.940036000000000038e-03
-5.613535599999999737e-02
-1.446093099999999979e-02
-9.898986999999999717e-03
2.699350199999999908e-02
-3.157074399999999781e-02
4.010170300000000243e-02
1.501193200000000040e-02
-2.770671800000000171e-02
-2.784373399999999846e-02
-2.580903099999999964e-02
-1.836484700000000012e-02
3.434372000000000119e-02
7.964812000000000280e-02
-9.968625000000000055e-04
3.393496199999999907e-02
7.004693600000000409e-03
-8.429367000000000110e-03
6.207006799999999908e-02
-8.353605000000000058e-03
4.464844200000000346e-02
2.921892699999999871e-02
2.144403199999999829e-02
5.553138600000000202e-02
1.041418899999999991e-03
4.012090699999999732e-02
6.536853500000000192e-03
4.989293200000000095e-02
4.936783399999999933e-02
1.603858000000000106e-03
2.717612299999999995e-02
1.462536700000000023e-02
6.669099000000000554e-02
-1.363023399999999975e-02
5.979032399999999886e-02
-3.758024799999999666e-02
3.517858299999999938e-02
-5.737294600000000105e-02
-4.572310000000000263e-02
-8.537951000000000221e-03
-4.002892599999999940e-02
3.550352999999999842e-02
9.009683500000000705e-03
5.637949300000000274e-02
-3.304693999999999687e-02
-4.075146500000000060e-02
-3.105415200000000153e-02
5.132613300000000295e-02
-4.122482999999999703e-02
1.574067200000000069e-02
-2.209171999999999872e-02
-2.427742999999999915e-02
-3.874371599999999749e-02
-1.737237200000000051e-02
3.033697600000000161e-02
-2.156463000000000130e-02
6.867769000000000131e-03
-1.503134599999999925e-02
-1.303491600000000056e-02
3.935833999999999860e-02
-2.300802799999999981e-02
5.865056400000000225e-02
-3.237548500000000246e-02
-6.239718200000000242e-02
4.809149500000000146e-03
6.552408999999999317e-02
3.835327999999999654e-02
2.904416599999999973e-02
-8.458807999999999952e-03
4.429182799999999837e-02
1.155636300000000005e-02
-1.271553150000000014e-02
-3.250467800000000212e-02
1.266551699999999940e-02
-3.066762400000000097e-02
-4.625847599999999976e-03
6.190051999999999707e-03
-6.822074800000000293e-03
3.977757299999999663e-02
-3.876928700000000210e-03
-3.348312500000000247e-02
1.994068699999999861e-02
-3.511413000000000034e-02
-4.944167299999999848e-02
1.074920400000000005e-02
4.043101500000000070e-02
7.470534600000000233e-03
2.482832399999999884e-02
-5.871563400000000266e-02
2.718499300000000105e-02
-1.046463100000000028e-02
-1.282233600000000015e-02
-3.378865999999999814e-02
-4.559865999999999919e-02
-6.755948000000000508e-02
-9.254030999999999368e-03
3.596220499999999709e-02
-4.533022599999999604e-03
4.886688000000000143e-02
-3.279796199999999995e-02
-3.144255700000000292e-02
-5.663867300000000049e-02
-3.661633699999999880e-03
-7.040944999999999843e-02
-5.112467999999999874e-02
-3.236498000000000153e-02
1.490116600000000041e-02
3.579892999999999964e-02
1.268115700000000019e-02
3.927189999999999848e-02
-1.554812600000000065e-02
-3.327479199999999748e-02
3.376497000000000005e-03
5.331489999999999840e-02
3.997503000000000341e-03
5.204310300000000028e-02
-4.681945199999999752e-02
-1.901228199999999841e-02
1.512266100000000078e-02
5.163632700000000270e-02
-4.474740499999999704e-02
-2.608024999999999927e-02
-2.100000900000000004e-02
-2.195847800000000002e-02
1.032971400000000026e-02
2.080244800000000116e-02
-2.823858099999999871e-02
2.469056999999999849e-02
6.124406000000000294e-02
8.980733000000000466e-02
5.524558000000000376e-04
-6.206603699999999578e-03
-1.651416299999999837e-02
4.312746000000000114e-03
-4.581617000000000328e-02
-1.442561699999999995e-02
5.029561700000000080e-02
1.630311599999999944e-02
2.445636099999999938e-02
-3.655221000000000164e-02
3.811272999999999744e-02
-3.735757600000000345e-02
7.958886000000000085e-03
3.824869000000000185e-02
-1.419965100000000063e-02
1.167996100000000086e-02
2.366856499999999905e-02
1.119822200000000073e-02
-1.408893999999999945e-02
2.180307199999999973e-02
5.780953999999999954e-02
-7.481532600000000144e-03
2.032977299999999890e-02
-4.794863600000000281e-02
1.012440099999999989e-02
-1.304500599999999962e-02
-4.492480699999999716e-02
-4.518430999999999836e-03
-1.559391400000000039e-02
-1.182093000000000033e-02
2.365301399999999998e-02
1.844591500000000023e-02
3.420088200000000016e-03
3.683208999999999789e-02
1.988963599999999873e-02
-6.331591999999999776e-02
1.246831299999999997e-02
6.219927499999999615e-04
8.965996999999999856e-03
3.464954700000000276e-02
-4.989118499999999762e-02
-3.540723999999999868e-03
-1.397737699999999916e-02
4.867660000000000042e-02
-2.383520600000000114e-02
3.115302699999999980e-02
4.137633999999999757e-02
-1.556586800000000007e-02
-8.402303999999999329e-02
-1.616323399999999855e-02
2.922309400000000154e-02
5.136359499999999800e-02
1.071707400000000004e-01
-2.923997399999999931e-03
-3.277002300000000229e-02
5.408096000000000257e-03
-3.227850699999999795e-03
-1.704909799999999864e-02
-3.284304999999999863e-02
1.213744299999999950e-02
1.054559499999999962e-02
-1.419381500000000025e-02
-1.186909000000000054e-02
6.749987600000000032e-02
3.417796000000000028e-02
-4.653957999999999706e-03
2.800090800000000144e-02
-5.662646000000000346e-02
3.659752000000000144e-02
4.964549000000000045e-02
-3.124113800000000163e-02
3.503277700000000192e-03
-6.992649000000000087e-03
6.374493000000000520e-02
5.499571999999999794e-02
2.673026699999999853e-02
8.634255999999999875e-03
5.831704699999999686e-02
3.444371000000000238e-02
3.441228999999999816e-02
3.933635700000000235e-02
7.039043000000000036e-03
-1.942631000000000002e-03
-1.328299299999999988e-02
-6.792394400000000346e-03
-4.007253999999999677e-02
1.750408000000000172e-02
2.765488300000000163e-02
2.452962499999999935e-02
-3.282065299999999824e-02
-3.219769499999999840e-02
-2.082161099999999942e-03
-3.454829799999999812e-02
3.215000400000000286e-02
-3.574466999999999922e-02
-1.215311099999999986e-03
1.985459800000000108e-02
3.704418200000000189e-02
-2.126287899999999842e-02
-7.339939499999999922e-03
-5.110003400000000251e-02
2.814234000000000093e-03
1.790660200000000063e-02
-2.305779800000000088e-02
1.364010799999999975e-02
1.030092399999999950e-02
-4.672500000000000264e-02
-8.852656999999999887e-02
3.825713399999999820e-03
-5.994216000000000127e-02
1.238860800000000061e-02
4.110807999999999823e-02
1.373024400000000082e-02
-3.024037400000000042e-02
-1.793378600000000017e-02
2.831001400000000140e-02
-7.204308599999999750e-03
3.266537600000000291e-02
9.332600000000000617e-02
-4.026112300000000283e-02
-5.474649199999999815e-06
-6.023239700000000002e-02
1.916066699999999928e-02
6.053820299999999877e-02
-4.976781000000000260e-02
