5.462964000000000014e-02
6.325155500000000097e-02
-3.112989999999999854e-02
1.527100399999999948e-02
3.310211999999999877e-02
5.047582500000000194e-02
3.863660000000000011e-02
2.135907100000000031e-02
-1.013950200000000076e-03
1.184253899999999915e-02
3.757138000000000144e-02
5.973177799999999926e-02
4.770495400000000080e-02
7.508747700000000316e-03
1.815196900000000044e-02
-3.110577399999999923e-02
2.644453000000000081e-02
2.622375299999999895e-02
-2.304764000000000118e-02
-2.969879699999999900e-02
-4.010477700000000117e-02
-9.956631999999999982e-03
2.945259799999999997e-02
2.223125499999999838e-02
9.164722000000000146e-03
-3.833971500000000338e-02
-7.044614799999999663e-03
-5.913609000000000226e-02
1.920862900000000137e-02
-7.727825000000000666e-02
8.617506999999999945e-03
9.718357999999999858e-03
1.017454450000000038e-02
-2.186197000000000140e-02
4.666386000000000145e-02
-9.524810600000000078e-04
-2.861129000000000016e-03
-8.648493999999999626e-03
1.178668599999999934e-02
-7.408074000000000603e-02
-2.651767600000000044e-02
-2.782417800000000149e-02
-1.882911099999999907e-02
3.731480200000000108e-02
-2.693500199999999956e-02
-7.867282999999999915e-02
-2.966395599999999914e-03
-1.933239200000000033e-02
-3.313136500000000290e-02
3.584413200000000077e-02
8.395500499999999922e-03
4.252515400000000251e-02
-4.042402999999999968e-03
-1.213708399999999937e-02
-3.520266999999999841e-02
-4.432801000000000102e-02
-1.191122699999999993e-02
-2.997806100000000029e-02
7.847242000000000106e-02
-2.204251999999999947e-02
2.408093000000000039e-02
-4.277261699999999889e-02
2.745843300000000084e-02
-4.972515000000000268e-02
2.192347999999999866e-02
-7.450273999999999786e-02
3.052028500000000116e-02
5.134101000000000289e-03
-7.765087499999999421e-02
8.277780000000000207e-03
-1.630097800000000069e-02
-7.760419499999999908e-03
-1.985061000000000117e-02
2.045144999999999949e-02
3.516549800000000055e-04
2.256669700000000015e-02
-3.492435400000000034e-03
1.051678200000000056e-02
3.560635000000000189e-02
1.888108800000000073e-02
-6.845645999999999676e-02
-3.204545799999999889e-02
1.632759900000000167e-02
4.009445799999999949e-02
-1.589266599999999974e-02
3.648830599999999813e-02
3.053625899999999962e-02
-1.652085400000000148e-02
-4.739613999999999633e-03
1.577580600000000072e-03
1.339636700000000069e-01
3.653218999999999911e-02
2.952222999999999913e-03
1.477492799999999967e-02
7.505754000000000592e-02
-2.423474399999999904e-02
-1.036307199999999956e-01
-1.184457240000000022e-01
2.705436599999999983e-02
2.615938700000000183e-03
-1.431397600000000082e-02
-2.719026499999999992e-03
-3.906014199999999909e-02
2.126694499999999891e-02
3.193080400000000013e-02
-2.569137900000000030e-02
-5.965106000000000401e-03
-7.413881999999999417e-02
-8.242521399999999665e-02
-1.190071900000000057e-02
5.254890000000000255e-02
3.126762799999999870e-02
4.114819699999999747e-02
-2.194809500000000080e-02
-3.528278299999999812e-02
4.210828999999999961e-02
-5.194797000000000303e-02
4.927930999999999978e-02
-2.039578599999999908e-02
-7.232679500000000275e-03
5.293139399999999967e-02
7.162429400000000501e-02
-3.784099600000000174e-02
7.613132000000000232e-02
4.633165999999999674e-02
-3.499631799999999848e-03
2.608301299999999864e-02
-4.566082700000000105e-02
3.999212999999999726e-03
1.350749099999999994e-02
4.007228000000000179e-02
-4.817272400000000010e-02
4.713948999999999917e-02
1.477113600000000068e-02
-4.162835699999999778e-02
-4.255077000000000338e-03
6.726877000000000550e-02
1.176013899999999932e-02
-2.263990199999999994e-02
3.875312000000000201e-02
-3.665367499999999668e-02
-5.283964399999999811e-02
-8.361678599999999850e-02
2.992872599999999925e-03
-3.947489700000000185e-02
-4.648871300000000095e-02
6.941653300000000422e-03
2.376376499999999919e-02
-4.910580999999999800e-03
-2.651355199999999926e-02
-1.976508299999999926e-02
-6.417794999999999576e-03
1.202258600000000004e-02
-8.421893999999999214e-03
-3.013133299999999973e-02
3.371516199999999991e-02
-2.471721000000000183e-04
-5.498073499999999759e-03
4.576350400000000346e-02
-6.056585300000000283e-03
-2.659906400000000212e-03
-6.895653999999999673e-02
-3.421673999999999983e-03
9.095857000000000248e-02
-5.831587700000000207e-02
-1.565471699999999855e-02
-8.699457000000000717e-03
-4.840488999999999903e-02
1.580850799999999889e-02
-4.189734999999999987e-03
-4.404280299999999843e-02
-6.600665999999999478e-02
-6.699701399999999363e-02
-8.731134999999999591e-02
3.330669599999999848e-03
2.655138000000000029e-03
4.037009599999999594e-03
-4.020798600000000111e-02
-2.749484199999999851e-02
-1.251801299999999971e-02
5.763974799999999760e-02
-4.789137999999999729e-02
9.855918999999999444e-03
-5.309248999999999913e-02
-3.500108799999999964e-02
-1.729831100000000024e-02
2.140912400000000160e-02
6.178895400000000010e-02
3.047608799999999840e-02
4.334553700000000342e-02
-1.280846300000000083e-02
-1.504645500000000025e-02
2.386698500000000028e-02
1.424491100000000073e-02
-3.096920700000000207e-03
6.512292000000000081e-02
1.865734000000000142e-02
1.302677799999999971e-03
8.433219999999999952e-03
-3.708537700000000270e-02
3.538001300000000182e-02
6.551898999999999917e-02
9.441364000000000700e-03
-2.588391500000000039e-02
2.306353900000000096e-02
4.584589199999999920e-02
1.567446299999999959e-02
-2.356162300000000029e-02
-3.010329000000000130e-02
4.256303599999999854e-02
-1.831937599999999833e-02
-7.210492000000000290e-02
-9.491052999999999296e-03
3.008264000000000077e-03
2.017081999999999903e-02
1.637444299999999894e-02
4.474140000000000061e-02
1.179786700000000008e-02
4.675188300000000102e-02
-5.427244700000000144e-02
4.634978000000000015e-02
2.926204199999999853e-02
-5.372276000000000135e-02
5.496913199999999694e-02
-3.102899699999999913e-02
-6.019692400000000235e-03
-7.758982999999999852e-02
2.562757299999999811e-03
1.814046299999999903e-02
-6.118530999999999970e-02
-1.047814700000000016e-02
1.082686000000000065e-02
1.620604700000000120e-02
-3.667336999999999680e-02
-3.359550599999999720e-02
4.625996200000000169e-02
1.889560699999999829e-02
-3.712330400000000280e-02
-2.875612099999999907e-02
-3.690144000000000063e-02
7.187758500000000208e-04
-1.327155500000000085e-02
2.550705500000000070e-02
1.791508200000000101e-03
3.882271999999999806e-02
-1.456937699999999968e-02
8.418928999999999996e-02
4.035978999999999955e-02
1.155889799999999974e-02
3.418113700000000033e-02
-3.022559199999999904e-02
2.200490399999999874e-02
-4.573919299999999744e-02
4.437110400000000322e-03
-1.870466999999999963e-02
2.623906000000000155e-02
-1.016321700000000043e-02
5.785259200000000129e-02
8.242818000000000714e-03
2.777829199999999957e-02
4.998289000000000204e-02
-7.483530300000000059e-03
1.412239000000000029e-02
-2.779380000000000045e-02
-3.655975300000000039e-02
-6.182297300000000329e-02
-6.446168999999999857e-03
6.171773699999999994e-03
1.574047500000000030e-02
-6.136263000000000134e-02
5.605338499999999724e-02
-6.229020700000000021e-02
-4.388696699999999895e-02
-2.512222500000000150e-02
-6.010651200000000083e-02
3.663775999999999838e-02
-8.588131000000000584e-03
2.207726499999999870e-03
-2.087991000000000152e-02
-5.755818299999999887e-02
3.615315300000000037e-02
-2.398388499999999993e-02
4.745942000000000389e-03
-3.047240000000000018e-02
2.687877799999999900e-02
-4.691009000000000324e-03
2.593899300000000047e-02
-1.389342300000000023e-02
1.387516999999999917e-02
-6.249378600000000256e-02
3.830585599999999924e-02
1.163489399999999979e-02
-2.771913399999999944e-02
-4.661350999999999689e-02
1.371790749999999941e-02
2.786879199999999987e-03
4.990097000000000282e-02
4.154510799999999726e-02
5.860856700000000030e-03
-3.584186400000000106e-02
1.413494399999999998e-02
3.467535199999999956e-02
-5.110037700000000238e-02
6.339744999999999409e-02
-5.351513599999999787e-02
7.607535999999999812e-03
-7.569386999999999643e-02
1.466957200000000051e-02
-2.261286800000000125e-02
-9.243456000000000589e-03
3.959584000000000020e-02
5.928427399999999792e-02
-2.739194799999999930e-02
-3.648054600000000258e-02
-3.664068499999999923e-02
-2.714051500000000047e-02
-1.217044439999999950e-01
-1.822299000000000141e-02
7.050826999999999962e-03
3.109794999999999920e-02
3.536148000000000069e-02
1.927201799999999840e-02
-6.273924999999999641e-02
4.762801300000000203e-03
1.668704699999999999e-02
-1.210247199999999954e-02
3.714311000000000001e-02
-3.740232000000000279e-02
6.096349000000000212e-02
3.114391299999999876e-02
3.459219999999999656e-02
-7.248504000000000015e-04
4.722243999999999747e-02
-4.626923000000000147e-02
6.202872400000000036e-03
2.012153599999999803e-03
-7.567356499999999819e-02
1.039094699999999934e-02
6.973182399999999781e-02
-6.365671300000000365e-03
1.644327699999999920e-02
-1.088299000000000037e-02
1.975551999999999864e-02
3.702004999999999879e-02
-5.407930400000000165e-03
-4.947202299999999692e-02
-5.265205399999999675e-02
-7.670294499999999981e-03
3.210024000000000211e-02
-1.829742800000000100e-02
3.170837499999999698e-02
5.126401399999999664e-02
5.756411700000000145e-03
-1.624307599999999865e-02
1.446793200000000106e-03
6.035023999999999944e-02
2.262363599999999905e-02
2.501972400000000013e-02
2.685590800000000125e-02
2.214370699999999859e-02
1.968088399999999918e-02
2.440272500000000011e-02
9.176861499999999436e-03
4.338158000000000292e-02
4.808012999999999870e-02
2.320638100000000162e-02
3.268320000000000253e-02
5.299461300000000291e-02
-3.375452799999999892e-02
-1.145814799999999960e-02
-6.901530999999999812e-03
3.880735999999999908e-02
3.252794199999999719e-02
2.583335999999999966e-02
3.441428400000000332e-02
-4.407787999999999984e-02
-2.805278500000000022e-02
6.754071999999999854e-03
-4.374151599999999938e-03
-1.627800499999999947e-03
-2.480655199999999908e-02
-4.151897499999999963e-02
-4.023323599999999861e-02
2.244155100000000055e-02
-4.117762299999999653e-02
6.705577999999999539e-02
-9.113503000000000576e-02
-1.084208000000000047e-02
-1.732279200000000005e-02
-4.154523999999999717e-02
-1.783474000000000170e-02
5.322342000000000045e-02
9.722402999999999254e-03
9.086713999999999208e-03
-4.683724799999999799e-02
6.192134299999999675e-02
5.246457999999999677e-02
1.731171499999999835e-02
1.298459799999999997e-02
-6.888976000000000431e-04
2.245333600000000082e-02
-3.758722999999999925e-02
3.528363600000000017e-02
-4.431297299999999856e-02
3.854905000000000137e-02
-2.092447299999999899e-02
7.487044499999999381e-02
9.061519999999999991e-03
-3.900165500000000313e-02
4.897356399999999721e-02
-2.908099700000000166e-03
-1.433996799999999981e-02
-8.145457000000000045e-03
-7.347693000000000193e-04
-4.055416199999999777e-02
-2.905669400000000097e-02
4.393084700000000203e-02
2.250259599999999971e-02
3.278571400000000052e-02
5.672148999999999941e-02
1.453809600000000035e-02
3.493910299999999913e-02
3.160199600000000025e-03
3.812362699999999934e-03
7.212438600000000040e-03
-4.734391300000000136e-02
-6.794890999999999518e-04
-2.609008999999999981e-02
6.958963000000000301e-03
-6.087786500000000149e-03
4.278347300000000242e-02
2.493364699999999975e-02
-8.053184999999999164e-03
5.198764399999999952e-02
-2.343449300000000155e-03
2.566225600000000134e-02
2.935124199999999961e-02
-2.868540400000000115e-02
-1.958941499999999891e-02
5.962104399999999804e-02
2.941074200000000013e-02
2.228533099999999850e-02
8.307117999999999447e-02
-6.717271999999999826e-03
-1.407780699999999947e-02
-8.912065999999999738e-03
-1.624984999999999960e-04
2.574644000000000064e-03
-1.178976150000000077e-02
-1.181859199999999929e-02
2.974591199999999935e-02
1.332602100000000039e-02
-1.223218499999999959e-02
-7.819338000000000677e-02
-6.847148000000000123e-02
3.343722600000000045e-02
-2.654033999999999994e-03
3.722674799999999701e-02
-4.924130399999999963e-02
-1.050651300000000031e-02
-5.234800700000000195e-02
-2.616225000000000148e-02
2.587698000000000081e-02
3.941499999999999865e-02
-2.028513900000000064e-02
1.115235699999999990e-02
-2.242689000000000141e-02
3.937271999999999994e-02
1.524875900000000062e-02
1.684257800000000041e-02
3.104049700000000023e-02
2.416990299999999953e-02
7.468323000000000322e-02
8.701893000000000475e-03
-9.044177999999999940e-03
-1.809637200000000076e-03
8.243311999999999168e-03
-3.662174600000000016e-03
-8.230104999999999713e-03
-1.945991000000000040e-02
-6.655980000000000230e-02
-8.856126000000000623e-03
-3.985979399999999701e-02
3.754627299999999807e-02
3.233566999999999692e-02
7.118822500000000298e-04
4.505847000000000324e-03
2.157047000000000044e-03
-4.778693999999999997e-02
3.579684000000000078e-03
2.718153800000000161e-02
-2.008449499999999995e-03
-2.310768699999999828e-02
-6.038123700000000080e-03
5.460721300000000167e-02
-2.527557299999999910e-02
6.428710999999999454e-02
-1.698312700000000064e-02
-1.005038400000000075e-02
5.164095999999999964e-02
8.091742000000000379e-02
5.043732000000000076e-02
-2.864734299999999872e-02
1.663524099999999853e-02
-9.997776999999999359e-03
1.231471800000000054e-02
-6.739050000000000595e-02
2.870364800000000088e-03
5.499030299999999732e-02
9.825784000000000601e-03
-8.395529000000000533e-03
-3.235834499999999669e-02
4.965095600000000303e-02
-2.557430900000000167e-03
-2.129013800000000012e-02
-5.172306699999999757e-02
1.080743600000000013e-02
2.288415699999999872e-02
-2.752885199999999949e-02
3.112120000000000164e-02
-9.666749000000000522e-03
-3.961731000000000280e-02
-1.598370600000000030e-02
-2.613269199999999903e-02
5.765902300000000369e-03
3.287139599999999891e-03
7.731164999999999565e-02
-1.272602700000000087e-02
2.331884999999999861e-02
3.043453000000000130e-02
-1.818605499999999958e-02
6.234729700000000291e-02
4.843278999999999813e-03
3.477338299999999799e-02
4.228607999999999673e-02
4.607549699999999998e-02
8.121715499999999921e-02
-3.121100099999999950e-03
6.074397599999999814e-02
1.489675600000000058e-02
7.912210000000000076e-02
4.726150300000000332e-02
1.935049700000000122e-02
2.693165299999999984e-02
4.554281500000000038e-03
6.250150499999999887e-02
8.560734000000000399e-03
3.613372000000000112e-02
-1.928035499999999902e-02
5.788428699999999955e-02
-2.265473800000000065e-02
-4.559056000000000219e-02
-6.731753200000000111e-03
-1.904936999999999950e-02
1.749473000000000000e-02
5.544072500000000103e-04
5.490493999999999930e-02
-3.841768999999999740e-02
-3.147475799999999851e-02
-1.191231599999999918e-02
5.206414699999999812e-02
-3.158403600000000283e-02
1.258135099999999930e-02
-6.789090600000000433e-03
-2.465763500000000066e-02
-4.431330800000000264e-02
-3.681653399999999798e-02
2.262144500000000044e-02
-2.636800499999999992e-02
2.448385999999999965e-02
4.685397000000000173e-02
-2.443595000000000142e-02
3.270408500000000079e-02
-1.665494400000000139e-02
5.024718999999999713e-02
-3.044638399999999995e-02
-6.291094399999999642e-02
2.891701899999999867e-03
6.871541999999999928e-02
2.523608100000000048e-02
-7.265029000000000105e-03
-2.040670799999999910e-02
5.338937400000000333e-02
1.083351999999999926e-02
5.524967300000000088e-03
-1.372868000000000005e-02
3.716794999999999821e-02
-3.484948999999999686e-02
-2.085932500000000148e-03
9.367350499999999719e-03
4.716388999999999651e-03
5.544703500000000389e-03
2.294565000000000146e-02
-4.057037499999999880e-02
2.924526100000000156e-02
-3.115498800000000151e-02
-4.446043400000000007e-02
-6.232656500000000217e-03
5.886911599999999911e-02
1.686001000000000166e-02
2.482721200000000128e-02
-5.099635999999999753e-02
3.661751399999999684e-02
-7.596973299999999589e-03
-1.090813600000000057e-02
-5.532131700000000180e-02
-3.172257500000000285e-02
-7.029443000000000497e-02
-1.748859499999999914e-02
3.159438400000000313e-02
7.683409000000000419e-03
4.291127200000000030e-02
-3.233004700000000065e-02
-6.791614500000000242e-03
-3.620581999999999967e-02
-1.693350500000000104e-03
-3.847381500000000148e-02
-6.699033999999999545e-02
-9.470493499999999704e-03
4.883647399999999777e-03
3.494781999999999750e-02
2.219736599999999963e-02
3.233740499999999962e-02
-1.032074099999999960e-02
-3.531919000000000031e-02
-8.440958000000000142e-03
3.430633599999999978e-02
-6.832487400000000072e-03
4.406564300000000156e-02
-5.009741000000000194e-02
1.655077100000000058e-03
-3.670436999999999918e-03
6.275131600000000143e-02
-3.220265700000000259e-02
-2.416502699999999865e-02
-3.558531999999999668e-02
-7.386675599999999869e-03
-7.554411400000000162e-04
3.164896700000000007e-02
-4.090099999999999986e-02
1.866775400000000168e-02
2.815255499999999925e-02
8.739991499999999469e-02
-1.941067200000000034e-02
-8.761005500000000265e-03
-2.231887399999999896e-02
-1.323418200000000058e-02
-4.933611300000000088e-02
1.614963600000000063e-03
2.528842200000000137e-02
8.795315999999999204e-03
1.172289299999999986e-02
-4.069267599999999707e-02
1.350835499999999967e-02
-2.442525099999999852e-02
-7.292591999999999651e-03
8.041582000000000244e-03
-1.697927200000000011e-02
-7.664568699999999880e-03
4.258971700000000089e-03
1.063970399999999983e-02
-1.503164400000000026e-02
-6.249857600000000360e-03
2.333195299999999903e-02
-1.233641149999999999e-02
8.809245000000000270e-03
-6.368269999999999487e-02
1.539655000000000017e-02
-1.996144099999999991e-02
-3.668182300000000229e-02
-1.335443599999999948e-03
-4.653617399999999960e-02
-2.325651000000000107e-02
2.933953099999999856e-02
1.665368999999999877e-02
-1.566693200000000147e-02
1.946872700000000164e-02
3.178332700000000011e-02
-5.116808999999999941e-02
3.520303600000000005e-03
-4.946545000000000109e-03
-1.663036000000000028e-02
2.369749499999999898e-02
-3.050491199999999861e-02
-1.136868199999999975e-02
5.032779599999999583e-03
4.149538299999999680e-02
-1.602026599999999829e-02
-9.853106999999999838e-03
3.008438800000000010e-02
-1.812944400000000150e-02
-8.903323000000000487e-02
-2.215912399999999879e-02
2.337547800000000162e-02
2.387265300000000062e-02
8.983391000000000293e-02
-3.489281600000000011e-02
-2.051032100000000150e-02
7.106870399999999643e-03
3.729012999999999772e-02
-4.644214700000000307e-02
-1.399803300000000000e-02
1.572300500000000008e-04
-2.973671400000000241e-04
3.951929499999999595e-03
-4.343617300000000153e-02
6.996716000000000046e-02
2.746480100000000049e-02
-2.455522699999999892e-02
2.646454599999999852e-02
-4.288646200000000019e-02
3.570828999999999670e-02
2.149752699999999891e-02
-3.860473600000000061e-02
9.105159999999999296e-03
6.473416499999999803e-03
4.347992299999999671e-02
8.158035600000000664e-02
4.922159400000000046e-02
1.162265999999999994e-02
4.677325999999999706e-02
3.002308500000000144e-02
5.339164700000000041e-02
3.470661500000000316e-02
-6.839391299999999889e-03
1.461835950000000064e-02
-3.580122399999999955e-02
-2.996948500000000057e-02
-4.450925399999999810e-02
1.278549499999999915e-02
1.161567600000000013e-02
2.920090399999999975e-02
-3.855157000000000028e-02
-2.999075000000000005e-02
-2.083489300000000016e-02
-3.525958199999999765e-02
4.483346299999999701e-02
-2.109419699999999856e-02
-1.552703199999999964e-02
2.721095299999999953e-02
5.620727300000000204e-02
-2.476321899999999951e-02
-1.717907999999999935e-02
-2.868336599999999834e-02
-1.635993000000000169e-02
3.310335999999999834e-02
-1.829140300000000122e-02
1.421893500000000025e-02
2.539583000000000205e-03
-2.725542900000000116e-02
-7.974665999999999699e-02
4.988825399999999820e-03
-6.612993999999999817e-02
-2.044496000000000160e-02
3.366264699999999693e-02
-4.141604999999999592e-03
-2.330026199999999867e-02
-2.371994200000000080e-02
3.158306300000000150e-02
-9.093247000000000482e-03
5.597903999999999901e-03
7.293143000000000542e-02
-1.195597900000000026e-02
-9.448843000000000172e-03
-4.390083300000000022e-02
-9.367264000000000146e-03
3.163690499999999989e-02
-6.624312000000000256e-02
