6.846905999999999826e-02
4.392891399999999946e-02
-2.822469500000000103e-02
-1.325348199999999916e-03
4.797565200000000057e-02
6.336661000000000377e-02
1.157194400000000067e-02
8.548704000000000719e-03
-8.156637000000000219e-04
3.956742199999999793e-02
1.188177399999999946e-02
5.881939499999999654e-02
3.695025700000000024e-02
2.677665300000000182e-03
3.291812000000000210e-02
-1.828239699999999884e-02
7.100409000000000581e-02
9.704894000000000368e-03
-2.253478399999999868e-02
-5.015035999999999800e-02
-5.731767399999999901e-02
5.716956700000000273e-03
8.136308999999999556e-03
-2.216557499999999813e-03
3.823142500000000030e-03
-4.635084800000000005e-02
-1.548509399999999959e-02
-8.125535400000000186e-02
-9.791938999999999504e-03
-3.555720999999999882e-02
4.871695499999999929e-02
4.780504499999999740e-02
3.726780999999999844e-02
-2.717175000000000146e-02
3.266408999999999979e-02
2.073100799999999869e-02
-7.534056400000000049e-03
-1.793287000000000006e-02
3.945725399999999716e-02
-4.764335599999999782e-02
4.106706499999999635e-03
-4.114920300000000225e-02
-2.614224000000000062e-02
3.695611699999999666e-02
-2.153203799999999987e-02
-4.027487999999999901e-02
-3.113834399999999836e-02
-1.980258999999999839e-02
-2.846838499999999883e-02
5.043699199999999994e-02
2.295299599999999982e-02
4.634577399999999930e-02
-2.230750600000000125e-02
2.060659000000000102e-02
-3.293304999999999844e-02
-9.205080000000000207e-02
-4.526720000000000049e-02
-4.862447999999999770e-02
3.228660700000000189e-02
-8.053990000000000454e-03
-3.783547300000000054e-03
-1.881691300000000108e-02
5.406882200000000249e-02
-7.078545499999999713e-02
4.051979299999999840e-02
2.472652399999999799e-03
-2.255723299999999945e-02
4.651495700000000087e-03
-6.572021000000000113e-02
1.059251100000000063e-02
-1.085429800000000007e-03
3.560457399999999994e-02
-2.177095000000000072e-02
2.992933000000000052e-02
-2.571598300000000129e-02
1.308183800000000015e-02
1.506970999999999962e-03
2.366114000000000064e-02
-7.581216299999999665e-03
2.640159400000000045e-02
-4.367437999999999876e-02
1.750124600000000025e-03
2.479610399999999937e-02
2.156308499999999920e-02
-1.303568100000000035e-02
3.736123400000000011e-02
6.323635599999999357e-02
2.510412999999999967e-03
-1.957925400000000080e-02
-3.625674499999999995e-02
1.186579100000000053e-01
1.255141300000000085e-02
1.521071050000000029e-02
3.694011000000000083e-03
4.359218000000000121e-02
-3.062651699999999894e-02
-1.109556849999999983e-01
-1.245108500000000062e-01
4.474908999999999831e-02
2.097402699999999925e-02
3.450730800000000216e-03
1.380452199999999963e-02
-1.780358500000000024e-02
8.653667999999999777e-03
2.031202799999999933e-02
-1.335670150000000007e-02
-1.559171999999999988e-02
-3.856526999999999872e-02
-6.990490000000000592e-02
3.807783000000000001e-02
3.701332200000000128e-02
1.657340900000000075e-02
-4.700567999999999587e-03
3.797206999999999926e-03
-7.617693400000000170e-02
2.160117400000000076e-02
5.254568999999999733e-03
1.762374900000000105e-02
-3.732710399999999897e-03
3.079607999999999998e-02
2.284310800000000086e-02
7.644360000000000044e-02
-3.292346000000000161e-02
7.832577000000000289e-02
4.598615300000000183e-02
4.169786999999999799e-02
6.139442299999999832e-03
-5.301649999999999766e-03
-1.851250600000000149e-02
-1.192024700000000013e-02
4.299034599999999873e-02
-2.160534299999999908e-02
-9.575416999999999262e-03
3.139479500000000312e-02
-1.300136500000000084e-02
2.137245800000000043e-02
7.121669999999999390e-02
5.028733999999999982e-03
-3.907899599999999779e-02
4.596112699999999746e-02
-1.201641600000000025e-02
1.234987899999999937e-02
-5.363607000000000097e-02
1.135755299999999940e-02
-3.181022199999999998e-04
-5.521633499999999833e-02
2.628775699999999840e-02
4.347855199999999670e-02
5.595423299999999905e-02
4.049214999999999759e-02
-4.904751700000000401e-03
-2.595204300000000103e-02
2.194647699999999896e-02
-2.373069499999999957e-02
-2.872483199999999876e-02
3.451958000000000110e-02
1.298652599999999997e-02
-3.807288799999999918e-02
3.991775200000000079e-02
-4.453272999999999954e-02
4.847245000000000026e-02
-6.128698999999999952e-02
1.216768900000000063e-02
2.597623500000000030e-02
-9.146417000000000436e-03
-1.450457900000000008e-02
1.300724299999999993e-02
-4.723912499999999987e-02
1.366959899999999929e-02
1.254094600000000073e-02
-2.223569200000000134e-02
-5.505686600000000291e-02
-4.823911599999999855e-02
-4.179448599999999875e-02
3.108215099999999884e-02
9.147776999999999298e-03
2.068661999999999931e-02
-4.475574000000000219e-02
-4.864243300000000401e-03
1.411968199999999972e-02
7.296719000000000122e-02
9.380143999999999548e-04
3.055068899999999893e-02
-5.198347999999999858e-02
-7.443964499999999700e-03
-1.091083900000000030e-02
2.879601299999999878e-02
4.025101999999999847e-02
5.058475600000000155e-02
7.044481499999999397e-02
3.567752600000000107e-02
-2.870688199999999954e-02
4.135263000000000133e-03
4.468944700000000020e-02
-2.848002799999999925e-03
4.444745600000000324e-02
3.392188000000000148e-02
-6.434039699999999709e-03
7.211093299999999685e-03
-6.050796399999999742e-02
3.951560700000000120e-02
8.365045999999999593e-02
6.431261500000000353e-03
-4.339484000000000223e-03
-9.819537999999999184e-03
7.871704000000000201e-02
-1.566877599999999884e-02
-3.122947400000000012e-02
-1.860902999999999863e-02
4.788716500000000237e-02
9.713354000000000432e-03
-6.252195000000000669e-02
-3.304936399999999774e-02
-2.599256900000000009e-02
-3.840373800000000063e-03
2.076541599999999835e-02
5.051125599999999743e-02
2.231547000000000044e-02
3.921085600000000226e-02
-3.508832700000000249e-02
3.515180200000000282e-02
1.657108399999999981e-02
-2.898865999999999943e-02
6.024941999999999798e-02
-1.086445699999999924e-02
-4.024984999999999674e-02
-6.793201000000000100e-02
-8.612685000000000132e-03
5.104869599999999757e-02
-6.935512000000000621e-02
-3.532534500000000105e-02
-1.966664200000000154e-02
1.987447000000000172e-02
-1.266315699999999954e-02
-6.461213000000000373e-02
-2.059125499999999928e-02
2.532165499999999847e-02
-3.911632000000000303e-02
-1.768706199999999992e-02
-3.235642999999999853e-02
1.477899499999999963e-02
-4.786864400000000186e-03
1.756163000000000168e-02
-1.483792700000000075e-03
4.101942499999999825e-02
1.371217299999999938e-02
5.219283999999999729e-02
5.248199000000000267e-03
-3.281682400000000138e-02
5.695964999999999882e-03
-1.253522600000000001e-02
-2.303922800000000187e-03
-7.946449499999999611e-02
-8.394580999999999918e-03
-5.725010999999999989e-02
1.305446000000000037e-02
1.439736200000000035e-02
2.019818899999999834e-02
1.501216300000000024e-02
3.335222000000000186e-02
4.682548999999999739e-02
-2.806374400000000158e-02
1.182610599999999942e-02
-2.059708300000000041e-03
3.546038999999999962e-03
-8.535956599999999783e-02
-8.015209000000000569e-03
1.681854400000000124e-02
9.728557000000000524e-03
-2.404399999999999940e-02
3.024560999999999916e-02
-4.509896800000000316e-02
-5.348110200000000258e-02
-3.824783500000000086e-02
-2.193948000000000079e-02
3.002191300000000077e-02
-9.357456999999999581e-03
4.307619300000000047e-03
-4.476469799999999860e-02
-6.432024999999999548e-02
7.540225999999999873e-02
-8.238087999999999314e-03
2.711244000000000154e-02
-5.452771499999999744e-02
2.449870900000000046e-02
5.607201000000000025e-03
1.574252500000000027e-02
-1.683405400000000107e-02
2.889207600000000178e-03
-5.957282700000000181e-02
5.865197999999999939e-02
2.619712100000000203e-03
-6.795017400000000207e-02
-4.946749699999999916e-02
3.879313000000000119e-03
1.964990800000000065e-02
4.255949700000000169e-02
6.970558000000000309e-02
-2.820960200000000029e-02
-6.963258600000000152e-03
1.083254399999999951e-02
3.447362799999999922e-02
-5.857351999999999698e-02
2.768199000000000007e-02
-4.500491499999999950e-02
4.509921699999999874e-03
-2.740073399999999951e-02
4.633030300000000323e-02
-1.059508999999999972e-02
-4.925075000000000112e-03
3.090836300000000120e-02
2.794868500000000089e-02
-3.314524499999999679e-02
-1.721583499999999878e-02
-3.315661000000000302e-02
1.681917999999999955e-02
-1.402012900000000062e-01
-2.586418199999999945e-02
1.909978099999999970e-02
1.768262899999999832e-02
-1.015355100000000024e-02
3.858976800000000346e-02
-3.315150000000000041e-02
4.053567000000000108e-03
3.372514000000000067e-02
-9.787901999999999367e-03
2.227024699999999996e-02
-1.011105200000000058e-02
4.848869499999999833e-02
1.960010300000000066e-02
4.023171200000000280e-02
-9.378413999999999848e-03
1.102111799999999989e-02
-4.035159600000000346e-02
6.298721999999999654e-03
2.671234999999999929e-02
-5.892398599999999764e-02
1.162190899999999971e-02
7.894956000000000196e-02
1.110031899999999912e-03
2.858357099999999859e-02
-9.807075000000000167e-03
5.389245599999999831e-02
2.515047800000000042e-02
-4.066194000000000405e-03
-3.916381699999999660e-02
-3.263459999999999972e-02
-1.989614400000000102e-02
2.133221600000000107e-02
-1.764757700000000110e-02
4.650976999999999889e-02
7.049452999999999969e-02
-1.720123899999999924e-03
1.102182200000000056e-02
2.073829499999999861e-03
4.577970499999999693e-02
-2.691513600000000183e-03
3.805634599999999784e-03
3.339957400000000132e-02
2.558102400000000168e-03
2.317960700000000138e-02
7.030031000000000474e-02
4.267618799999999685e-02
3.181997699999999929e-02
2.901097399999999840e-02
1.963495000000000171e-02
4.088693000000000188e-02
4.884397000000000044e-02
4.086997400000000336e-03
-9.170870999999999494e-04
-2.876166399999999929e-02
3.400340300000000149e-02
1.149385300000000006e-02
-1.274402500000000084e-02
1.685991300000000068e-02
-3.478387000000000145e-02
-1.904372299999999851e-02
-2.636654500000000165e-02
-9.769223000000000490e-03
-3.446640399999999910e-02
4.815152999999999968e-03
-1.496562549999999950e-02
-4.905370600000000247e-02
1.545255799999999992e-02
2.625263799999999915e-03
6.705408000000000202e-02
-8.954406500000000602e-02
1.164624400000000004e-02
-2.505901599999999993e-02
-3.778394000000000197e-02
-5.394659999999999907e-03
5.969088000000000171e-02
-1.407263150000000011e-02
-8.202678300000000025e-04
-3.297577099999999921e-03
5.276076500000000113e-02
4.895051599999999947e-02
1.598129800000000142e-02
4.616745600000000103e-04
9.076179000000000191e-03
3.898931699999999816e-03
-9.656282000000000407e-03
4.990305999999999909e-02
-1.815642799999999876e-02
3.345073800000000069e-02
-2.978366400000000136e-02
6.771291000000000115e-02
6.235630699999999624e-03
-5.728046600000000210e-02
4.300629999999999731e-02
-1.711654499999999907e-03
-1.675474600000000092e-02
-4.885764399999999869e-02
-1.723363600000000009e-02
-3.881115499999999996e-02
9.090693000000000384e-03
7.083006000000000024e-02
3.318591399999999692e-02
5.146429300000000123e-02
3.556991999999999793e-02
-1.535079200000000026e-02
4.974833499999999770e-02
3.767709799999999914e-02
-2.753345800000000197e-03
-2.053781799999999935e-02
-4.069914300000000013e-02
-1.731748800000000024e-03
-3.095604999999999885e-02
3.936996999999999719e-02
-2.253304799999999997e-02
5.193772499999999709e-02
1.217480999999999945e-02
-7.676899000000000049e-03
5.157920299999999708e-02
2.616673900000000136e-02
6.021349000000000146e-02
1.200297699999999931e-03
-3.505085799999999724e-02
-3.247968500000000119e-02
3.164708000000000104e-02
3.559380000000000183e-02
2.646601399999999951e-02
8.119350000000000178e-02
-1.080802550000000035e-02
2.185761599999999985e-02
-1.856770100000000026e-03
-1.372513399999999995e-02
1.727744999999999975e-02
3.691247400000000067e-03
6.681605000000000183e-03
4.127763000000000265e-02
-4.094462400000000238e-03
-1.164921799999999938e-02
-5.690488199999999691e-02
-9.062610999999999584e-02
6.185924000000000283e-02
2.549912199999999907e-02
-1.310084499999999985e-02
-1.270980900000000073e-02
1.338726800000000078e-02
-5.494250400000000312e-02
6.324851000000000258e-03
2.095178899999999844e-02
2.687392599999999937e-02
-2.536650400000000152e-02
6.376632999999999499e-05
-1.263243999999999999e-02
3.168260299999999668e-02
7.014736500000000319e-02
4.747352400000000305e-02
6.021539499999999795e-02
1.995376999999999915e-02
6.997710000000000041e-02
-9.663088000000000233e-03
-3.484290999999999777e-02
-4.405819299999999723e-03
2.642810199999999846e-02
1.507837700000000045e-02
-1.115277500000000019e-02
-1.248550000000000007e-02
-3.048711299999999971e-02
4.633332999999999896e-03
-3.731217199999999762e-02
3.686689600000000316e-02
2.459183100000000149e-02
1.152772099999999945e-02
-9.307941000000000131e-03
-3.575692699999999911e-03
2.515762999999999854e-03
-2.555689599999999909e-02
3.368810199999999755e-02
1.261897199999999913e-02
-1.826210899999999859e-02
1.197500200000000022e-02
3.913283299999999881e-02
9.797518999999999326e-03
6.324576599999999493e-02
-3.560622399999999882e-02
-2.607231200000000026e-02
7.287083599999999439e-02
4.609088599999999758e-02
2.341384800000000099e-02
-3.499844700000000197e-02
-2.622489299999999912e-02
-3.691768000000000133e-02
9.896303999999999865e-03
-5.013044600000000212e-02
-1.508671699999999949e-02
5.590169500000000125e-02
2.576496600000000026e-02
2.991202800000000023e-02
-4.328277700000000144e-02
5.154904700000000062e-02
1.254033100000000005e-02
-2.156525499999999845e-02
-5.058074700000000229e-02
1.573031600000000113e-02
-3.837689799999999870e-03
-5.197880299999999877e-03
4.092308499999999793e-02
4.898302299999999880e-03
-4.646254300000000198e-02
-8.036652999999999505e-03
-1.357895500000000019e-02
3.706397499999999900e-02
2.413859400000000106e-03
5.236349600000000243e-02
-3.799509599999999904e-02
1.398442599999999945e-02
-3.193051599999999907e-03
2.724033000000000010e-02
5.346932000000000074e-02
5.268798999999999705e-02
4.040408999999999667e-02
4.189463300000000057e-02
7.138392999999999822e-02
6.305761000000000005e-02
-5.442223999999999846e-03
5.578252699999999842e-02
4.301207499999999684e-02
3.367343999999999893e-02
4.551369699999999879e-02
-1.029626600000000010e-02
5.733643000000000073e-02
1.708854200000000170e-02
4.011122000000000298e-02
2.648685099999999876e-02
5.225426300000000218e-02
-9.368364999999999809e-04
4.736499000000000265e-02
-6.680244000000000112e-03
-3.963458499999999995e-02
-4.115059000000000078e-02
5.820212400000000091e-03
-9.829423999999999800e-03
-3.563160399999999728e-02
4.025113000000000302e-02
-2.873849100000000142e-02
-1.403492400000000070e-02
-1.882380200000000059e-02
4.507786400000000221e-02
-1.022882399999999921e-02
-1.314698800000000051e-03
-4.948833999999999872e-02
-5.754912000000000222e-02
-3.768857300000000125e-03
-2.258758799999999872e-02
4.865263400000000016e-02
-1.679765000000000078e-02
-1.135271199999999940e-04
4.140135999999999816e-02
-4.479613999999999818e-02
3.827898600000000096e-02
-2.025164000000000131e-02
3.856997999999999677e-02
-4.100061599999999667e-02
-6.731078999999999535e-02
-7.527774699999999902e-03
1.516099700000000071e-02
2.875585699999999925e-02
-1.758819000000000007e-02
-2.371151399999999951e-02
4.128396499999999886e-02
1.942343300000000036e-02
1.411502100000000016e-02
-2.731717999999999993e-02
5.851172300000000159e-02
-2.177002299999999946e-02
6.392261999999999684e-04
2.707580299999999898e-03
1.558786000000000026e-02
-1.980191300000000171e-03
1.598327399999999870e-02
-7.527039000000000646e-02
5.843484000000000178e-02
-3.044188999999999923e-02
-1.982541599999999848e-02
-2.432954999999999840e-02
3.207267400000000240e-02
2.510164899999999932e-03
3.072339699999999951e-02
-2.008168999999999926e-02
4.783075700000000152e-02
-4.236222199999999626e-03
-5.234470599999999779e-02
-6.258856999999999615e-02
-2.433223300000000172e-02
-8.613996999999999626e-02
-2.052963699999999989e-02
-9.367731399999999937e-04
7.307113599999999834e-03
2.290986700000000043e-02
-2.035558999999999980e-02
2.987979699999999787e-03
-4.935866199999999759e-02
1.002116999999999938e-02
-1.184604199999999934e-02
-6.732915999999999901e-02
2.062662499999999913e-02
-2.375118500000000018e-04
3.276292199999999988e-02
-1.114830600000000019e-02
-2.498433999999999898e-03
-1.910727699999999890e-02
-1.720659199999999972e-02
2.516451999999999925e-02
-7.383677600000000153e-03
3.580305299999999875e-03
5.347034999999999982e-02
-3.533482000000000289e-02
3.042145400000000055e-02
1.333156100000000089e-03
1.086496799999999985e-01
-2.604051300000000124e-02
-3.410054400000000346e-02
-2.139341800000000085e-02
-3.839574400000000248e-02
2.858855600000000108e-02
3.697011599999999731e-02
-4.404877499999999835e-02
3.414003000000000176e-02
5.663464599999999682e-02
8.527121999999999480e-02
7.093359300000000138e-03
-2.271297400000000036e-02
-1.888776199999999891e-02
1.647724999999999884e-02
-1.324310000000000070e-02
1.343806999999999988e-02
3.845598499999999809e-02
2.283801900000000107e-02
2.233863800000000094e-02
-8.032248999999999639e-02
2.044191799999999989e-02
-3.611269599999999969e-02
-3.251346000000000097e-02
-4.961226600000000209e-03
-4.200231000000000103e-02
-3.455371000000000137e-02
-3.384361400000000103e-02
5.918575999999999828e-04
-1.100579999999999961e-02
-2.862180399999999895e-03
2.810426400000000033e-02
4.184586500000000292e-03
-4.599459999999999660e-02
-8.846632000000000107e-02
-5.463092600000000326e-03
-8.887373999999999968e-03
-2.619209100000000068e-02
3.849502300000000321e-02
-4.738136800000000010e-02
-2.727638000000000111e-03
2.859649000000000132e-03
-4.006507999999999771e-03
-5.078726000000000074e-02
5.313490500000000311e-03
2.949467500000000145e-02
-5.684431000000000206e-02
-2.299232899999999939e-04
1.050204000000000068e-02
-1.540025599999999932e-02
2.502342000000000108e-02
-6.606288999999999911e-02
-2.124971999999999972e-02
1.343962899999999981e-02
5.504310999999999926e-02
-2.363323800000000086e-02
-1.285162200000000005e-02
8.235164999999999152e-03
1.618089699999999964e-02
-4.186850999999999767e-02
-2.205214000000000046e-03
3.598565599999999781e-02
1.802761900000000167e-02
9.427696000000000687e-02
-2.903406899999999916e-02
4.803519699999999823e-03
-3.647907999999999706e-02
3.832550299999999688e-02
-4.151520999999999684e-02
-1.926686999999999844e-02
2.961758799999999938e-03
-6.881322199999999681e-03
-3.289045500000000160e-03
-4.562349999999999739e-02
3.812640500000000210e-02
2.765569799999999939e-02
4.302610000000000115e-03
2.519012400000000124e-02
-2.491975000000000093e-02
2.220282700000000137e-02
-2.340925399999999913e-03
-4.189185399999999920e-02
9.715223999999999735e-03
-1.559644500000000045e-02
5.790616199999999714e-02
3.963876499999999942e-02
1.882374300000000042e-02
9.278476000000000778e-03
5.274542000000000119e-02
1.431133100000000005e-02
2.140953799999999879e-02
4.305197999999999664e-02
1.797316399999999981e-02
3.568753200000000098e-02
-2.029229899999999975e-02
-2.871223700000000156e-02
-6.301692999999999878e-02
4.045276300000000269e-02
3.292294999999999944e-02
3.746999399999999952e-02
-3.471302600000000099e-02
3.819539999999999741e-02
6.698983000000000368e-04
-3.032711000000000087e-02
3.166537400000000307e-02
-9.270390499999999617e-03
-8.673182999999999240e-03
1.317145999999999942e-02
2.938508399999999882e-02
-6.322097999999999607e-02
3.493384999999999893e-03
-3.923593000000000219e-02
-2.002414099999999877e-02
3.935253200000000257e-02
-2.032428499999999923e-03
9.092595999999999665e-03
-1.797222899999999929e-02
-2.388153999999999971e-02
-6.616252999999999718e-02
-2.317383500000000027e-02
-6.762720999999999316e-02
-5.187845299999999625e-03
6.930460000000000266e-03
-4.035090600000000062e-03
-1.795489200000000007e-02
-3.023247199999999982e-02
1.317494399999999920e-02
8.352801000000000193e-04
-1.894543699999999900e-02
1.080880899999999978e-01
-2.658972300000000000e-03
-9.917293000000000636e-03
-4.318411600000000156e-02
1.363957600000000048e-02
4.216223200000000088e-02
-2.182084899999999980e-02
