5.878438999999999887e-02
2.718598599999999879e-02
-7.958943400000000057e-02
-1.430561500000000069e-02
-8.183449500000000362e-03
6.306437400000000637e-02
-8.934653999999999990e-04
1.513675199999999985e-02
-2.775386700000000151e-03
-2.151515800000000005e-04
4.125911699999999793e-02
5.259701600000000338e-02
1.696781799999999910e-02
2.031840999999999856e-02
8.242222500000000174e-03
-1.772439699999999937e-02
2.582554299999999942e-02
4.358931600000000295e-02
-1.433796250000000071e-02
-3.509907799999999883e-02
-2.788863299999999948e-02
2.570518100000000056e-02
3.728680699999999820e-02
8.224510000000000848e-03
-5.272550499999999717e-03
-2.771235400000000154e-02
-3.102371500000000032e-02
-3.706062599999999929e-02
1.320288499999999927e-02
-1.055510499999999935e-01
2.954118500000000105e-02
1.566149599999999958e-03
3.728037299999999860e-02
-1.898536799999999899e-02
7.489498999999999462e-02
1.510460299999999943e-02
-9.132492400000000274e-05
-1.153976750000000086e-02
1.547516999999999990e-02
-7.236935999999999369e-02
-2.609160400000000088e-02
-3.370719999999999966e-02
1.931452200000000063e-02
2.778581899999999980e-02
-3.927018000000000175e-02
-2.670215600000000120e-02
-8.987171000000000395e-03
1.995105700000000121e-02
-2.728008499999999906e-02
4.854347600000000207e-02
1.690634699999999865e-02
4.633158400000000204e-02
-2.298499000000000028e-02
-2.914370800000000081e-02
-1.939914200000000116e-02
-6.884927999999999881e-02
-8.486851000000000117e-03
2.039456200000000149e-02
8.213620000000000643e-02
-4.692961999999999828e-02
6.501614999999999651e-03
-3.824956699999999821e-02
-3.854125500000000083e-03
-4.214674200000000093e-02
8.555612500000000370e-03
-8.867234999999999701e-02
-7.446974999999999558e-04
-4.512145000000000045e-02
-4.719190699999999822e-02
7.104260999999999736e-03
-1.705056799999999859e-02
4.547627499999999786e-04
-2.985892399999999849e-02
-3.652712600000000004e-03
-2.575161499999999853e-02
3.124115400000000015e-02
-3.049939299999999964e-02
-9.524190000000000086e-03
4.356249000000000232e-02
-3.518757899999999834e-03
-3.807193400000000172e-02
-4.825727000000000141e-03
1.930916300000000072e-02
6.508268000000000386e-02
3.565290199999999890e-04
6.038662000000000196e-02
2.031979199999999972e-02
-1.888118299999999930e-02
-4.528495999999999910e-02
-1.111724700000000024e-02
1.223878040000000028e-01
4.266866999999999882e-02
1.055269900000000045e-02
3.148373000000000144e-02
6.484301000000000648e-02
-2.155985700000000171e-02
-7.749414400000000092e-02
-1.283637900000000054e-01
-5.270336799999999870e-03
1.076347799999999993e-02
-1.463767049999999993e-02
5.884977999999999911e-03
-4.777192000000000244e-02
5.111127000000000031e-03
3.128548999999999913e-02
-6.815520999999999732e-03
2.736142999999999909e-02
-6.598922999999999595e-02
-7.908054400000000261e-02
3.291506300000000135e-02
5.127630799999999961e-02
1.394187099999999978e-02
4.567749000000000115e-02
-2.104008799999999933e-03
-2.461988700000000002e-02
1.312847399999999935e-02
-1.371084699999999997e-02
2.183570899999999829e-02
-2.881217999999999974e-02
7.343774999999999869e-04
1.623718400000000173e-02
9.043785000000000018e-02
-3.062315300000000018e-02
5.370907500000000195e-02
5.003981700000000032e-02
9.550055000000000002e-03
-2.302906500000000134e-02
-3.612069400000000180e-02
-2.324490599999999921e-02
-1.450858799999999935e-02
2.557320500000000163e-02
-2.943385999999999919e-02
2.276022200000000009e-02
1.726354999999999904e-02
8.072515000000000593e-03
3.228156000000000081e-02
8.360346999999999917e-02
3.492134000000000210e-02
-2.258109700000000136e-02
5.876499400000000095e-02
-1.105660900000000023e-02
-4.108176399999999978e-02
-6.827728499999999312e-02
3.098822600000000066e-02
-2.045548300000000000e-02
-4.492467299999999830e-02
3.684962499999999697e-02
2.820305299999999876e-02
-3.004151199999999938e-02
-3.628475600000000134e-02
-5.645424500000000012e-02
9.018590999999999414e-03
3.238275000000000181e-02
-3.101247000000000031e-02
-1.563163100000000000e-02
3.375086199999999953e-02
7.454592000000000336e-03
-2.179284600000000113e-02
4.199279499999999943e-02
-1.814535800000000032e-02
6.852574999999999639e-03
-4.539226700000000003e-02
-1.598779000000000172e-02
7.317366999999999622e-02
-5.267121300000000145e-02
-3.348924999999999819e-02
-1.512077199999999934e-02
-7.678625999999999507e-02
2.049224599999999868e-02
-1.865691300000000066e-02
-5.946571400000000285e-02
-6.509352999999999667e-02
-7.162490000000000523e-02
-7.438649999999999429e-02
-1.716163999999999884e-02
1.636767199999999978e-02
-1.378160200000000087e-03
-2.684148000000000089e-02
-4.465689500000000201e-02
1.893514900000000040e-04
5.551941700000000146e-02
-9.148246999999999976e-03
3.497459399999999774e-02
-8.192269000000000634e-02
3.395810700000000126e-02
2.426917399999999926e-03
4.448877600000000071e-02
4.653389799999999715e-02
2.559741800000000025e-02
2.561876700000000062e-02
1.122329499999999945e-02
-2.913841000000000001e-02
-1.103147399999999945e-02
2.428537999999999877e-02
7.305136000000000268e-03
7.196458000000000022e-02
-5.053197500000000328e-03
-4.728208299999999906e-03
3.577753499999999920e-02
-6.174191999999999875e-02
5.663122200000000189e-02
4.666399999999999715e-02
3.605137399999999714e-02
-2.841521799999999903e-02
2.751780200000000180e-03
3.581991999999999815e-02
2.554392700000000186e-03
-4.931148999999999949e-02
3.674704000000000165e-02
2.027193299999999893e-02
-6.339859999999999940e-02
-3.692687000000000053e-02
-3.096787299999999993e-02
-3.255132000000000164e-02
3.881702599999999753e-02
2.348635500000000043e-02
3.054693500000000075e-02
7.794229300000000277e-03
4.834475399999999673e-02
-5.685228999999999977e-02
7.223725000000000285e-02
1.922508699999999834e-02
-2.099067900000000167e-02
2.590140100000000098e-02
-6.132292000000000342e-05
-3.988038399999999789e-02
-5.980277800000000088e-02
3.329072999999999755e-02
1.617991200000000115e-02
-7.243460399999999966e-02
-2.198036799999999839e-03
1.087662999999999998e-02
1.961844999999999908e-02
-4.405484999999999957e-02
-3.977212699999999740e-02
1.706573000000000118e-02
3.287484000000000239e-02
-2.529222299999999909e-02
-6.749118699999999936e-03
-3.913983000000000045e-02
7.495144999999999932e-03
2.968306400000000119e-03
2.200776299999999963e-02
2.269422299999999948e-02
4.115338000000000329e-02
-2.846210999999999880e-02
6.114198600000000233e-02
1.739007399999999842e-02
-1.967595299999999950e-02
7.014837599999999666e-03
6.763364999999999915e-04
-2.724358600000000019e-02
-6.779405500000000584e-02
3.533765299999999665e-02
-2.016496499999999997e-02
2.456336699999999915e-02
4.052074000000000127e-03
3.003036400000000036e-02
1.511715349999999923e-02
1.697633800000000054e-02
4.458526000000000156e-02
-3.165256999999999793e-02
-2.058641999999999850e-03
-4.137593500000000257e-02
-5.822729000000000099e-02
-5.221557999999999755e-02
-2.051717800000000050e-02
-2.407721800000000092e-02
1.248739999999999919e-02
-3.479949000000000237e-02
3.972404499999999949e-02
-3.825999000000000067e-03
-6.494295999999999403e-02
8.324945999999999735e-03
-6.252520999999999600e-03
2.441548400000000119e-02
-1.845189500000000071e-03
2.730052200000000068e-02
-2.376058899999999863e-02
-3.152768999999999711e-02
3.416189599999999715e-02
2.136665000000000092e-02
-1.188174000000000001e-02
-3.090025899999999937e-02
2.988951700000000086e-02
-1.709522899999999998e-02
-8.647609500000000065e-04
1.398007300000000085e-02
-4.274862400000000069e-03
-6.145440800000000203e-02
3.666497999999999979e-02
1.073279299999999915e-02
-3.427337999999999912e-02
-8.807900999999999925e-02
2.807431700000000141e-02
1.113661999999999985e-02
5.772098500000000243e-02
4.421033299999999749e-02
-2.932208600000000068e-02
-3.656920799999999888e-02
8.816918000000000140e-05
2.156243799999999974e-02
-8.048513999999999668e-02
5.988815799999999689e-02
-3.706577999999999956e-02
-7.005788399999999909e-03
-2.436285700000000165e-02
3.613151600000000241e-02
-5.181301000000000136e-03
3.519709499999999942e-03
2.847190800000000063e-02
4.098070000000000185e-02
-2.150167500000000134e-02
-2.185432400000000136e-02
-3.369566799999999807e-02
-3.269501999999999825e-02
-9.796742999999999424e-02
-1.079800199999999925e-02
4.311951599999999662e-02
3.274794999999999789e-02
1.607340000000000158e-02
-5.633789000000000158e-03
-3.885229999999999934e-02
-2.526471000000000185e-03
7.597930999999999609e-03
-2.188540300000000119e-02
2.485325000000000034e-02
-3.857051200000000124e-02
1.844638800000000106e-02
-7.039163999999999664e-03
2.256673000000000012e-02
-3.363609000000000043e-02
3.407654000000000238e-02
-5.511564399999999836e-02
1.028664299999999983e-02
-3.698977500000000251e-02
-6.852613000000000454e-02
-2.149687499999999862e-02
8.025071999999999761e-02
1.085231799999999969e-02
5.292462000000000381e-03
6.124596000000000380e-03
4.120075299999999968e-02
-1.181128300000000055e-02
1.635396899999999945e-02
-4.302853300000000075e-02
-7.279163600000000678e-02
-5.127372999999999653e-02
5.199060299999999808e-03
1.065424799999999984e-02
3.851460999999999774e-02
6.070528000000000035e-02
1.502505500000000070e-02
-3.335051199999999882e-02
-6.239317399999999569e-03
3.641540599999999739e-02
6.967141500000000043e-02
2.270609000000000169e-02
4.666807000000000247e-03
2.795169700000000104e-02
-4.993646000000000022e-03
7.906266500000000072e-03
-1.910345999999999919e-02
5.104466500000000295e-02
5.555700000000000222e-02
3.614313000000000248e-02
3.872959699999999755e-02
3.554340999999999751e-02
-2.041083800000000059e-02
-4.770358000000000237e-02
-6.856282000000000001e-03
2.957807499999999881e-02
-2.614467399999999796e-03
-3.345592399999999800e-03
3.256281500000000190e-02
-2.753148399999999843e-02
-6.300037999999999472e-02
1.478703500000000046e-02
-4.265713699999999775e-02
-1.697309099999999918e-02
-1.789493699999999965e-02
-4.098020000000000135e-02
-2.954932099999999992e-02
6.925573600000000177e-03
-2.938603999999999869e-02
4.794094699999999765e-02
-8.252254000000000533e-02
1.369159300000000017e-02
-4.110970299999999744e-02
-4.577299199999999846e-02
-2.146674900000000025e-02
4.436099000000000292e-02
-1.649513099999999968e-02
2.010751699999999836e-02
-2.766605000000000106e-02
5.446050999999999670e-02
2.148524099999999867e-02
8.228268500000000124e-03
1.883119200000000007e-03
1.032808699999999968e-02
3.988843799999999828e-02
-2.505206000000000099e-02
3.937174000000000229e-02
-6.551577999999999569e-02
3.889168999999999959e-02
-1.156382450000000006e-02
9.693968999999999503e-02
4.162489400000000256e-03
-6.204149999999999943e-02
6.218287699999999751e-02
-6.944563699999999756e-03
-5.098224600000000363e-03
-2.131649700000000022e-02
3.684463700000000148e-04
-3.325360599999999806e-02
-1.614898600000000059e-02
2.821924500000000044e-02
4.011444699999999752e-02
4.596796599999999899e-02
6.046622000000000108e-02
3.353513799999999906e-02
2.364843999999999974e-02
3.139997600000000305e-02
1.546871499999999920e-02
-4.142854399999999770e-02
-5.728645599999999949e-02
-2.684895299999999832e-02
2.081569100000000075e-02
1.263870400000000060e-02
-1.196789300000000028e-02
2.813581000000000068e-02
2.928003699999999834e-02
-2.730048300000000039e-02
6.736970000000000458e-02
-3.205055400000000193e-02
1.165493400000000047e-02
4.504454000000000097e-02
-4.890597000000000000e-02
-1.609617699999999971e-02
4.210962000000000038e-02
5.061003599999999714e-02
2.824064999999999909e-02
5.902315300000000181e-02
-1.559358700000000077e-02
-1.071103300000000001e-03
2.069946300000000074e-04
-4.325245000000000131e-03
2.155151599999999973e-02
-1.341188800000000028e-02
-1.899170299999999867e-02
1.109317299999999958e-02
-9.142832000000000042e-03
5.912139000000000283e-03
-7.053001999999999883e-02
-8.162748000000000226e-02
3.874516499999999808e-02
-6.936704699999999939e-03
4.471122000000000291e-02
-4.291296800000000272e-02
-1.446600800000000069e-02
-4.865498000000000045e-02
-7.185551000000000091e-03
4.328216599999999692e-02
2.222968300000000008e-02
-4.228633400000000007e-03
-1.146970800000000033e-02
-4.775909300000000246e-02
3.721073600000000120e-02
2.494168000000000079e-02
2.129908800000000074e-02
2.950303799999999879e-02
1.458555700000000073e-02
8.396744000000000430e-02
9.604249999999999940e-03
-2.257157900000000134e-02
-1.116821100000000080e-02
2.331402700000000106e-02
6.645116000000000391e-03
-1.196633499999999982e-02
-1.162124200000000038e-02
-5.865115700000000411e-03
-1.837491999999999945e-02
-5.689849300000000137e-02
3.225367999999999985e-02
3.383772000000000169e-02
-4.330461399999999995e-03
-1.802150500000000016e-02
2.361741800000000113e-02
-3.625049000000000327e-02
-8.848280999999999724e-04
2.703133599999999956e-02
2.095561300000000141e-02
-1.340035600000000042e-02
-1.277474500000000054e-02
3.296682199999999979e-02
-3.430422499999999765e-04
8.222965999999999609e-02
-3.661227000000000231e-02
-4.523093999999999726e-02
5.330759699999999823e-02
6.932676999999999590e-02
1.575348899999999899e-02
-6.383945000000000591e-02
-3.742896999999999891e-02
-9.117221000000000006e-03
1.967549099999999981e-02
-6.719761999999999957e-02
-1.408069099999999935e-02
4.376114500000000129e-02
6.134869000000000260e-03
7.097154399999999752e-03
-3.773288000000000336e-02
4.283295200000000053e-02
1.112254499999999931e-02
-6.440999999999999504e-02
-2.472452799999999909e-02
3.869077199999999914e-03
1.693307000000000145e-02
-3.757772999999999669e-02
3.494711600000000029e-02
5.995954999999999861e-03
-7.336860500000000340e-03
5.099095399999999806e-03
-7.038100999999999732e-03
-1.245836799999999918e-02
9.964963999999999766e-03
5.474221299999999790e-02
-5.893836000000000387e-03
1.591702499999999914e-03
-4.475040999999999915e-03
1.348064099999999980e-02
6.006539000000000322e-02
3.178214699999999671e-02
3.272406800000000199e-02
9.608003999999999850e-03
4.909680000000000294e-02
5.138448600000000005e-02
2.400132399999999836e-03
5.622352700000000231e-02
1.173376899999999980e-02
5.581437000000000204e-02
3.252069700000000119e-02
1.086151500000000041e-02
1.888965999999999909e-02
3.849882599999999988e-02
4.484798799999999835e-02
9.422840999999999509e-03
7.156503000000000170e-02
-2.721546600000000066e-02
5.199490500000000098e-02
-4.167706499999999925e-02
-2.201063400000000114e-02
-4.189322999999999658e-02
-1.150777700000000028e-02
1.889244699999999971e-02
-5.562389299999999717e-03
5.693415000000000281e-02
-2.400882000000000016e-02
-9.863283000000000467e-03
-3.528867299999999957e-02
6.433139000000000218e-02
-5.347443999999999809e-02
2.715918999999999799e-03
-2.866836000000000037e-02
-3.312310000000000254e-02
-2.524415199999999887e-02
-2.074005500000000030e-02
4.084022699999999978e-02
-1.314276200000000054e-02
-1.997087600000000025e-03
1.250066600000000056e-02
-1.421565399999999944e-02
4.191195999999999811e-02
-3.058148999999999937e-02
3.999426200000000264e-02
-1.398548299999999994e-02
-7.325125500000000123e-02
3.532972999999999669e-02
5.721864000000000117e-02
3.585125000000000117e-02
-1.047740999999999950e-02
-9.845760999999999749e-03
9.426280999999999896e-03
3.487858499999999667e-02
-1.420335500000000084e-02
-3.345771000000000162e-02
1.740388000000000004e-02
5.281570999999999662e-03
1.103258000000000016e-02
-8.783037000000000483e-03
-5.972117699999999682e-03
2.833295799999999837e-02
4.475946500000000348e-03
-4.877463700000000263e-02
4.178412299999999940e-02
-3.365985300000000346e-02
-5.641667499999999946e-02
3.991142999999999774e-02
1.673873000000000028e-02
8.034173999999999830e-03
4.076126199999999949e-02
-5.595524000000000331e-02
3.732266000000000056e-02
-1.328278150000000019e-02
-2.743301700000000051e-02
-4.710237700000000083e-02
-5.497470499999999871e-02
-4.993125400000000130e-02
-2.030968099999999957e-02
2.795396600000000023e-02
-1.675586800000000015e-02
3.439580999999999888e-02
-4.285691700000000132e-02
-3.444621700000000120e-02
-6.025583300000000170e-02
-7.336601999999999794e-04
-4.682729800000000331e-02
-3.166969499999999771e-02
1.013489700000000035e-02
2.103225900000000106e-02
4.800458300000000063e-04
4.804234599999999966e-02
2.640253999999999865e-02
-2.046874000000000176e-03
-2.313349199999999856e-02
-6.898857700000000231e-03
1.990178999999999906e-02
1.647560500000000080e-02
4.057974000000000303e-02
-5.555559300000000034e-02
-2.116204600000000033e-02
-4.254499499999999865e-03
4.285428699999999785e-02
-4.806292399999999992e-02
-5.524762700000000054e-02
-4.041687000000000057e-02
-2.902998999999999857e-02
2.504978999999999886e-02
1.541355600000000013e-02
-1.417233700000000013e-02
1.767484299999999911e-02
4.345460000000000295e-02
6.006423799999999896e-02
-1.696867100000000114e-02
6.376042000000000168e-03
6.923481999999999900e-03
2.190449499999999952e-02
-4.968724000000000057e-02
2.495269000000000046e-03
2.911571599999999982e-02
6.386206999999999648e-03
6.030963000000000296e-02
-4.027553600000000067e-02
2.584302800000000053e-02
-5.745554299999999781e-02
-3.007077000000000014e-02
-3.322118700000000011e-04
-2.802729600000000015e-02
-1.026446399999999919e-02
-8.622961999999999641e-03
8.561538500000000218e-03
-1.028067700000000022e-02
1.327481999999999968e-02
2.148486000000000146e-02
-3.789001699999999806e-02
2.942266899999999852e-02
-4.945545999999999970e-02
1.879891200000000095e-02
3.735272400000000121e-03
-2.440320699999999968e-02
3.486632600000000304e-02
-1.098200300000000060e-02
4.646779599999999958e-04
1.119664299999999918e-02
3.003677800000000009e-03
-1.997488199999999936e-02
8.556304500000000424e-03
4.574560700000000063e-02
-6.539699399999999996e-02
1.803763599999999925e-02
8.215619999999999867e-03
3.161595400000000167e-02
2.586345699999999942e-02
-5.295038199999999723e-02
-4.329114999999999699e-03
-6.731001000000000345e-03
3.929952500000000182e-02
1.507466300000000030e-02
1.325796700000000071e-02
3.707598499999999880e-02
-1.256446599999999983e-02
-5.432143799999999967e-02
-2.128781199999999971e-02
5.813277499999999764e-02
9.945630999999999916e-03
1.149409299999999967e-01
1.418202600000000122e-04
1.330304000000000035e-02
-1.400873099999999996e-02
2.160101600000000066e-02
-2.937982199999999988e-02
-3.971077499999999677e-02
-1.915004000000000012e-02
-2.020718300000000009e-03
7.680125500000000056e-03
-4.227885599999999661e-02
4.363091300000000033e-02
4.139413299999999962e-02
1.962738899999999856e-02
4.565695000000000170e-02
-6.580510000000000526e-02
4.184410699999999844e-02
4.617696999999999774e-02
-8.082610999999999962e-03
1.302934900000000083e-02
2.961021100000000086e-02
3.232501399999999914e-02
4.395152299999999929e-02
3.879738600000000315e-02
-1.964721799999999841e-03
7.247940499999999675e-02
6.217890400000000359e-03
2.625018200000000038e-02
5.609931399999999735e-02
1.078280000000000037e-03
8.170797999999999950e-03
-3.148149699999999718e-02
-2.381954899999999889e-02
-5.856085999999999930e-02
3.341153000000000178e-02
2.679330099999999854e-02
5.645665000000000232e-03
-3.745244400000000140e-02
-4.164998000000000311e-02
9.697285499999999669e-03
-3.044403199999999934e-02
2.356815199999999846e-02
-2.930512299999999890e-02
-3.041502600000000126e-02
2.995990600000000142e-02
3.787375600000000148e-02
-3.159164300000000258e-02
-2.576435200000000078e-02
-2.691751900000000086e-02
-6.278238700000000026e-03
9.464603000000000252e-03
-3.573938499999999852e-02
3.325041999999999841e-03
2.497901400000000077e-02
-1.198023399999999933e-02
-7.107481000000000215e-02
1.101344800000000033e-03
-2.793309799999999996e-02
-3.984283699999999727e-03
2.073176399999999975e-02
1.468263900000000080e-02
-2.982025599999999985e-02
-4.755203999999999681e-02
3.449060000000000320e-02
-4.974085399999999754e-03
2.545167699999999894e-02
8.261314999999999631e-02
9.344134500000000204e-03
-3.050136800000000092e-02
-4.487097000000000308e-02
2.005072499999999841e-02
4.085266600000000276e-02
-5.039822299999999894e-02
