4.074945299999999798e-02
5.690424499999999913e-02
-5.357730000000000131e-02
-1.022025200000000085e-02
1.254471199999999953e-02
6.108460999999999752e-02
9.530007999999999535e-03
3.414953999999999906e-02
-2.063312399999999922e-02
-1.546279299999999898e-03
4.207071700000000053e-02
7.981362000000000179e-02
1.157833500000000036e-02
1.463255299999999953e-02
2.397822599999999832e-02
-1.612530300000000055e-02
5.317744600000000321e-02
4.271669699999999792e-02
-1.998810100000000117e-02
-2.061222000000000054e-02
-4.649378400000000328e-02
1.947180399999999881e-02
5.022671499999999990e-03
-8.467409999999999867e-03
-1.759428000000000034e-02
-5.688609599999999711e-02
-7.576270500000000137e-03
-5.166686999999999669e-02
3.381710000000000271e-02
-9.872675999999999674e-02
5.297174000000000327e-02
5.781667699999999688e-02
1.474588299999999956e-02
-3.619478000000000278e-02
6.785256400000000410e-02
1.873157400000000083e-02
-9.526602999999999807e-03
1.728406399999999829e-02
1.390231999999999926e-02
-6.744323000000000679e-02
-3.158489600000000119e-02
-4.061196999999999724e-02
2.261154400000000078e-02
1.430525099999999973e-02
-4.752653999999999906e-02
-6.378168600000000410e-02
-2.319658999999999957e-02
-1.097446300000000027e-02
-2.158289799999999967e-02
4.806360999999999967e-02
1.850245099999999962e-02
1.415834300000000032e-02
-2.396651500000000073e-02
1.078280900000000084e-02
-2.947097599999999856e-03
-7.081352000000000479e-02
-1.986850600000000105e-02
-2.999488299999999996e-02
2.397598700000000069e-02
-4.889833999999999847e-02
1.635480699999999942e-03
-5.744790999999999787e-02
1.613148899999999886e-02
-4.775982699999999775e-02
1.733145700000000150e-02
-7.118048500000000167e-02
-1.696126699999999862e-02
-3.307592000000000171e-02
-9.038791999999999660e-02
9.989900499999999212e-03
-4.735297500000000027e-03
1.567734000000000141e-02
-2.128480699999999934e-02
-2.876537399999999894e-03
-7.776133299999999846e-03
-1.901730300000000016e-03
2.122698399999999822e-03
-4.092376699999999978e-02
1.854195800000000074e-02
4.482518999999999913e-03
-3.606336999999999737e-02
-1.484272600000000053e-02
2.960362500000000147e-02
4.690702299999999908e-02
-1.693936600000000041e-03
5.523619400000000235e-02
1.394724599999999995e-02
-3.160364999999999702e-02
-6.339361000000000301e-02
-1.475403500000000041e-02
1.124194800000000022e-01
2.129425299999999910e-02
1.096148599999999945e-02
1.596898600000000099e-02
6.357138599999999362e-02
-3.153116300000000094e-02
-9.040386999999999729e-02
-1.102744100000000033e-01
8.758244000000000098e-03
8.954363999999999379e-03
9.921726999999999977e-03
-9.444568999999999881e-03
-2.961750799999999812e-03
-1.227474400000000063e-02
5.075769000000000114e-02
1.755740899999999952e-02
-3.061378000000000016e-03
-7.822086999999999790e-02
-8.680293000000000037e-02
4.845619200000000210e-02
8.273212600000000305e-02
3.065377700000000011e-02
1.643383699999999975e-02
-3.454676300000000116e-02
-2.224327599999999933e-02
-1.496765400000000037e-02
-1.313174100000000059e-02
2.569831300000000041e-02
-5.404544199999999909e-02
-1.339428999999999967e-02
2.670487800000000134e-02
5.066721500000000156e-02
-9.614644999999999789e-03
5.527442300000000308e-02
4.184301199999999887e-02
-6.443650999999999676e-04
1.708830100000000018e-02
-3.548940600000000112e-02
-2.446737100000000165e-02
-1.187824300000000013e-02
3.168728600000000201e-02
-3.892835599999999729e-02
7.898950999999999542e-03
2.715440800000000141e-02
7.918826000000000337e-03
1.605539400000000061e-02
5.435610600000000125e-02
4.456737999999999672e-02
-1.224788500000000002e-02
3.602224600000000082e-02
-1.818320899999999879e-02
-7.848835000000000187e-03
-7.641663399999999717e-02
-5.305946300000000289e-03
-5.543492399999999654e-02
-6.670597000000000332e-02
2.904323900000000194e-03
5.108338600000000146e-02
1.495082300000000024e-02
-3.067875800000000042e-02
-5.507594999999999852e-02
-5.843980200000000423e-03
5.798283600000000287e-02
-7.128458499999999580e-03
-2.941116300000000058e-02
5.644103000000000314e-02
2.432378199999999865e-02
-1.037504900000000077e-02
2.699164000000000077e-02
-1.550793999999999957e-02
2.220353699999999889e-02
-5.268127000000000226e-02
-1.566236099999999964e-02
5.081390000000000212e-02
-4.984986999999999752e-02
-3.367577499999999807e-02
-1.661177700000000118e-02
-5.706422399999999673e-02
2.305320799999999865e-02
4.362037000000000032e-03
-2.738851700000000111e-02
-5.194767000000000134e-02
-4.044891500000000195e-02
-1.037807540000000028e-01
-1.198857099999999995e-02
3.106333000000000011e-02
-8.500317000000000289e-03
-9.764470000000000788e-03
-4.410144299999999712e-02
-3.492219700000000204e-02
5.909242499999999704e-02
-2.059820100000000001e-02
2.694660600000000142e-02
-6.157224000000000030e-02
-7.713881300000000225e-03
3.044879999999999809e-03
3.947698699999999811e-02
4.043422599999999673e-02
1.253835399999999982e-02
4.943256499999999776e-02
-4.659344999999999633e-03
-1.887951400000000002e-02
-1.564515000000000003e-02
2.694669699999999862e-02
1.273235500000000076e-02
6.735778600000000282e-02
7.391683300000000123e-03
-3.302925999999999866e-03
-1.862648000000000081e-02
-4.688082300000000202e-02
5.430634000000000156e-02
2.392407499999999951e-02
6.428354999999999486e-02
-4.253882999999999970e-03
-1.067541299999999992e-02
5.160377499999999756e-02
-1.335196699999999931e-02
-3.151880199999999854e-02
3.392153600000000213e-02
8.910792000000000712e-03
-5.500400400000000217e-02
-5.369231499999999740e-02
6.710273999999999579e-03
-2.122220800000000022e-03
4.184889800000000243e-02
1.614919500000000160e-02
4.448521500000000156e-02
1.872477900000000042e-02
5.558800700000000178e-02
-3.186337000000000197e-02
5.867527799999999738e-02
5.335628999999999936e-04
-1.683178700000000083e-02
5.735169400000000167e-02
-1.402605500000000081e-02
-3.402686199999999887e-03
-5.287112000000000062e-02
1.426175099999999960e-02
1.283601900000000059e-02
-5.311578000000000133e-02
-1.890112500000000126e-02
1.749536800000000072e-02
1.985295700000000007e-03
-2.244596999999999912e-02
-5.472397400000000162e-02
1.976008300000000120e-02
2.586245499999999947e-02
-3.038635500000000031e-02
-2.303236200000000067e-02
-1.845749000000000001e-02
8.009588999999999251e-03
2.392771700000000112e-02
8.811019999999999269e-03
-3.868922000000000225e-04
3.726729000000000153e-02
-3.539536499999999808e-02
5.193683999999999801e-02
2.157847400000000027e-02
-1.481744899999999990e-02
9.805273999999999240e-03
-5.757604999999999841e-03
-3.709802000000000238e-02
-5.635284599999999811e-02
1.933724800000000132e-02
-2.563564700000000099e-02
3.107800000000000146e-02
1.575814400000000171e-02
4.506080600000000186e-02
-4.148632299999999856e-03
1.582947599999999858e-02
4.559166399999999703e-02
-1.660052500000000139e-02
2.025105799999999887e-02
-3.425990799999999864e-02
-4.446597399999999839e-02
-7.629708999999999797e-02
-1.058000899999999959e-02
-1.189829499999999970e-02
1.432415499999999987e-02
-4.316903999999999880e-02
3.519570500000000074e-02
-2.543290999999999955e-02
-5.359151599999999877e-02
-2.879116699999999945e-02
-1.131657099999999923e-02
1.830984100000000031e-02
-1.627739900000000142e-02
3.045922100000000160e-02
-4.992454000000000336e-02
-4.842981300000000211e-02
3.722261600000000004e-02
-2.051698399999999853e-02
-2.561337099999999936e-02
-2.933894000000000085e-02
-2.472076000000000134e-03
6.013796000000000072e-03
-8.129063000000000608e-03
-9.981324999999999226e-03
-7.500801999999999990e-03
-4.970262999999999765e-02
4.033281699999999997e-02
3.263464199999999843e-02
-2.980917699999999920e-02
-8.251221000000000250e-02
8.269891999999999174e-03
-6.118939700000000127e-03
5.583777699999999816e-02
5.706981199999999754e-02
-3.243316300000000096e-02
-4.038249700000000331e-02
8.574836000000000177e-04
1.786996199999999965e-02
-7.319087000000000509e-02
3.069492399999999843e-02
-2.737126700000000121e-02
2.535266799999999834e-03
-4.633246700000000218e-02
8.496078000000000657e-03
-1.187459499999999994e-02
2.326803499999999941e-02
3.932691399999999754e-02
3.693631299999999840e-02
-3.495504299999999814e-02
-7.421581000000000011e-03
-4.356954999999999856e-02
-2.973956399999999958e-02
-1.157623160000000040e-01
-1.586538200000000079e-02
2.968056900000000040e-02
4.197117000000000209e-02
3.037810900000000036e-02
6.306442399999999913e-03
-2.328645600000000052e-02
6.437578999999999914e-04
2.919278700000000129e-02
-1.879038099999999836e-02
1.958014300000000124e-02
-1.000806299999999933e-02
3.249811999999999840e-02
-1.617599999999999941e-02
1.441298799999999984e-02
-4.579897000000000135e-02
1.697811999999999932e-02
-5.252368000000000314e-02
1.605722299999999894e-02
-2.602098099999999858e-02
-3.144538000000000194e-02
1.613912699999999964e-02
7.544520000000000393e-02
6.838112000000000357e-03
9.032454999999999564e-04
2.125356200000000015e-02
5.491163200000000189e-02
8.363509999999999348e-03
1.062354499999999986e-02
-3.994343399999999988e-02
-5.767231400000000230e-02
-2.272397300000000148e-02
-6.996488000000000360e-04
3.147393500000000149e-02
2.841934000000000127e-02
7.079138999999999571e-02
3.589864599999999998e-04
3.490597499999999968e-03
-7.974749999999999200e-03
6.200549799999999917e-02
3.363100799999999696e-02
3.903278300000000145e-02
3.700366199999999967e-02
1.722460599999999994e-02
5.653158800000000414e-03
2.357360699999999989e-02
-4.695769399999999948e-03
4.178511000000000031e-02
6.110838799999999960e-02
2.911731399999999831e-02
5.892849000000000004e-02
4.539363999999999899e-02
-1.201547900000000078e-02
-3.205046400000000073e-02
-3.308962700000000340e-02
4.147054599999999702e-02
1.800134000000000109e-02
2.773157899999999926e-02
2.094095799999999910e-02
-2.809735000000000010e-02
-2.498347299999999910e-02
6.796008000000000084e-03
-1.908264999999999961e-02
-9.961588000000000387e-03
-1.984486400000000025e-02
-4.257379499999999761e-02
-3.255265999999999715e-02
1.655576799999999849e-02
-2.416329000000000046e-02
4.248620599999999858e-02
-9.243036000000000307e-02
1.716871899999999895e-03
-1.320734600000000002e-02
-1.760318300000000141e-02
-3.730350999999999806e-02
3.152552000000000132e-02
1.525112300000000011e-02
2.725953999999999877e-02
-3.731368999999999658e-02
5.036802600000000324e-02
1.607018500000000072e-02
3.798024699999999910e-03
6.947453999999999609e-03
-1.199051699999999915e-02
2.863832399999999972e-02
-1.195200700000000060e-02
1.382324499999999963e-02
-4.279288600000000220e-02
1.884459299999999976e-02
-2.364083399999999946e-02
9.668187999999999782e-02
6.528997299999999594e-03
-5.807656800000000202e-02
5.659991000000000327e-02
-1.562708000000000153e-02
-2.555562200000000006e-02
-2.991606299999999968e-02
-2.701245499999999859e-03
-2.935917999999999861e-02
-3.189161799999999658e-02
2.189243600000000123e-02
5.814438699999999703e-03
3.812423300000000043e-02
6.093661999999999690e-02
2.435359200000000029e-02
5.288388000000000116e-02
3.193522199999999922e-02
1.384642300000000006e-02
-7.314433999999999866e-03
-5.267179799999999884e-02
-4.057938600000000201e-02
2.333120799999999911e-02
1.165839200000000006e-02
-3.449557999999999791e-02
2.642578599999999972e-02
7.931317000000000228e-03
-4.846827299999999922e-02
6.717157999999999463e-02
-3.033365999999999840e-02
3.902507599999999882e-02
4.150532600000000211e-02
-2.600471500000000203e-03
-2.083408499999999872e-02
5.431171500000000346e-02
4.576655000000000306e-02
3.399757999999999947e-02
6.260309999999999486e-02
-5.302944999999999881e-03
-3.169780199999999715e-02
-9.196324999999999986e-03
-5.286820999999999708e-03
4.777972600000000326e-03
4.274703599999999694e-03
-1.285904700000000019e-02
-9.800836999999999744e-03
-9.418895999999999519e-03
1.524819600000000032e-02
-6.031453199999999709e-02
-7.401307999999999498e-02
4.830486700000000133e-02
9.263020999999999755e-04
2.707715499999999859e-02
-1.664567999999999950e-02
2.067905399999999793e-03
-6.638136499999999773e-02
-1.026589600000000005e-02
2.757452000000000167e-02
1.265517099999999978e-02
-4.641834999999999711e-02
-2.303046400000000136e-03
-1.853355599999999964e-02
4.297107000000000010e-02
3.565252000000000004e-02
2.432117400000000096e-02
4.319113000000000119e-02
1.052337400000000027e-02
6.502479999999999372e-02
1.170192000000000020e-03
-4.748680000000000262e-02
-2.052311000000000066e-02
3.656444300000000203e-02
1.623478700000000052e-02
1.678753300000000032e-02
-1.688888700000000173e-02
-1.281889200000000013e-02
-1.845029399999999903e-02
-4.886120000000000047e-02
7.177290000000000232e-03
1.726842899999999834e-02
-6.770385999999999765e-03
2.064201599999999914e-02
3.612200000000000133e-02
-2.421791499999999958e-02
-1.615488500000000077e-02
2.171018300000000095e-02
1.521128799999999989e-02
-1.343800199999999989e-04
-8.107203000000000326e-03
3.873782199999999815e-02
-1.105875150000000008e-02
4.151255999999999696e-02
-3.232932000000000167e-02
-7.706518499999999439e-02
6.171541700000000158e-02
6.109337499999999838e-02
2.894686499999999871e-02
-6.259028599999999498e-02
-3.916153299999999837e-02
-1.730610999999999955e-02
3.536223399999999933e-03
-6.875435000000000574e-02
-3.302271700000000004e-02
5.068162999999999835e-02
-2.344988300000000209e-03
-3.465930999999999786e-03
-4.601039400000000307e-02
3.031740299999999971e-02
-1.770920999999999954e-03
-4.557267599999999946e-02
-7.374185000000000115e-03
-3.427295000000000341e-02
1.560937899999999962e-02
-4.457046499999999661e-02
3.918060699999999924e-02
1.554148500000000072e-02
-2.892873600000000003e-02
-2.029098000000000013e-02
-3.134421300000000184e-03
-2.059634299999999960e-03
1.460327999999999973e-02
5.690877999999999909e-02
-3.814593399999999940e-03
8.001451999999999176e-03
-1.864505699999999960e-02
-4.479180999999999614e-03
6.394782000000000244e-02
1.234185600000000001e-02
5.116960400000000048e-02
2.758380800000000133e-02
4.516382000000000035e-02
5.391224499999999753e-02
-3.528589000000000031e-02
5.714208600000000166e-02
2.009736999999999982e-02
5.129001700000000025e-02
4.592604200000000025e-02
6.305734599999999676e-03
1.705241199999999943e-02
6.218865500000000240e-02
5.971227600000000163e-02
-8.965305000000000724e-06
7.296484000000000303e-02
-3.674280600000000285e-02
4.768912499999999888e-02
-4.666325400000000123e-02
-2.872949799999999915e-02
-3.515837299999999971e-02
-1.369646400000000021e-02
2.259974400000000147e-02
-1.933214800000000039e-02
4.744327999999999740e-02
-1.859906500000000143e-02
-3.240677000000000141e-02
-1.832959400000000114e-02
4.380289500000000141e-02
-3.064932899999999946e-02
-2.416311300000000082e-03
-2.447300800000000096e-02
-2.286593400000000095e-02
-6.859538000000000527e-04
-3.966019300000000330e-02
6.227413600000000077e-02
9.197211000000000275e-03
-1.478040399999999992e-04
-1.814293700000000134e-02
-5.908037299999999853e-02
2.991439599999999935e-02
-2.656481999999999941e-02
5.185110999999999887e-02
-1.732738099999999934e-02
-5.211867399999999678e-02
3.538005000000000316e-02
3.094773600000000000e-02
4.043359700000000168e-02
-4.556268500000000207e-03
-1.779743500000000034e-02
2.577921199999999927e-02
1.141167099999999997e-02
-5.197901300000000099e-03
-2.384256200000000117e-02
1.712284799999999954e-02
-3.506999499999999964e-02
2.606336799999999995e-02
-5.523669000000000148e-03
8.911317000000000196e-03
6.526250400000000070e-03
1.346900600000000038e-02
-5.005734800000000151e-02
3.617765800000000143e-02
-3.482276200000000016e-02
-5.678949999999999970e-02
4.350870500000000168e-02
3.097900699999999938e-02
1.422529600000000012e-02
4.660220400000000124e-02
-6.865691000000000155e-02
5.118328300000000303e-02
1.305681900000000076e-02
-4.174940299999999743e-02
-4.493531199999999809e-02
-4.935750400000000343e-02
-5.363820500000000130e-02
-2.450965299999999930e-02
3.461365599999999872e-03
-1.475384300000000086e-02
4.267053999999999986e-02
-3.361248599999999698e-02
-1.845655599999999896e-02
-7.446026000000000034e-02
-5.837542499999999988e-03
-5.355367999999999934e-02
-4.636950799999999678e-02
1.548122300000000055e-02
2.029565700000000167e-02
-4.820376599999999685e-03
4.368131499999999660e-03
3.221783799999999864e-02
-2.758251699999999997e-03
-3.551962200000000069e-02
6.513797599999999978e-04
4.695977600000000168e-02
-1.140895199999999998e-02
6.349420999999999538e-02
-4.766867999999999800e-02
-2.286140399999999837e-02
6.009635499999999887e-03
8.856804999999999539e-02
-3.538705000000000322e-02
-4.404543300000000189e-02
-4.640419999999999962e-02
-5.833258000000000193e-02
2.729865199999999964e-02
-3.357956999999999956e-03
-2.882457899999999948e-02
2.279443999999999915e-02
6.496693000000000606e-02
8.122805499999999346e-02
1.778280200000000033e-02
-1.195420999999999984e-02
-1.481792049999999979e-02
-3.541162500000000213e-03
-3.882792599999999872e-02
-1.679100099999999984e-02
4.405114999999999725e-02
-8.545644999999999283e-03
4.257883999999999974e-02
-4.915837599999999669e-02
1.494588049999999967e-02
-4.699772599999999662e-02
-9.629965000000000747e-03
1.593307399999999846e-02
-3.971345999999999904e-02
-5.225542500000000291e-03
-1.668384900000000060e-02
2.205927699999999866e-02
-2.405773799999999865e-02
2.717849199999999854e-02
3.998770199999999997e-02
-2.386051399999999933e-02
7.282662700000000315e-03
-6.868426499999999435e-02
-3.044224299999999991e-03
-2.156134100000000123e-02
-6.487901000000000085e-02
1.598270200000000141e-02
-2.042532199999999923e-02
-8.393665999999999280e-03
2.407471799999999842e-02
1.151674899999999974e-02
-2.211813300000000163e-02
4.869337999999999965e-03
1.049052800000000070e-02
-6.515241400000000571e-02
1.276655399999999940e-02
3.284502400000000044e-02
2.861378200000000080e-02
1.708238200000000012e-02
-5.621253300000000203e-02
1.238616099999999970e-02
-2.246428799999999892e-02
5.324340000000000322e-02
-1.687916399999999859e-02
-7.747299499999999763e-03
3.909740200000000332e-02
-1.766124200000000061e-03
-6.750367999999999646e-02
-3.281009000000000009e-02
3.407139000000000001e-02
2.047909200000000082e-02
9.927157999999999816e-02
-2.416407900000000150e-02
1.599565999999999835e-02
-2.086494499999999933e-02
1.857700199999999871e-02
-1.555247799999999979e-02
-3.056299300000000010e-02
-5.728943299999999898e-03
-2.903695400000000024e-02
-2.998445599999999961e-03
-2.245099799999999979e-02
6.844179000000000235e-02
5.195409399999999928e-02
-1.139186600000000049e-02
1.264256499999999971e-02
-8.624869000000000285e-02
1.209568800000000027e-02
4.137142399999999692e-02
-2.107985000000000067e-02
-4.733865000000000295e-03
2.623133500000000146e-02
3.646670999999999940e-02
4.678201299999999729e-02
3.082034399999999952e-02
-6.847737399999999711e-03
3.761007000000000239e-02
9.292887999999999149e-03
5.676467000000000318e-02
6.175060999999999745e-02
1.724910400000000121e-02
1.665371699999999844e-02
-1.623938800000000043e-02
1.162031099999999949e-02
-5.468694000000000333e-02
2.774663299999999971e-02
7.554542000000000028e-03
1.139948099999999950e-02
-3.506940199999999952e-02
-2.165350900000000134e-02
1.420405800000000031e-02
3.590393299999999985e-03
1.919632799999999861e-02
-1.674745600000000084e-02
-1.569884300000000052e-02
1.588967999999999978e-02
4.402084600000000236e-02
-2.193836500000000134e-02
-1.537982799999999990e-02
-3.046760999999999914e-02
-1.672548000000000090e-02
3.773348800000000253e-02
-2.504365100000000011e-02
9.749887500000000221e-03
1.507028799999999939e-02
-4.182939599999999786e-02
-7.027617999999999365e-02
1.187729300000000057e-02
-1.856907500000000086e-02
2.438905800000000165e-02
2.937771399999999922e-02
8.200136999999999704e-03
-3.922138399999999803e-02
-2.344684699999999983e-02
3.773041399999999684e-02
-1.564544000000000004e-02
2.085457199999999831e-02
9.798310000000000353e-02
2.260926600000000113e-03
-1.397055850000000071e-02
-6.130018500000000009e-02
1.781738399999999861e-02
5.179749399999999948e-02
-5.201290000000000080e-02
