7.793476000000000570e-02
1.614856500000000014e-02
-4.232834700000000228e-02
5.700758000000000214e-03
3.736098499999999933e-03
7.897018000000000093e-02
1.180719499999999950e-02
4.346328599999999681e-02
-7.368494800000000011e-03
-1.143914650000000047e-02
4.274701999999999669e-02
5.084689299999999718e-02
6.791882000000000474e-02
3.910016000000000186e-02
3.394039000000000084e-02
-3.370938999999999880e-02
-4.029758600000000026e-04
8.066694000000000642e-02
-5.779871300000000156e-02
6.937725999999999962e-03
-2.077497700000000003e-02
1.560537600000000066e-02
3.545415400000000161e-02
3.094504799999999931e-03
-1.710184000000000010e-02
-3.103032899999999886e-02
-3.804493999999999931e-02
-4.015531800000000234e-02
9.011550000000000116e-03
-7.612017999999999562e-02
6.178741000000000094e-02
3.257643799999999923e-02
3.067693999999999976e-02
1.403450000000000010e-02
6.046596500000000346e-02
1.847745500000000027e-02
-1.567084899999999928e-03
-2.121131700000000037e-02
1.867196999999999954e-02
-1.039563639999999956e-01
1.535433500000000010e-04
-2.030966799999999947e-02
1.047156100000000049e-04
1.944882200000000103e-02
-1.666184899999999941e-02
-4.787808300000000183e-02
-1.884380999999999903e-02
-1.401601900000000022e-03
-2.139647100000000024e-02
4.908425699999999919e-02
-5.696383999999999649e-03
1.499561100000000070e-02
-4.881793999999999717e-02
-3.550761400000000071e-03
-2.801434300000000058e-02
-4.699595000000000161e-02
-3.953531400000000195e-02
-2.729212300000000146e-02
3.397054199999999941e-02
-4.026346699999999723e-02
1.392234200000000074e-02
-2.021364100000000094e-02
-2.550322600000000037e-02
-1.593707100000000057e-02
3.531930199999999687e-02
-4.492364499999999816e-02
8.446669999999999873e-03
-3.046697599999999978e-02
-6.310503000000000640e-02
1.981370899999999879e-02
-3.210142600000000235e-02
1.331642400000000032e-02
-5.439852600000000260e-02
3.199346699999999766e-02
-8.659521999999999359e-03
-6.689104300000000072e-03
-1.047846799999999946e-02
-4.040141599999999902e-03
1.625224399999999902e-02
-1.228064999999999973e-03
-3.556039600000000106e-02
-2.338441999999999951e-02
3.328300000000000008e-02
2.366328599999999865e-02
-4.774155000000000412e-03
2.909263399999999916e-02
-1.333237100000000085e-02
8.634522000000000377e-03
-4.509861400000000214e-02
-2.400807300000000130e-02
9.367387000000000630e-02
2.944609499999999852e-02
-2.795789899999999786e-03
-8.217921499999999296e-03
7.030138399999999455e-02
-1.781680399999999859e-02
-5.098599599999999871e-02
-5.772784699999999880e-02
-2.841823400000000055e-02
-2.064245499999999879e-03
9.747778999999999819e-03
4.880936000000000302e-02
-1.761718500000000048e-02
-4.514536599999999927e-02
5.454091400000000284e-02
1.451457599999999952e-02
-2.578702800000000003e-02
-6.411917500000000047e-02
-6.858572999999999753e-02
2.002912999999999916e-02
2.089746300000000154e-02
-4.463558000000000201e-05
3.296145400000000114e-02
1.242315800000000012e-02
-1.575659199999999982e-02
-3.631252299999999846e-03
-7.584615000000000280e-03
4.130024999999999669e-02
-1.352493400000000061e-02
-2.592747100000000054e-02
1.737084599999999882e-02
8.107678999999999581e-02
-4.937004300000000234e-02
7.823937000000000253e-02
5.697258000000000183e-02
1.771576000000000053e-02
-7.215425400000000274e-03
-1.760422600000000060e-02
-2.004666299999999929e-02
5.562682600000000421e-03
4.025812399999999930e-02
-1.220533900000000081e-02
8.200403999999999680e-03
-1.116809399999999994e-02
-1.147507600000000072e-02
-4.894594000000000375e-03
7.185977000000000336e-02
1.233186899999999921e-03
2.063929499999999848e-02
5.495986299999999769e-02
-1.840599000000000054e-02
-3.063508900000000076e-02
-6.908533000000000035e-02
-1.912805399999999850e-02
-2.644309599999999927e-02
-6.997907000000000433e-02
1.264389200000000033e-02
3.937613999999999698e-02
-6.556761500000000097e-03
-2.663962800000000027e-03
-7.229489000000000054e-02
-2.035884400000000094e-02
5.528918299999999869e-02
-2.424327100000000026e-02
-1.251400100000000029e-02
3.342716400000000226e-02
3.060957799999999840e-02
-2.745699100000000004e-02
2.700733799999999879e-02
-1.572464599999999837e-02
3.008852500000000138e-02
-5.610697700000000232e-02
1.222170799999999953e-02
4.204166000000000153e-02
-4.890768000000000199e-02
-3.581446399999999725e-02
-1.818744500000000000e-02
-8.343013000000000512e-02
1.129612500000000061e-02
-4.933230200000000149e-02
-2.970421499999999909e-02
-1.945728000000000041e-02
-5.213518400000000108e-02
-1.101931260000000024e-01
-2.561288999999999927e-02
9.263919000000000667e-03
3.133303300000000319e-02
-9.068849999999999828e-03
-6.379545500000000091e-02
-2.613599000000000130e-02
4.951923300000000278e-02
5.414345000000000095e-03
-2.269160000000000101e-03
-7.476538400000000417e-02
-1.240147699999999929e-02
-1.112782499999999918e-02
5.696070999999999773e-02
4.273290999999999895e-02
1.260816699999999999e-02
1.871418799999999966e-02
9.274103000000000555e-03
-2.566500199999999926e-02
-1.830384700000000156e-02
-3.753230199999999829e-03
-1.125248499999999957e-02
8.430403499999999939e-02
2.046791300000000077e-02
-3.026984799999999851e-02
-3.546859000000000123e-02
-3.518941600000000114e-02
3.761582399999999909e-02
4.034934600000000121e-02
1.267684900000000045e-02
-1.773172599999999974e-02
-2.522988199999999862e-02
4.393253500000000172e-02
-5.846228000000000188e-03
-5.420737300000000314e-02
-1.231722700000000004e-03
1.590375000000000122e-02
-6.926736000000000004e-02
2.380273500000000195e-03
-2.895832400000000056e-02
-3.339034700000000078e-02
7.463598999999999581e-03
4.007897500000000279e-02
7.486323999999999756e-02
1.485563500000000071e-02
4.737460999999999756e-02
-1.282217299999999921e-02
2.751167900000000069e-02
2.654609800000000061e-02
-1.019764100000000034e-02
6.425804000000000238e-02
-1.064812700000000029e-02
-7.408655399999999891e-02
-9.944282000000000121e-02
2.518786900000000162e-02
1.813943799999999992e-03
-2.852526299999999862e-02
-1.360990400000000079e-02
4.134585999999999817e-02
-2.109736200000000145e-02
-3.226539500000000227e-02
-4.828955000000000053e-02
5.140303000000000233e-02
3.423024999999999679e-02
-3.988212000000000007e-02
-1.522746600000000027e-02
-1.377941799999999987e-02
-1.399248300000000000e-02
1.709062999999999902e-02
1.889660800000000094e-03
1.478469999999999958e-02
2.841794699999999896e-02
-2.925903399999999974e-02
7.148516000000000592e-02
1.358678600000000000e-02
-2.452928399999999842e-02
3.537508999999999793e-02
3.351388500000000020e-02
6.031744000000000341e-03
-2.988560100000000122e-02
2.569687000000000186e-03
-2.476991300000000104e-02
1.794204500000000022e-02
1.938445000000000099e-02
5.969728500000000271e-02
2.765049199999999961e-03
1.171209200000000034e-02
4.836483300000000290e-02
-2.953172100000000036e-02
2.453099000000000143e-04
-1.828602299999999847e-02
-2.994768100000000030e-02
-5.232923500000000172e-02
1.632960099999999914e-02
4.800895499999999747e-05
3.318511999999999851e-02
-4.646327299999999938e-02
2.235652999999999946e-02
-8.283633999999999789e-03
-7.109967000000000370e-02
4.761526999999999774e-03
-4.376717299999999949e-02
3.623601399999999695e-02
1.522794300000000073e-02
1.530772799999999961e-02
-1.721649800000000022e-02
-3.148712199999999933e-02
3.560051000000000188e-02
-5.325926499999999661e-03
7.912585999999999231e-03
2.042920999999999973e-02
-2.565364599999999870e-03
-5.199344499999999925e-02
-8.814753999999999298e-03
-1.539176899999999959e-02
6.180718499999999713e-03
-3.934229999999999672e-02
4.468482399999999799e-02
3.031296699999999969e-02
-2.965898800000000071e-02
-5.825233500000000231e-02
3.674126999999999948e-02
-3.454265000000000200e-03
4.160394500000000328e-02
4.183978199999999897e-02
-4.382855399999999874e-02
-1.506713800000000075e-02
-9.616941999999999852e-03
2.499142500000000114e-02
-1.143324450000000048e-01
1.262850000000000084e-02
-6.568794000000000022e-02
1.475491900000000002e-02
6.509771999999999607e-03
3.102612999999999899e-02
-1.850375300000000126e-02
-5.129086999999999839e-05
2.893741600000000053e-02
7.005533599999999583e-02
-2.317889000000000060e-02
-2.452073000000000100e-02
-4.964903700000000003e-02
-3.181506299999999759e-02
-1.457185099999999955e-01
-1.045779800000000079e-02
2.969868499999999897e-02
3.394956500000000099e-02
2.294958600000000098e-02
1.908140800000000109e-02
-6.384255400000000275e-03
5.278110499999999657e-03
3.522059000000000301e-02
-2.099491100000000152e-02
1.332873849999999943e-02
-2.896416699999999900e-02
3.792087000000000235e-02
1.190855449999999975e-02
1.290210299999999984e-02
-5.009388599999999719e-02
1.743489100000000010e-03
-5.189930599999999922e-02
7.784860999999999691e-03
1.310947800000000080e-02
-5.660945500000000297e-02
2.937714599999999981e-02
9.532087999999999672e-02
-2.302989700000000056e-02
1.257786500000000057e-02
5.671838999999999700e-03
3.935422000000000226e-02
-1.056213899999999990e-02
1.023090400000000073e-02
-4.350383199999999922e-02
-3.795002399999999887e-02
-5.103889000000000342e-02
1.033542699999999946e-02
1.001368400000000013e-02
3.096212400000000059e-02
9.465027600000000541e-02
8.516542000000000209e-03
-3.621417999999999859e-02
3.556168900000000049e-03
8.580506999999999371e-03
5.155262399999999828e-02
7.105044599999999801e-03
4.509015400000000034e-02
1.360862300000000025e-02
2.178995499999999974e-02
1.190344899999999997e-02
-7.258934400000000009e-03
5.247044000000000014e-02
6.135917999999999928e-02
1.064344100000000001e-02
2.666823999999999931e-02
3.508712700000000267e-02
1.697468800000000166e-02
-3.194431999999999827e-02
-4.061370999999999731e-02
-1.151457300000000017e-02
5.652087299999999752e-03
1.797779600000000075e-02
1.671227999999999950e-02
-4.889201399999999753e-02
-3.379112499999999825e-02
1.211905899999999973e-02
7.004355999999999777e-03
-4.205566000000000165e-02
-1.025996449999999963e-02
-4.066347000000000017e-02
-1.540610000000000070e-02
3.868477000000000027e-02
-3.100184400000000062e-02
4.380900399999999861e-02
-8.045391999999999821e-02
-2.431949000000000090e-03
-6.103898400000000099e-03
-1.020322400000000032e-02
-3.880121000000000264e-02
7.750653000000000403e-02
-2.065909700000000127e-02
2.831374299999999886e-02
-2.041607999999999964e-02
2.187953100000000067e-02
6.641926000000000253e-03
1.557631100000000067e-02
-4.021335000000000187e-02
3.830496200000000143e-03
-1.054292899999999950e-02
-3.342151599999999834e-02
7.391520000000000035e-02
1.982523300000000113e-02
4.628893399999999686e-02
7.208717499999999639e-03
8.012055599999999556e-02
-3.369603699999999813e-02
-5.735732600000000014e-02
3.047042499999999890e-02
3.404319000000000095e-02
-4.296367200000000136e-02
-4.258781300000000214e-02
1.633077999999999960e-02
-2.380302499999999849e-02
-2.699097400000000091e-02
2.313420500000000143e-02
2.969555999999999932e-02
2.791330399999999989e-02
2.912556599999999857e-02
5.828221300000000285e-03
3.121558400000000108e-02
5.300470999999999655e-02
3.558600299999999800e-02
-1.488165900000000021e-02
-4.692695000000000199e-02
-1.325692200000000084e-02
1.378357100000000010e-03
-2.992114200000000127e-02
-2.181449200000000130e-02
1.096182300000000075e-02
3.384464000000000222e-02
-8.081814999999999138e-03
4.990218600000000115e-02
-2.534285699999999988e-02
4.599794000000000105e-02
3.332821999999999868e-02
-2.382831800000000111e-02
-1.185032700000000078e-02
4.883353800000000272e-02
1.720926999999999873e-02
-1.185326400000000051e-02
3.263201000000000296e-02
-9.815509000000000039e-03
7.475154500000000084e-03
2.224125000000000060e-02
-2.184560300000000163e-02
6.608763200000000206e-03
-1.440642699999999943e-02
-1.306967399999999987e-02
3.776816300000000043e-02
1.159822800000000036e-02
3.610129699999999747e-02
-1.556249149999999921e-02
-6.528826999999999547e-02
1.896336900000000075e-02
-2.745822399999999983e-02
2.141992699999999833e-02
-1.672795800000000110e-02
1.503550300000000041e-02
-6.616612500000000618e-02
-3.965846000000000302e-03
3.942639399999999655e-02
3.098673600000000083e-02
-2.148288999999999841e-03
-3.003663200000000061e-02
-3.188250200000000006e-02
6.400764000000000453e-02
3.625237400000000040e-03
2.476874000000000089e-02
2.065532700000000110e-02
-5.469653300000000204e-03
1.189874259999999934e-01
3.519031000000000242e-02
-2.964799300000000096e-02
-1.998528000000000110e-02
2.060289699999999849e-02
-1.988525000000000015e-02
-4.207813400000000315e-02
-4.746545599999999789e-03
-6.346406000000000269e-02
-1.696868000000000031e-03
-4.037023700000000326e-02
1.062941700000000038e-02
2.741249299999999958e-02
-3.552875999999999951e-02
-5.362256999999999614e-03
4.033563999999999899e-02
-5.201159999999999811e-02
-3.048249700000000076e-02
-6.595445399999999830e-04
1.029223200000000012e-02
1.441665599999999948e-03
-2.200434999999999891e-02
2.778893299999999830e-02
-3.216133000000000186e-02
6.870773400000000641e-02
-1.166543700000000072e-02
-3.252498000000000195e-02
5.758735999999999716e-02
5.047618999999999717e-02
1.310317700000000057e-02
-6.922335999999999767e-02
-3.649353600000000003e-02
-3.959617399999999787e-02
1.015717499999999919e-02
-4.380607200000000145e-02
-4.079797500000000021e-02
1.863682300000000028e-02
-2.273105500000000001e-02
-2.179110199999999796e-03
-3.889217200000000263e-02
4.833360000000000087e-03
7.133683000000000038e-03
-5.784254500000000215e-02
-3.699344400000000033e-02
-9.958389999999999256e-03
1.267112299999999941e-02
-1.113607399999999928e-02
3.155376000000000014e-02
9.217366999999999531e-04
-1.783207800000000121e-02
1.656104800000000096e-03
3.677584600000000092e-02
7.154579000000000537e-04
3.819435399999999959e-04
2.447075400000000081e-02
-4.507370800000000399e-03
1.097199299999999933e-02
8.196102000000000248e-03
-6.562962000000000309e-03
7.443751399999999629e-02
2.367789699999999983e-02
2.843965400000000171e-02
2.926967499999999847e-02
6.069902299999999779e-02
6.624859600000000681e-02
-3.287266499999999796e-03
1.405318799999999944e-02
4.039331499999999908e-02
5.725715700000000297e-02
3.251610700000000242e-02
5.986675599999999667e-03
3.771908200000000100e-02
5.777659000000000267e-02
4.460399999999999782e-02
1.614543800000000154e-02
3.418588999999999656e-02
-3.473856000000000166e-02
6.428628999999999594e-02
-4.054681200000000152e-02
1.439058999999999911e-03
-2.120561300000000163e-02
-1.129998200000000008e-02
1.089428299999999940e-02
-3.622202599999999745e-02
3.012064700000000039e-02
-1.174231300000000075e-02
-7.804275999999999748e-03
-4.423701000000000022e-02
5.239279200000000053e-02
-6.922854500000000244e-02
1.606442199999999834e-02
-6.352625300000000301e-03
-4.929039600000000021e-02
-3.701121400000000061e-02
-5.118212500000000192e-02
5.771687300000000187e-02
-2.337579600000000077e-02
2.971967999999999832e-02
2.935397299999999848e-02
-1.284310400000000015e-03
2.527990999999999919e-02
-2.499602199999999969e-02
2.218291899999999929e-04
-4.108339999999999909e-02
-4.946028999999999703e-02
-4.492595999999999742e-03
2.820915499999999965e-02
5.964434000000000229e-03
-1.922151299999999910e-02
-7.418504000000000244e-03
5.184962399999999694e-03
2.587827900000000056e-02
-6.744681399999999903e-03
-4.126728999999999814e-02
9.677355999999999805e-03
-4.585414799999999735e-02
2.571267400000000133e-02
2.918050199999999792e-03
-1.321117299999999967e-02
-1.153566999999999960e-02
6.123176299999999808e-03
-6.645974000000000326e-02
7.053663000000000294e-02
-5.662789599999999701e-02
-3.189176999999999984e-02
5.177729600000000043e-02
3.185441299999999809e-02
-1.492004100000000096e-04
3.338663000000000047e-02
-3.487761300000000175e-02
6.619377999999999374e-02
2.500294200000000196e-03
-1.266202049999999926e-02
-5.380112299999999931e-02
-1.767744900000000133e-02
-8.767502000000000628e-02
-1.998702399999999907e-02
2.316939400000000201e-03
1.018794299999999965e-02
3.955203000000000191e-02
-2.757156599999999874e-02
-1.559789299999999983e-02
-8.061166999999999638e-02
-3.520095000000000168e-02
-6.532662999999999665e-02
-3.935634300000000196e-02
4.069922000000000123e-02
1.957500699999999844e-02
-1.069641399999999958e-02
2.580303299999999952e-02
-1.425577500000000091e-04
2.739453299999999869e-02
-7.635917999999999872e-02
-1.849119700000000088e-02
4.446681200000000139e-02
3.096955800000000120e-02
5.265979999999999966e-02
-8.029612999999999681e-03
-6.502741000000000250e-03
-1.092973900000000081e-02
7.297465000000000201e-02
-2.704644200000000040e-02
-5.636524400000000184e-02
-6.086158400000000329e-02
-1.395913799999999941e-02
2.467763999999999895e-03
1.378171599999999941e-02
-3.024357000000000087e-02
4.695786599999999741e-03
3.467498000000000108e-02
7.432083000000000439e-02
-1.489397800000000043e-02
-4.158685000000000159e-02
1.732657300000000136e-02
-3.466790000000000149e-02
-4.993858600000000009e-02
2.471050600000000014e-02
5.074001499999999942e-02
2.015800800000000156e-02
1.637096099999999985e-02
-3.153489000000000292e-02
2.785926500000000111e-02
9.337427999999999668e-06
1.512266999999999952e-02
2.522347999999999951e-02
-1.799726700000000082e-02
9.937915000000000290e-03
-3.133033999999999819e-02
1.723734000000000030e-02
-1.315198899999999935e-02
6.294136399999999791e-03
1.699946299999999938e-02
-1.560199699999999939e-02
-1.211463500000000033e-02
-4.705601599999999912e-02
1.836239200000000169e-02
-1.393648699999999914e-02
-3.526526700000000118e-03
-1.766479799999999892e-02
-2.915236400000000005e-02
-2.221047900000000172e-02
1.031011000000000080e-02
4.772715000000000291e-03
4.210882600000000198e-02
1.310910499999999937e-02
-1.326217199999999916e-02
-3.919580200000000181e-02
1.826362000000000124e-02
2.354830300000000133e-03
3.000301800000000196e-03
1.347615599999999955e-02
-3.351655199999999807e-02
-4.687869000000000064e-02
-2.607061199999999995e-02
6.715108499999999925e-02
-7.632283999999999596e-03
-1.272242200000000059e-02
1.813180000000000000e-02
-2.621958599999999959e-02
-5.872512199999999766e-02
1.164218399999999987e-03
7.166538999999999549e-02
-2.235648000000000149e-02
1.016994100000000040e-01
-2.438332899999999873e-02
2.844589199999999758e-04
-2.824164699999999906e-03
1.312785900000000040e-02
-1.489863500000000035e-02
-3.511999500000000107e-02
-4.997541400000000272e-02
-2.538544300000000059e-02
1.477025400000000002e-02
-2.733953899999999951e-02
4.845935500000000257e-02
4.844910300000000031e-02
8.863568999999999962e-03
4.414176000000000211e-02
-2.329018999999999881e-02
3.157425700000000141e-02
5.983128800000000330e-02
-3.924537500000000248e-03
1.518166100000000081e-02
3.542508999999999936e-02
5.995768700000000256e-02
-7.081933299999999994e-03
5.311198999999999781e-02
-3.755395499999999998e-02
8.162859000000000087e-02
-7.610946999999999851e-03
6.292106599999999772e-03
5.520700299999999755e-02
1.365893999999999962e-02
-7.825403999999999347e-03
-3.474775699999999717e-02
1.067432899999999976e-02
-3.359739500000000212e-02
1.931434099999999876e-02
4.167706499999999925e-02
1.328605100000000011e-02
-4.893564400000000036e-02
-5.947818000000000115e-04
-1.163915100000000036e-02
-2.654544600000000032e-02
3.529428999999999900e-02
-2.151589300000000121e-02
-4.597935999999999690e-02
4.967754700000000245e-02
2.901473499999999983e-02
-3.900204200000000065e-02
-3.224166500000000268e-02
-5.607623600000000152e-03
-1.408116899999999928e-02
9.610290000000000499e-03
-4.096305000000000085e-02
-1.182879799999999974e-02
1.204202400000000013e-02
-3.951015699999999714e-02
-7.495551999999999770e-02
5.098598499999999929e-03
5.532603999999999994e-03
-3.858769000000000175e-03
1.438230650000000069e-02
-1.925066699999999908e-02
-4.926502000000000138e-03
-3.414749999999999730e-02
2.666831000000000063e-02
1.484927800000000091e-03
-2.274951299999999899e-02
7.729494600000000326e-02
7.533124000000000417e-03
-1.547773700000000009e-02
-6.101067999999999769e-02
-2.318254999999999968e-03
9.541172000000000541e-02
-5.817441000000000279e-02
