7.043198999999999987e-02
2.851243499999999917e-02
-5.111703000000000080e-02
-1.374792700000000006e-02
-7.027677700000000208e-03
5.608666300000000188e-02
1.124199700000000010e-02
1.204937900000000069e-02
8.155528999999999903e-03
9.190244000000000191e-03
4.595576199999999722e-02
7.467828999999999440e-02
1.234270200000000053e-02
2.513318499999999886e-02
1.541557099999999944e-02
-1.111381799999999927e-02
6.086060399999999870e-02
1.921561199999999997e-02
-2.947919300000000076e-02
-5.400816700000000276e-02
-4.705973699999999732e-02
-5.701966600000000357e-03
3.446007599999999834e-03
-1.169906300000000086e-02
-9.667141000000000622e-03
-5.591469999999999774e-02
-9.605989299999999776e-04
-7.717817000000000427e-02
1.545368599999999946e-02
-7.635828000000000060e-02
5.310977299999999901e-02
8.315833000000000252e-02
7.030285399999999969e-03
-3.303978600000000154e-02
4.016503300000000276e-02
2.197783799999999954e-02
-2.586280599999999860e-02
2.098003600000000052e-02
2.612719100000000100e-02
-7.568513000000000324e-02
-7.448364999999999760e-04
-1.468514199999999999e-02
1.384615399999999941e-02
2.064390500000000059e-02
-2.936568100000000112e-02
-6.989305499999999560e-02
-3.496896499999999769e-02
2.168923799999999957e-03
-2.399615800000000007e-02
6.046199800000000291e-02
1.960623800000000153e-02
1.841247299999999865e-02
-5.661514799999999709e-02
1.454228999999999938e-02
-3.250988199999999689e-02
-8.735500000000000209e-02
-4.335495500000000058e-02
-3.305093600000000298e-02
3.098605800000000035e-02
-3.628045299999999723e-02
-1.177091800000000001e-02
-5.831213999999999842e-02
6.398091499999999932e-02
-5.542202300000000081e-02
4.446536999999999712e-02
-5.669206999999999719e-02
-3.239615299999999698e-02
7.608244999999999592e-03
-8.151344000000000645e-02
5.491445600000000038e-02
2.867089000000000183e-03
9.370671000000000556e-03
-1.076155899999999953e-03
1.788707299999999986e-02
-1.851531999999999831e-02
9.376759999999999609e-03
-1.145841300000000063e-02
-3.523039399999999821e-02
7.426389000000000254e-03
1.790722599999999831e-02
-4.853017600000000126e-02
-1.992674499999999918e-02
2.864972299999999847e-02
4.470268599999999842e-02
-4.029490000000000155e-02
6.185646999999999673e-02
2.329422299999999932e-02
-3.670916399999999899e-03
-3.528727000000000252e-02
-1.594150600000000112e-02
1.479969600000000107e-01
9.096678999999999876e-03
4.736711299999999888e-03
2.083128999999999970e-03
3.280841999999999786e-02
-3.356146000000000129e-02
-8.608272000000000146e-02
-1.023886900000000044e-01
2.065104599999999929e-02
-5.975590000000000025e-04
4.800452000000000191e-03
-6.045199999999999706e-03
-2.800724099999999869e-02
-4.199133800000000294e-05
4.701020599999999883e-02
2.688807799999999928e-02
5.818361400000000329e-03
-6.146810600000000152e-02
-7.247227400000000319e-02
1.064934600000000051e-02
6.518999999999999795e-02
2.901924399999999959e-02
-4.862942299999999975e-03
-8.470649999999999707e-03
-3.010090600000000019e-02
-2.080897199999999850e-02
-2.022472999999999979e-02
1.230041999999999941e-02
-1.680411799999999983e-02
1.241635800000000060e-02
3.854809299999999855e-02
6.948232000000000019e-02
-4.117239299999999637e-03
5.209617700000000046e-02
4.560531699999999938e-02
1.226240699999999947e-02
3.610009600000000166e-03
-4.062193599999999738e-02
-2.607073799999999955e-02
-6.171623200000000281e-03
4.080622300000000258e-02
-9.846755999999999478e-04
2.681100999999999970e-03
2.279188700000000026e-02
-1.263366900000000015e-02
-8.183219499999999993e-03
6.604166000000000203e-02
-6.474512600000000180e-03
-1.734372400000000133e-02
3.731212400000000207e-02
-2.090517199999999964e-02
-2.079446000000000072e-02
-3.685689999999999800e-02
6.663075600000000279e-03
-2.375257199999999957e-02
-5.138735999999999998e-02
2.204957999999999918e-02
2.758406999999999873e-02
4.471433500000000089e-02
1.568680200000000099e-03
-2.370704699999999845e-02
-2.549195799999999859e-02
3.221614700000000053e-02
-2.690327400000000133e-02
-1.581971000000000072e-02
6.097041400000000055e-02
3.872824999999999879e-02
-2.980271500000000046e-02
1.868478999999999973e-02
-2.556198499999999887e-02
3.514428399999999786e-02
-4.565374600000000199e-02
-2.299269300000000155e-02
4.265001399999999998e-02
-2.209852299999999839e-02
-2.038318000000000074e-02
-6.459000400000000088e-06
-1.286727399999999973e-02
2.237224599999999841e-02
9.731294999999999182e-03
-5.020677300000000315e-02
-9.405529499999999710e-02
-4.817241399999999674e-02
-4.390162599999999915e-02
7.173673200000000270e-03
1.504616599999999971e-02
1.222172799999999941e-03
-3.457897000000000054e-02
-4.547455000000000247e-02
-1.546674200000000034e-02
5.077152299999999896e-02
-1.886726000000000028e-02
3.353414999999999868e-02
-4.624088500000000240e-02
6.710825000000000123e-03
-1.777832199999999918e-02
5.291249600000000330e-02
3.338866699999999688e-02
3.423755199999999749e-02
3.326450699999999872e-02
3.565489800000000084e-03
-1.346744400000000029e-02
-3.026202299999999901e-02
3.951817400000000313e-02
-1.223576600000000035e-02
7.269688000000000538e-02
-8.781832999999999306e-03
-9.785796500000000855e-03
-2.640370499999999954e-02
-4.561306999999999862e-02
2.416030499999999998e-02
8.272029999999999661e-02
3.607811400000000140e-02
-2.116597599999999954e-02
-1.930037299999999914e-02
6.289063400000000081e-02
-1.212082199999999985e-02
-2.858242999999999895e-02
1.110465300000000079e-02
3.467512500000000109e-02
-3.925822699999999971e-02
-5.198449599999999809e-02
-3.556754799999999744e-02
-2.370201200000000147e-02
1.820671199999999990e-02
2.129837099999999997e-02
3.369703500000000018e-02
3.491244000000000292e-02
5.156326299999999807e-02
-5.555345999999999895e-02
4.564393299999999765e-02
1.869509600000000132e-02
-5.415882999999999808e-02
3.345523000000000247e-02
-2.589328200000000010e-02
5.570210499999999655e-03
-8.507153400000000421e-02
1.320504500000000032e-02
6.136715400000000015e-02
-5.458110199999999940e-02
-2.018872299999999870e-02
2.276336400000000121e-02
3.635092499999999921e-02
6.357572500000000307e-03
-5.412453799999999982e-02
2.007719100000000118e-02
3.820764000000000105e-02
-3.072356799999999971e-02
-2.893682800000000124e-03
-1.279749300000000006e-02
-1.341874499999999928e-02
2.362492700000000129e-03
4.327478600000000258e-02
-2.194799100000000003e-02
3.472382000000000246e-02
-1.433810899999999992e-02
7.959272000000000569e-02
1.956842099999999904e-02
-4.508375000000000229e-03
-1.076079500000000008e-02
-2.289411800000000149e-03
-2.476889599999999858e-02
-3.155943800000000216e-02
6.185580999999999892e-03
-3.031346999999999861e-02
2.204424099999999914e-02
2.588932199999999934e-02
3.716771299999999806e-02
-1.175802599999999955e-02
-3.065491300000000043e-04
6.201215000000000199e-02
-2.864389900000000044e-02
1.051033900000000049e-02
-1.750967800000000074e-02
-1.712494999999999989e-02
-7.518729999999999858e-02
9.539099000000000536e-03
-2.879876400000000100e-03
8.910624000000000669e-03
-4.172354000000000340e-02
3.581698999999999994e-02
-2.700872899999999868e-02
-3.274516400000000022e-02
-1.964105500000000101e-02
-2.287299599999999961e-02
3.820899999999999991e-02
-1.628216500000000122e-02
2.053412199999999840e-02
-3.641273999999999900e-02
-3.583596599999999688e-02
7.031777999999999640e-02
-2.211352399999999899e-02
-9.284250000000000835e-03
-3.051872400000000055e-02
1.699811400000000167e-02
-2.444044100000000025e-02
-8.891638999999999793e-03
-1.362469900000000053e-02
5.075826000000000296e-03
-5.145416399999999668e-02
3.589457299999999906e-02
3.568500699999999776e-02
-4.196704999999999880e-02
-5.638859999999999706e-02
2.652395100000000047e-02
-3.702903000000000010e-03
5.049706000000000333e-02
6.521658599999999306e-02
-5.372147599999999718e-02
-4.081106999999999790e-02
2.735054599999999989e-03
1.922660899999999867e-02
-6.209518800000000255e-02
3.325709999999999777e-02
-3.517719700000000033e-02
1.159764999999999928e-02
-2.012815000000000090e-02
2.999796999999999880e-02
-2.769987700000000122e-02
2.794682399999999858e-02
2.372014500000000151e-02
2.930452100000000004e-02
-2.305929699999999943e-02
-1.268544899999999968e-02
-4.668478300000000053e-02
-6.309944700000000295e-03
-1.387570200000000087e-01
-2.022988300000000059e-02
3.490529600000000232e-02
3.124024499999999982e-02
4.108974700000000285e-03
1.467684900000000049e-02
-4.127330299999999730e-02
-6.123672399999999629e-04
2.068010199999999969e-03
-1.229242000000000008e-02
2.253011799999999829e-02
-2.370007800000000203e-03
4.965075499999999781e-02
2.676149999999999970e-03
3.823327299999999818e-02
-3.587837499999999707e-02
4.421967300000000101e-02
-3.760913400000000240e-02
1.737696099999999980e-02
1.844232699999999925e-03
-6.805125600000000441e-02
1.083521100000000084e-02
7.026750599999999347e-02
4.074214999999999955e-03
2.452385600000000013e-02
2.575727200000000119e-02
5.691795399999999977e-02
7.454259999999999879e-03
1.722114300000000126e-02
-6.306995999999999436e-02
-6.082096299999999872e-02
5.146890000000000319e-03
1.373009499999999945e-02
-2.540627499999999900e-02
4.372811699999999691e-02
7.039845999999999604e-02
-2.535289400000000169e-03
-2.170407400000000028e-02
-9.943307999999999661e-03
4.544481999999999688e-02
2.022991299999999867e-02
1.905550799999999878e-02
3.426487000000000283e-02
1.046166899999999983e-02
-6.254426700000000235e-03
5.983916999999999708e-02
2.243902700000000028e-02
2.895619500000000054e-02
6.347126999999999630e-02
2.967410200000000081e-02
5.427044999999999786e-02
4.482702499999999951e-02
-1.153741099999999915e-02
-7.573389399999999952e-03
5.735915000000000284e-03
5.496120499999999909e-02
2.031757699999999986e-02
4.727579699999999788e-03
3.026802699999999943e-02
-3.208856999999999682e-02
-2.784679300000000163e-02
4.100760299999999837e-04
-2.383132799999999885e-02
-1.335837699999999940e-02
2.152803100000000042e-03
-3.573347999999999802e-02
-3.288276999999999867e-02
9.644187000000000246e-03
-2.294124800000000089e-03
8.430999000000000132e-02
-1.151921000000000056e-01
1.232379100000000061e-02
-4.812755400000000294e-02
-1.661366800000000157e-02
-2.018745799999999840e-02
5.540890600000000082e-02
-1.806559400000000079e-02
2.032579899999999856e-02
-5.507784000000000291e-02
4.855750999999999817e-02
5.059626999999999875e-02
-5.551193999999999747e-03
4.473751399999999906e-03
-3.956563800000000020e-02
2.558540700000000098e-02
-2.840934600000000025e-03
3.191071000000000185e-02
-5.118180399999999741e-02
3.723507399999999995e-02
-3.305234399999999739e-02
5.918173999999999657e-02
3.711071299999999917e-03
-4.936668300000000148e-02
7.284894599999999776e-02
-5.581518599999999927e-03
-1.116308100000000005e-02
-4.746845000000000231e-02
-3.710800799999999788e-02
-6.028016700000000255e-02
-2.988808000000000090e-02
4.537632300000000313e-02
-9.013833000000000609e-03
5.372256000000000253e-02
6.109434400000000182e-02
2.823925799999999972e-02
6.383068000000000075e-02
3.011998499999999843e-02
-9.393875000000000315e-04
-2.948700799999999858e-02
-5.504396999999999762e-02
-9.929623999999999742e-03
-6.299024000000000290e-03
2.389720500000000122e-02
-9.891761500000000387e-03
2.609733499999999928e-02
6.474024000000000098e-03
-1.859880599999999898e-02
6.583972000000000435e-02
2.662568399999999842e-03
5.932534500000000155e-02
3.215370000000000034e-02
-1.272327799999999932e-02
-3.078550500000000120e-02
5.455320000000000308e-02
3.073076900000000153e-02
2.739424799999999952e-02
7.272214000000000456e-02
-2.918963899999999986e-02
-9.085005999999999637e-03
-1.655862699999999937e-02
-1.818331999999999978e-03
-7.473829500000000201e-05
1.266401699999999964e-02
-4.144322599999999968e-03
9.250089499999999271e-03
-4.156205300000000158e-03
4.686285999999999577e-03
-4.552675800000000050e-02
-6.583766000000000618e-02
6.758524500000000212e-02
7.827933000000000460e-03
1.730400299999999836e-02
-2.336893400000000093e-02
-9.375186000000000630e-03
-6.292663499999999466e-02
-1.654786399999999894e-02
-3.186244799999999808e-03
2.092177400000000062e-02
-4.984997000000000039e-02
1.532777400000000061e-02
-3.029045000000000001e-02
2.760039300000000084e-02
4.581861999999999741e-02
3.240766400000000269e-02
4.021523999999999932e-02
1.649161799999999956e-02
7.204521999999999315e-02
9.387671000000000210e-03
-2.689758700000000058e-02
-1.901182200000000114e-02
1.943256900000000023e-02
2.060886099999999915e-02
2.414354700000000131e-02
-9.169594999999999135e-03
-2.119267500000000110e-02
-3.669453799999999877e-02
-3.440942599999999990e-02
1.974616400000000008e-02
1.110965799999999969e-02
-2.510859600000000039e-03
8.561545000000000266e-03
4.317517400000000019e-03
1.873627199999999956e-04
-1.335075399999999940e-02
3.195893999999999818e-02
8.424235000000000403e-03
-3.339676999999999923e-02
-1.481913800000000080e-02
1.282677150000000044e-02
-1.619665500000000077e-02
4.624227999999999672e-02
-1.292690099999999932e-02
-4.317479600000000139e-02
7.146357999999999877e-02
6.993083999999999412e-02
3.705490399999999962e-02
-1.683648899999999962e-02
-4.466101000000000099e-02
-4.587050000000000155e-02
1.189965899999999993e-02
-6.362824999999999731e-02
-1.141275299999999944e-02
1.427696000000000000e-02
1.791440000000000046e-02
1.999628499999999906e-02
-4.269791800000000137e-02
3.066951600000000083e-02
7.724939000000000111e-03
-5.757951399999999831e-02
-4.960911700000000119e-02
-1.673687999999999999e-03
-3.393880000000000161e-03
-4.971888299999999844e-02
-5.876371600000000230e-03
1.109871999999999942e-02
-5.221492999999999968e-02
-2.225171000000000093e-02
1.397641800000000087e-03
2.498996599999999887e-02
1.772794700000000084e-02
7.606208999999999887e-02
-1.690089300000000017e-02
2.849143599999999846e-02
1.850429999999999968e-04
6.565113600000000230e-03
4.714794499999999666e-02
3.525537599999999799e-02
3.401826000000000155e-02
3.552305699999999677e-02
6.818435999999999941e-02
6.562099999999999878e-02
-9.519876000000000033e-03
4.870762000000000008e-02
1.521312300000000027e-02
4.306805999999999829e-02
3.471864799999999779e-02
-1.066341799999999916e-02
2.570799400000000137e-02
2.603390800000000144e-02
3.754398999999999931e-02
1.383364599999999979e-02
6.576339000000000490e-02
-3.574805300000000186e-02
3.790303700000000053e-02
-3.836392999999999748e-02
-3.360467000000000315e-02
-5.235278599999999838e-02
-2.540857200000000080e-02
2.175368700000000072e-02
-2.604175400000000029e-02
4.899415399999999809e-02
-1.983410999999999855e-02
-5.115269999999999886e-03
-2.185151700000000086e-02
4.399426299999999873e-02
-2.260930300000000073e-02
1.918787900000000143e-02
-1.911028000000000032e-02
-3.887957000000000218e-02
-2.146191299999999913e-02
-1.894719200000000159e-02
6.012712399999999707e-02
5.316631399999999751e-03
1.285821600000000044e-02
1.349563600000000009e-02
-4.237772499999999803e-02
3.433381800000000206e-02
-2.602116000000000151e-02
9.629915500000000780e-03
-3.363461999999999702e-02
-6.735399999999999721e-02
-1.789212099999999911e-03
1.162156699999999931e-02
2.098643999999999857e-02
-2.167089800000000094e-02
-3.115190600000000004e-02
1.690991600000000053e-02
1.398096050000000035e-02
-6.052301999999999856e-03
-2.272331899999999877e-02
2.627744200000000155e-02
-2.869278999999999927e-02
-1.280292899999999935e-02
-2.255344600000000130e-02
1.247637499999999962e-02
-1.156121499999999925e-03
2.268532300000000029e-02
-3.793495000000000200e-02
6.009489300000000339e-02
-4.074593600000000343e-02
-2.763467999999999827e-02
1.043098800000000041e-02
4.659607300000000174e-02
2.058092499999999991e-02
3.590136399999999811e-02
-8.530849999999999544e-03
6.092755999999999866e-02
2.135870700000000021e-03
-4.421342999999999801e-02
-4.793301600000000190e-02
-2.051219300000000148e-02
-4.673258999999999747e-02
-4.414030499999999774e-02
5.164555999999999834e-03
-1.025668799999999992e-02
2.095568199999999978e-02
-1.994278299999999865e-02
-4.081747000000000153e-02
-5.523992300000000327e-02
-3.120996599999999871e-02
-3.980224599999999946e-02
-7.133907000000000442e-02
1.413933000000000030e-02
-4.020598999999999701e-03
2.790410399999999902e-02
4.289023999999999788e-03
1.340203500000000051e-03
-1.739755300000000050e-03
-4.480127200000000309e-02
2.070583999999999966e-02
3.519434999999999925e-02
-3.422843300000000168e-03
6.095071999999999990e-02
-5.913838999999999901e-02
1.390180549999999945e-02
-1.209528600000000023e-02
8.255735000000000157e-02
-1.466277000000000032e-02
-4.574909399999999710e-02
-5.226945999999999676e-02
-4.807090399999999764e-02
3.288417300000000265e-02
1.676590000000000025e-02
-3.139954999999999830e-02
3.831803400000000082e-02
5.527843500000000077e-02
6.352090000000000514e-02
2.389721200000000101e-02
-1.575208999999999984e-02
-9.140970999999999472e-03
9.261875000000000359e-04
-5.022235600000000272e-02
-6.156575000000000068e-03
4.615856699999999757e-02
1.569821899999999937e-02
2.283729199999999862e-02
-4.980269999999999836e-02
1.007163200000000050e-02
-2.153825200000000079e-02
-1.589767900000000050e-03
2.281582199999999949e-02
-5.992377000000000120e-02
-1.843956700000000046e-02
-2.351922000000000040e-02
2.313712799999999986e-02
-2.043762400000000146e-02
-1.282267500000000039e-02
3.936087299999999761e-02
1.485737099999999943e-02
9.299573000000000214e-03
-1.003325600000000012e-01
-7.743751600000000311e-03
-1.437198899999999994e-02
-4.905136699999999850e-02
4.175516600000000328e-02
-2.247470400000000160e-02
9.859682999999999295e-03
2.628437600000000166e-02
-8.231197000000000860e-03
-2.833104700000000156e-02
4.482981199999999666e-02
1.784391299999999944e-02
-4.348952999999999847e-02
-5.617112399999999763e-03
4.773837300000000061e-02
2.610241799999999876e-02
2.575372199999999973e-02
-4.290762499999999785e-02
-9.352107499999999865e-03
-1.638016000000000125e-02
6.348497999999999641e-02
-2.515377699999999869e-02
-3.016562999999999883e-02
2.189879700000000110e-02
1.568422300000000061e-02
-6.551279000000000130e-02
-1.939601499999999909e-02
4.629131999999999691e-02
1.092049699999999950e-02
9.723978499999999525e-02
-3.267326200000000153e-02
1.152609700000000077e-02
-1.531658399999999941e-02
3.118612600000000151e-02
-3.369356700000000066e-02
-9.730100000000000207e-03
-5.325481299999999807e-02
-1.578437400000000032e-02
4.112658499999999784e-04
-7.855436000000000363e-03
5.651808999999999999e-02
3.028301099999999857e-02
-1.009613650000000008e-02
5.020396300000000422e-03
-6.164414399999999794e-02
1.266564000000000058e-02
2.271663200000000049e-02
-4.678377999999999703e-02
7.191429000000000051e-03
1.054707400000000003e-02
3.890608599999999945e-02
3.775444299999999864e-02
2.109232999999999941e-02
-1.756591199999999950e-02
2.098793200000000081e-02
2.897686500000000095e-02
3.895338300000000115e-02
4.435304000000000330e-02
7.948923000000000100e-03
6.381246999999999614e-02
-2.143976300000000057e-02
-2.317846800000000068e-02
-4.680026300000000167e-02
1.258441199999999968e-02
1.045327400000000025e-02
2.823911000000000129e-02
-1.125285399999999963e-02
2.147936599999999974e-02
2.534768399999999880e-02
2.756399300000000191e-03
2.377145199999999847e-02
-3.101678800000000000e-02
-2.285681000000000171e-02
1.449591199999999969e-02
4.274490499999999971e-02
-3.053455000000000058e-02
5.000374000000000138e-03
-4.049443999999999960e-02
-3.489230599999999793e-02
3.618655700000000114e-02
-1.147596799999999959e-02
1.578491400000000058e-02
1.711396000000000098e-02
-4.606582199999999933e-02
-6.588584000000000107e-02
-9.411558999999999897e-03
-2.239476300000000156e-02
6.485663499999999538e-04
3.619030499999999900e-02
1.051649699999999965e-02
1.131369399999999914e-02
-2.850327600000000100e-02
1.093037000000000002e-02
-6.216305000000000094e-03
1.477721400000000032e-02
1.000738800000000039e-01
-3.727119800000000039e-04
-3.081728499999999982e-02
-4.315505499999999772e-02
2.660314399999999871e-02
3.931318000000000312e-02
-8.302471999999999977e-03
