6.118425699999999884e-02
4.222812000000000093e-02
-5.878525600000000101e-02
-4.216532399999999708e-02
2.123879600000000076e-02
2.453393699999999872e-02
3.032564600000000124e-02
2.618418999999999955e-02
-2.859984800000000150e-03
1.899807499999999968e-02
4.165018999999999666e-02
7.004912000000000638e-02
-4.488572000000000026e-04
-1.770757900000000107e-02
2.504118300000000158e-03
-2.089724999999999916e-02
7.710876000000000188e-03
-5.765751999999999856e-03
-6.264459999999999473e-02
-4.315477000000000202e-02
-4.049445699999999759e-02
-1.212882100000000013e-03
2.975608999999999893e-02
3.212515600000000193e-02
-2.457144299999999837e-02
-3.900581599999999871e-02
-3.986752999999999825e-02
-6.930587000000000553e-02
2.182661600000000007e-02
-1.000942900000000024e-01
-2.962696400000000042e-03
1.851482499999999864e-02
1.381835000000000008e-02
-2.713695400000000132e-02
6.021014599999999911e-02
4.269135999999999764e-03
-1.998316599999999969e-04
-2.796378700000000210e-03
-9.957650000000000182e-04
-6.277335000000000553e-02
-1.704514799999999955e-02
-1.719560800000000111e-02
1.964656999999999862e-02
4.208222400000000141e-02
-3.793551800000000140e-02
-9.024256499999999681e-02
8.876329999999999984e-03
-4.544364999999999863e-03
-4.284323000000000298e-02
5.943877599999999872e-02
-2.075331799999999977e-03
6.545029600000000503e-02
-3.958375000000000088e-03
1.200857900000000013e-02
-1.608154599999999865e-02
-5.519047400000000325e-02
1.769898300000000146e-02
-6.290218000000000198e-03
4.175966600000000084e-02
-3.320150399999999974e-02
1.308716400000000009e-02
-5.936455000000000204e-02
-4.272434999999999775e-03
-4.968435300000000054e-02
4.052614999999999863e-03
-5.810154599999999697e-02
3.606395999999999994e-03
-6.318746499999999822e-02
-8.121670000000000278e-02
3.908796200000000040e-03
-5.469411999999999885e-03
-9.155615000000000628e-03
-9.198970000000000757e-03
-2.527500900000000106e-02
1.673007400000000103e-02
3.882948700000000281e-02
-1.525873099999999934e-02
-1.863928899999999986e-02
3.434518999999999767e-02
2.134161999999999865e-02
-4.842359000000000246e-02
-5.120191999999999799e-02
2.374874800000000008e-02
7.371732000000000284e-02
-1.631756999999999999e-02
5.676413000000000292e-02
-1.348160299999999934e-04
-6.416175999999999824e-02
-2.430918300000000157e-02
-3.713013399999999845e-04
1.004255299999999990e-01
2.440430799999999956e-02
-3.026932999999999881e-03
2.862686700000000029e-02
7.804526999999999992e-02
-1.474679700000000072e-02
-6.215066500000000077e-02
-1.179202300000000009e-01
3.413759999999999711e-02
4.193470299999999679e-02
-9.311863999999999558e-03
1.280949699999999998e-03
-4.320973000000000175e-02
7.349844999999999816e-03
3.383256999999999931e-02
-1.780434499999999920e-02
2.395804000000000076e-03
-6.057951000000000308e-02
-8.930562400000000012e-02
-1.902888200000000044e-02
7.040898499999999338e-02
1.241297300000000076e-02
2.465855999999999951e-02
-3.456469000000000208e-02
-1.426178399999999957e-02
8.530773000000000175e-03
-3.871263600000000166e-02
3.675029999999999963e-02
-2.711061000000000026e-02
-2.257044000000000064e-02
3.848627599999999982e-02
1.003346440000000006e-01
-1.274477000000000075e-02
5.968555400000000177e-02
3.972838000000000064e-02
-1.980081599999999886e-02
2.983390199999999895e-02
-2.620021000000000155e-02
-1.964594600000000094e-02
-1.873927899999999931e-03
3.034249099999999921e-02
-5.413140999999999786e-02
1.568345499999999892e-02
2.463686000000000001e-02
-2.228925400000000140e-02
3.403179799999999939e-03
6.611077999999999399e-02
5.711867699999999964e-02
4.531760000000000128e-03
6.257838000000000289e-02
-2.747740599999999936e-02
-4.037849200000000194e-02
-7.984987999999999808e-02
1.868206600000000064e-02
-4.366174999999999917e-02
-3.588042000000000314e-02
3.332478199999999897e-03
3.920734699999999656e-02
-3.151622800000000030e-02
-1.258977699999999991e-02
-2.829048199999999874e-02
-8.701290999999999887e-03
1.245193999999999988e-02
-4.051597800000000110e-02
-7.249944999999999827e-03
5.093040299999999909e-02
-1.194625300000000043e-02
-1.502668799999999985e-02
2.905786399999999922e-02
1.270730049999999924e-02
3.001788400000000162e-02
-6.439996500000000346e-02
-2.797349400000000152e-02
8.598050499999999874e-02
-4.845494799999999769e-02
6.385414399999999983e-03
3.450515400000000055e-03
-4.520667999999999909e-02
2.245374600000000012e-02
-1.170494799999999974e-02
-3.210332199999999664e-02
-6.522369999999999557e-02
-7.175186999999999538e-02
-9.381986400000000281e-02
-2.040236399999999922e-02
-6.645098999999999798e-03
3.258016400000000000e-03
-1.245533899999999930e-02
-5.824504999999999960e-02
-8.906950000000000284e-03
7.219564000000000537e-02
-3.305904199999999682e-02
2.101869300000000149e-02
-2.412994599999999934e-02
-3.345976400000000208e-03
-1.288881499999999965e-02
2.470661299999999880e-02
3.385384000000000310e-02
2.888377599999999989e-02
5.661292700000000039e-02
-1.528207099999999950e-02
4.945637699999999928e-03
1.484499299999999904e-03
2.217302999999999982e-02
-8.015403500000000542e-03
9.239769000000000454e-02
8.468793000000000501e-03
-8.602693999999999272e-03
3.123093999999999870e-02
-4.559442799999999935e-02
2.223667500000000088e-02
1.003914300000000037e-02
3.321313499999999780e-02
9.307628499999999819e-03
-2.274796999999999843e-03
4.391792800000000191e-02
-1.962191199999999917e-03
-2.261435200000000076e-02
4.087832200000000166e-02
1.508039050000000054e-02
-4.617545399999999772e-02
-5.179339599999999849e-02
-3.819879000000000330e-02
3.336499000000000149e-03
2.265274999999999928e-02
2.390910499999999994e-02
1.990307499999999924e-02
3.014435000000000031e-02
1.388433700000000007e-02
-3.037469500000000017e-02
5.394243399999999744e-02
2.399399699999999955e-02
-3.794535999999999742e-02
3.616221000000000019e-02
1.796416199999999880e-02
-8.135801999999999271e-03
-5.162372400000000278e-02
2.486176999999999832e-02
1.106968099999999962e-02
-6.062781799999999999e-02
-2.638915400000000147e-02
2.758346100000000009e-02
3.396313299999999952e-02
-3.785444400000000098e-02
-1.978634900000000169e-02
5.096688500000000344e-02
-7.092979500000000078e-04
-4.266414300000000159e-03
-2.132255799999999840e-02
-2.968106200000000111e-02
1.633633500000000044e-02
-8.794013999999999304e-03
2.062609400000000107e-02
2.925247699999999895e-02
1.889775900000000008e-02
-4.007530599999999804e-02
7.722571999999999770e-02
4.839388299999999865e-02
-6.017582999999999960e-03
2.623810999999999852e-02
-3.377869700000000336e-02
1.158396249999999947e-02
-1.584319199999999900e-02
2.929188900000000151e-02
-3.322232499999999700e-02
4.377053000000000194e-02
-1.220737900000000084e-02
3.719255999999999951e-02
8.824761000000000410e-03
2.453307000000000057e-02
1.465003200000000033e-02
4.154280300000000314e-03
2.125497299999999992e-02
-4.179858799999999763e-02
-4.784359400000000317e-02
-5.397491499999999831e-02
-9.669845999999999303e-03
-1.140453500000000037e-02
1.627291200000000049e-02
-5.859745300000000073e-02
5.278067699999999807e-02
-4.747596800000000034e-02
-1.282479499999999994e-02
-1.662315600000000004e-02
-6.360967599999999694e-03
1.996075300000000035e-03
-1.592995800000000101e-03
1.647986699999999874e-02
-2.416520000000000126e-02
-4.596205400000000219e-02
4.767703000000000219e-02
-3.532208299999999891e-03
-2.119584999999999872e-02
-2.017874999999999877e-02
8.697428999999999577e-03
1.522690900000000028e-03
6.098011500000000140e-03
1.637534200000000106e-02
1.138360400000000029e-02
-6.976721399999999407e-02
1.792455700000000068e-02
5.619463499999999626e-03
-3.117711999999999914e-02
-5.955836500000000200e-02
1.214864099999999995e-02
7.207261399999999665e-03
7.027137999999999440e-02
4.010608400000000018e-02
-9.130463000000000121e-03
-1.989131800000000158e-02
-1.897500800000000154e-02
1.007508200000000083e-02
-5.720212999999999687e-02
5.944408500000000067e-02
-5.121984699999999890e-02
-3.516215599999999823e-03
-3.516236300000000203e-02
-2.297454300000000092e-03
-3.826639400000000218e-02
1.377647400000000036e-02
3.814141499999999796e-02
1.561876199999999958e-02
-2.813616799999999959e-02
-3.017295999999999867e-02
-3.209898600000000296e-02
-2.179002199999999917e-02
-9.905769000000000379e-02
4.204806499999999905e-04
2.530532699999999899e-02
1.761225799999999869e-02
3.280012000000000205e-02
7.356398999999999577e-03
-5.620913200000000193e-02
-1.136872799999999982e-03
2.323620200000000094e-02
-2.004410499999999956e-02
3.001324600000000037e-02
-8.680937999999999155e-03
4.654713299999999748e-02
1.326529800000000002e-02
1.393238699999999920e-02
-2.200600499999999862e-02
2.005308100000000038e-02
-5.561495600000000011e-02
-8.087855999999999171e-03
-2.578657499999999908e-02
-6.565089999999999815e-02
1.025625700000000083e-03
5.159253300000000292e-02
-3.452758800000000055e-03
-5.712534299999999683e-03
-3.640491999999999947e-03
5.295833999999999958e-02
3.739493700000000309e-02
4.237481000000000407e-03
-6.170655399999999680e-02
-6.266963000000000394e-02
-1.916022200000000106e-02
1.518839800000000052e-02
2.398502300000000115e-02
4.745407799999999676e-02
3.887952000000000075e-02
3.498176499999999800e-02
-2.414076999999999890e-02
1.260339899999999951e-03
5.794139200000000128e-02
3.182488299999999826e-02
3.009202000000000057e-02
4.529124999999999818e-02
2.190545600000000023e-02
1.604444299999999851e-02
1.679769700000000032e-02
-2.094006699999999971e-02
3.161001599999999773e-02
8.128206999999999793e-02
3.314187799999999962e-02
5.056739999999999846e-02
4.621926999999999980e-02
-4.831446699999999983e-02
-3.004563799999999951e-02
-1.170877650000000034e-02
3.256356299999999676e-02
2.198338099999999976e-02
3.277438500000000310e-02
4.782853599999999789e-02
-2.226585000000000023e-02
-3.184551000000000048e-02
-1.751952799999999949e-02
-1.780319600000000030e-02
-1.232130300000000046e-02
-4.582116399999999756e-02
-3.758699399999999857e-02
-1.960973599999999914e-02
1.621790799999999963e-02
-5.181225400000000203e-02
3.220739599999999925e-02
-7.061384599999999401e-02
1.009815799999999901e-03
-6.312792000000000230e-03
-3.618656499999999693e-02
-2.895221699999999884e-02
2.768576099999999970e-02
-8.048500000000000099e-03
2.895335300000000112e-02
-3.978710600000000264e-02
8.680636399999999697e-02
3.367523499999999781e-02
1.464986599999999924e-02
2.184554999999999830e-02
-2.183489500000000000e-02
2.538607000000000016e-02
-2.050777900000000029e-02
2.843882500000000091e-02
-6.212679000000000118e-02
4.143866000000000389e-03
-2.294213700000000133e-02
8.149758000000000002e-02
-6.513332500000000103e-04
-6.037032199999999710e-02
6.250856999999999941e-02
-1.348076299999999977e-02
5.705036999999999608e-03
-2.297224299999999983e-02
1.710269799999999951e-02
-3.434667000000000275e-02
-3.032481100000000013e-02
3.637915500000000329e-02
-3.878696799999999893e-03
4.687819599999999698e-02
7.151101999999999459e-02
3.049031500000000047e-02
2.764336400000000013e-02
1.087777100000000092e-03
-2.605884599999999923e-03
-1.446137400000000036e-03
-4.406816999999999679e-02
-1.752638399999999902e-02
1.042409700000000022e-02
-9.477887000000000811e-03
-2.613179200000000091e-02
6.250358699999999934e-03
3.356002000000000290e-02
-2.604131599999999838e-02
5.039398999999999962e-02
-1.561731750000000009e-02
2.367288999999999852e-02
3.682106699999999899e-02
-7.915283999999999862e-03
-9.886459999999999693e-03
6.326387999999999456e-02
5.775977000000000194e-02
3.667141000000000151e-02
5.886802000000000007e-02
-1.008632800000000031e-02
1.070147499999999979e-03
-2.734645299999999973e-02
-4.037131000000000226e-03
8.403976999999999975e-03
-1.715547599999999936e-02
4.482713499999999886e-03
2.517703200000000110e-03
-2.555015000000000064e-02
-1.561282899999999994e-02
-6.150809699999999769e-02
-5.387041000000000052e-02
2.705435000000000131e-02
-1.789440999999999948e-02
7.215404999999999736e-02
-3.999412000000000106e-02
2.897076200000000125e-04
-3.679510200000000314e-02
-1.883011100000000007e-02
2.515037700000000154e-02
2.625426800000000074e-02
-1.719006999999999827e-02
1.179300999999999960e-02
-4.264958199999999838e-02
3.822684700000000130e-02
1.542852400000000075e-02
8.853395000000000015e-03
2.558718399999999893e-02
4.842988700000000132e-03
8.778144400000000014e-02
-8.560440000000000757e-03
-2.288613999999999926e-02
-1.010687199999999982e-03
1.342120699999999923e-02
-5.872749000000000025e-03
-2.964170899999999786e-03
-6.592866999999999651e-03
-3.669547299999999929e-02
-2.693901199999999829e-02
-2.137467800000000112e-02
5.770336000000000215e-02
2.327990900000000141e-02
-8.574784999999999591e-05
9.437147499999999634e-03
1.159505450000000021e-02
-4.868291699999999916e-02
1.862207199999999993e-02
4.834941999999999712e-02
1.474817000000000012e-03
-1.621465799999999985e-02
-6.124411199999999812e-03
2.109614199999999828e-02
1.115289599999999982e-03
5.765342300000000225e-02
-3.858678500000000105e-03
-2.408330900000000066e-02
6.041817399999999810e-02
8.035204999999999431e-02
2.689031299999999902e-02
-3.326361299999999743e-02
-1.031903200000000055e-02
-7.539494400000000020e-03
6.949341399999999641e-03
-9.527439599999999731e-02
8.406237000000000431e-03
7.956844600000000101e-02
2.396456699999999912e-02
-1.492587800000000006e-02
-3.360222999999999682e-02
2.848507299999999964e-02
3.435741200000000037e-03
-7.846907499999999924e-02
-1.719324800000000125e-02
-1.595807600000000159e-02
2.622982499999999828e-02
-5.210010699999999967e-02
4.344853399999999699e-02
1.828287400000000104e-02
-2.818966499999999917e-02
-1.851650499999999908e-02
-3.857139500000000137e-02
-1.160963299999999941e-02
3.291395300000000274e-02
7.892138499999999668e-02
-9.596970999999999280e-03
2.000721999999999917e-02
4.090317500000000168e-03
7.344535600000000330e-03
5.826024700000000112e-02
8.826546999999999909e-04
4.253168999999999700e-02
2.078407399999999960e-02
2.428792999999999924e-02
3.698092299999999888e-02
-5.440399999999999750e-03
3.444123300000000165e-02
1.848936499999999979e-03
5.893764299999999789e-02
5.404888000000000053e-02
9.918460999999999944e-03
3.069896399999999873e-02
1.367948000000000081e-02
6.324680000000000579e-02
-1.549458100000000033e-02
5.633776000000000062e-02
-4.492847999999999981e-02
4.406230500000000300e-02
-4.078401000000000248e-02
-3.866768300000000130e-02
-2.408837000000000131e-02
-4.582823999999999925e-02
4.684300300000000111e-02
4.613448400000000164e-03
6.096423799999999699e-02
-3.914904200000000195e-02
-4.562298599999999732e-02
-2.637429999999999983e-02
4.313769199999999832e-02
-2.811317500000000066e-02
1.279552100000000067e-02
-3.036266599999999996e-02
-1.173287899999999988e-02
-3.475517999999999663e-02
-2.409732200000000088e-02
2.533169999999999866e-02
-2.745171500000000153e-02
-1.780882500000000078e-03
-1.939882000000000065e-02
-2.144100300000000014e-02
3.100520400000000149e-02
-2.075614799999999857e-02
5.359436199999999956e-02
-2.661474200000000026e-02
-6.251436000000000492e-02
3.123962500000000003e-02
7.832146399999999342e-02
4.562744500000000258e-02
2.953618200000000110e-02
-8.095197000000000156e-03
3.463411999999999741e-02
1.887958099999999945e-02
-1.965927900000000172e-02
-1.396738299999999988e-02
5.673610600000000143e-03
-1.261159000000000065e-02
-1.449214599999999915e-02
3.893604699999999967e-03
-1.430981199999999988e-02
3.055132400000000123e-02
-3.295212799999999893e-03
-3.819410499999999903e-02
3.501477399999999938e-03
-1.094549149999999964e-02
-6.517236999999999336e-02
2.955597600000000116e-02
5.575847999999999915e-02
-7.922449999999999284e-03
2.178737299999999877e-02
-5.464928000000000147e-02
3.477619199999999744e-02
-1.898470899999999892e-02
-2.088072300000000034e-02
-3.591002499999999820e-02
-6.374180999999999597e-02
-5.364586400000000144e-02
-1.057435900000000019e-02
2.020590599999999917e-02
-2.319847500000000052e-03
5.163254600000000138e-02
-2.316770500000000024e-02
3.085537999999999866e-04
-6.995877600000000029e-02
-8.150627000000000566e-03
-8.540319999999999856e-02
-5.276793199999999656e-02
-3.326352300000000317e-02
1.018147500000000059e-02
3.233546799999999916e-02
2.494856299999999999e-02
3.603109300000000015e-02
-1.194924600000000017e-02
-2.746388899999999827e-02
-4.874749599999999607e-03
4.566251500000000074e-02
5.095866499999999848e-03
2.690610699999999855e-02
-5.581831599999999977e-02
-3.877271000000000190e-02
1.502476500000000069e-02
5.996744999999999853e-02
-5.035890600000000189e-02
-2.094075299999999945e-02
-2.851509899999999861e-02
-1.051473999999999985e-02
2.293743200000000065e-02
1.601214299999999952e-02
-1.550089699999999959e-02
1.419546500000000086e-02
7.060850000000000459e-02
7.737542000000000031e-02
-1.449521500000000010e-03
-1.436893399999999987e-03
-1.369240799999999966e-02
9.521455999999999323e-03
-3.950577999999999729e-02
-9.777829999999999508e-03
4.217300999999999689e-02
4.681890000000000183e-03
2.629842199999999838e-02
-3.475091000000000291e-02
3.939842999999999817e-02
-5.581479000000000301e-02
-1.331121799999999966e-02
2.984356300000000004e-02
-9.624031999999999379e-03
1.596956700000000048e-02
4.745793699999999865e-02
3.093103700000000150e-02
2.011808300000000015e-03
1.632199599999999834e-02
5.882950499999999722e-02
-1.417250800000000033e-02
7.110201299999999690e-03
-3.989932999999999674e-02
1.001983300000000056e-02
-2.968088499999999973e-03
-4.922650800000000215e-02
1.646385999999999900e-03
-1.228273600000000070e-02
-6.531918000000000273e-03
1.856894400000000042e-02
1.923040499999999903e-02
-5.468780000000000342e-03
3.603597000000000050e-02
3.115285699999999908e-02
-5.537007399999999829e-02
1.977052199999999871e-02
7.481007999999999929e-03
1.776095299999999946e-02
2.959213200000000016e-02
-5.006375999999999882e-02
-8.010616999999999391e-03
-1.262893600000000033e-02
3.727239400000000036e-02
-1.587009600000000020e-02
3.004594899999999888e-02
3.565912999999999722e-02
-9.328760999999999651e-03
-8.069213499999999817e-02
-3.219774400000000036e-02
2.189271300000000114e-02
6.056687999999999655e-02
1.217275599999999985e-01
3.473583199999999991e-04
-3.731625000000000220e-02
1.472578599999999939e-02
6.814785999999999760e-03
-3.234669200000000328e-02
-2.474350700000000139e-02
2.791092700000000031e-03
1.151964999999999933e-02
3.606184000000000126e-03
-1.372010300000000085e-02
4.054420999999999720e-02
1.329528299999999975e-02
-4.604601300000000369e-03
4.058925000000000033e-02
-6.948445000000000316e-02
3.654276599999999736e-02
5.344426000000000038e-02
-2.380547900000000092e-02
8.300375000000000461e-03
-7.724960300000000002e-03
5.144087199999999860e-02
4.719013700000000006e-02
2.545020200000000163e-02
2.482967800000000086e-02
3.929929000000000061e-02
2.683893399999999832e-02
4.843589699999999859e-02
3.562453399999999937e-02
-7.080663000000000061e-03
1.212425299999999977e-02
-4.498660600000000016e-03
-3.946902000000000396e-03
-4.846595000000000070e-02
1.467827399999999984e-02
3.103738300000000172e-02
1.364571300000000029e-02
-2.025558200000000114e-02
-3.723200399999999910e-02
-9.821075000000000291e-04
-3.534837400000000185e-02
2.336354200000000103e-02
-3.898270399999999997e-02
-1.250231700000000064e-02
2.180500700000000125e-02
4.962818699999999722e-02
-3.330345500000000264e-02
-1.271623900000000071e-02
-4.105071999999999888e-02
1.119224700000000065e-03
2.369474200000000128e-02
-1.805739699999999934e-02
2.039958399999999838e-02
3.376263699999999812e-03
-4.569944399999999879e-02
-7.535418000000000671e-02
6.897699999999999665e-03
-6.348173000000000010e-02
5.445379799999999597e-03
4.967789400000000022e-02
1.953605599999999956e-02
-3.660870000000000096e-02
-8.056489999999999485e-03
2.829182499999999961e-02
4.626386300000000229e-03
2.990374499999999894e-02
7.516138999999999459e-02
-4.198320600000000208e-02
1.093401599999999909e-03
-5.317591499999999721e-02
2.328254100000000035e-02
5.367559200000000114e-02
-3.961291499999999854e-02
