6.399263400000000657e-02
4.116018999999999928e-02
-4.748526599999999820e-02
3.765014699999999926e-03
3.798133499999999801e-02
3.372664400000000007e-02
3.176808999999999883e-02
6.777400000000000264e-03
2.172506199999999985e-02
1.195007000000000014e-02
1.526320349999999923e-02
6.064842599999999834e-02
5.306584400000000090e-02
3.354355299999999679e-02
4.875426599999999749e-03
-1.320617099999999919e-02
3.500269699999999928e-02
2.766085799999999997e-02
-3.163685599999999792e-02
-3.444698499999999941e-02
-4.197611700000000029e-02
2.215235899999999994e-02
1.818536600000000142e-02
5.338932400000000363e-03
1.099954600000000067e-02
-4.513262199999999724e-02
-1.179350699999999995e-02
-5.906257399999999963e-02
1.622737200000000032e-02
-7.934444400000000008e-02
3.804628599999999861e-02
5.790816199999999914e-02
1.784532700000000111e-02
-1.535614700000000055e-02
6.390127499999999350e-02
2.362459899999999960e-02
9.409686999999999912e-03
-3.345167599999999963e-02
5.062680699999999763e-03
-6.591152999999999595e-02
-2.256396999999999917e-02
-5.558737400000000189e-02
7.912733999999999393e-03
1.434401899999999952e-02
-1.070572399999999980e-02
-5.977932999999999858e-02
-2.240424800000000161e-02
-1.212692299999999952e-02
-3.661162800000000023e-02
3.433329200000000136e-02
2.142678400000000080e-02
2.531411899999999951e-02
-2.020817299999999941e-02
-2.158005000000000166e-03
-3.429570400000000324e-02
-4.953990500000000213e-02
-8.838003000000000525e-03
-1.901583999999999913e-02
8.048192399999999636e-02
-8.436818000000000442e-03
1.530473299999999919e-02
-3.034523100000000029e-02
6.777026999999999704e-03
-4.806965600000000227e-02
-2.102003700000000096e-03
-5.431916600000000206e-02
5.507122700000000384e-03
-9.633925999999999688e-04
-8.091874999999999762e-02
2.754287600000000086e-02
-1.912347799999999931e-02
3.961164500000000262e-03
-1.330300400000000022e-02
2.244377900000000051e-02
-1.381581900000000002e-02
2.668688300000000152e-02
-1.197971100000000053e-02
9.829544000000000822e-03
3.004876000000000075e-02
1.718000300000000011e-03
-6.481892999999999683e-02
-2.363597400000000057e-02
2.372971000000000108e-02
2.574026999999999912e-02
1.536068600000000013e-02
4.627001000000000031e-02
3.905033299999999957e-02
-1.636959600000000015e-02
-3.183142500000000347e-02
-2.275722000000000161e-02
1.030290400000000023e-01
2.501466000000000106e-02
1.926302200000000117e-02
8.929553999999999270e-03
3.218466999999999856e-02
-3.809419299999999842e-02
-9.378345999999999905e-02
-1.101689000000000002e-01
1.291031700000000015e-03
1.770165599999999964e-02
-1.215201900000000002e-02
4.665259300000000262e-03
-4.630719500000000238e-02
3.628245600000000199e-03
3.563066000000000150e-02
-1.917244099999999840e-02
-1.368215100000000004e-02
-6.023771299999999829e-02
-7.925603500000000246e-02
7.828302000000000524e-03
5.371862300000000007e-02
1.909877000000000102e-02
4.686571700000000118e-02
4.432577000000000045e-03
-5.491035400000000150e-02
2.279593400000000034e-02
-3.080186600000000066e-02
3.743393999999999888e-02
-1.995604999999999948e-02
4.250586500000000378e-03
4.257419700000000112e-02
9.088615999999999362e-02
-2.246644000000000072e-02
1.016059150000000050e-01
5.748669000000000001e-02
1.583986999999999895e-02
2.761822200000000130e-02
-4.123031299999999760e-02
-6.002919300000000326e-03
-6.656770000000000222e-03
3.929736000000000340e-02
-2.062516299999999844e-02
3.424716399999999661e-02
2.702129600000000020e-02
-2.633792500000000161e-02
-1.619351399999999967e-04
6.363741000000000536e-02
-1.983750399999999886e-02
4.791705999999999743e-03
4.527007999999999727e-02
-1.937529400000000124e-02
-4.205597600000000186e-02
-8.061144000000000642e-02
2.614295700000000139e-02
-1.597722799999999957e-02
-3.789387300000000153e-02
3.558752300000000285e-02
3.406726000000000198e-02
1.435040199999999995e-02
-2.198267200000000171e-02
-1.060417699999999935e-02
2.610954000000000053e-02
2.978799099999999977e-02
-1.736385199999999907e-02
-3.269111400000000028e-02
4.322191300000000069e-02
8.922912999999999331e-03
3.236137599999999812e-03
1.686504900000000001e-02
-1.393581600000000018e-02
1.613049000000000080e-02
-6.669434000000000473e-02
-1.153201300000000068e-02
8.383907399999999954e-02
-3.131904499999999675e-02
-1.564861799999999956e-02
-2.072204999999999880e-02
-2.387177799999999975e-02
1.411487900000000031e-02
-3.370258999999999755e-02
-4.094485600000000169e-02
-4.882477999999999818e-02
-3.443284700000000254e-02
-7.699150999999999911e-02
-1.896507999999999874e-02
1.427487899999999943e-03
-1.003226400000000081e-02
-3.438846400000000053e-02
-4.803369200000000283e-02
-3.194633000000000195e-02
3.901022999999999991e-02
-3.446240999999999888e-02
2.107465000000000033e-02
-4.817239200000000138e-02
-3.416741000000000222e-02
-2.042372300000000127e-02
3.031062299999999834e-02
2.721762100000000087e-02
-6.522211699999999786e-03
5.801874800000000193e-02
-5.415797200000000040e-03
-1.601461300000000046e-02
4.757164500000000094e-03
3.580607499999999971e-02
-9.769115000000000090e-03
6.330932999999999700e-02
1.087763700000000076e-02
-2.572127400000000143e-03
9.344068999999999986e-03
-3.880228000000000149e-02
3.505131599999999903e-02
6.424538999999999944e-02
7.610173399999999727e-03
-3.556005699999999908e-02
-1.319723949999999923e-02
4.942846699999999677e-02
7.484798299999999641e-03
-2.741985200000000150e-02
-1.827715900000000115e-02
5.036896999999999902e-02
-3.484009600000000095e-02
-6.171696000000000126e-02
-2.668783799999999845e-02
-1.757341800000000037e-02
1.740990200000000140e-02
2.518821099999999855e-02
4.561991199999999858e-02
3.038336000000000162e-02
4.164570199999999972e-02
-8.532487599999999395e-02
2.443721899999999961e-02
9.033008000000000356e-03
-2.654786400000000088e-02
6.537966400000000400e-02
-3.013911099999999968e-02
-1.102359200000000046e-02
-8.515274999999999928e-02
-1.226275400000000071e-02
1.679633599999999852e-02
-6.404859000000000246e-02
-2.977371800000000110e-02
1.267528199999999952e-02
3.827619100000000021e-03
-3.389819300000000181e-03
-1.077331599999999980e-02
3.747436400000000306e-02
1.292289050000000085e-02
-6.195195399999999658e-02
8.555415000000000242e-03
-3.405728200000000122e-02
-1.605389299999999964e-02
1.094070800000000038e-02
8.590476999999999141e-03
-7.983795000000000128e-03
4.123212799999999983e-02
-4.872263200000000183e-02
6.377744999999999942e-02
1.189603699999999993e-02
2.632043599999999914e-03
3.649660200000000299e-02
-1.504390499999999978e-02
-7.241825999999999819e-03
-3.537113599999999747e-02
1.632009300000000079e-02
-6.006008999999999654e-02
3.906288699999999753e-02
-2.870164299999999891e-02
3.849058999999999814e-02
-2.263903600000000040e-03
2.093624700000000158e-02
4.884277699999999695e-02
-1.423070950000000084e-02
1.876185799999999931e-02
-3.270175300000000007e-02
-2.272681899999999880e-02
-7.380043000000000020e-02
-9.255358600000000409e-04
4.262316000000000368e-03
1.423976499999999971e-02
-4.728443499999999966e-02
5.526291600000000220e-02
-4.917330699999999943e-02
-3.496484999999999871e-02
6.751708600000000350e-04
-3.562517500000000198e-02
3.199504999999999710e-02
-2.096767500000000159e-02
9.607663000000000661e-03
-3.526155699999999893e-02
-2.769995899999999969e-02
2.495526699999999973e-02
-1.858449199999999879e-04
4.473699700000000057e-03
-1.651731700000000011e-02
2.464860899999999841e-02
-2.119885299999999841e-03
2.911049300000000117e-02
-2.777112500000000067e-02
1.899079799999999971e-02
-5.918402999999999858e-02
3.037186899999999926e-02
4.571669500000000164e-02
-4.843133300000000002e-02
-5.039551999999999921e-02
1.524991699999999999e-02
2.088448600000000072e-02
4.942318999999999879e-02
5.716725400000000068e-02
-9.412953999999999419e-03
-2.938066400000000078e-02
1.535231899999999969e-02
4.201931500000000153e-02
-6.990912999999999988e-02
6.593219000000000163e-02
-6.655925999999999509e-02
1.057766800000000014e-02
-2.993755799999999953e-02
3.578179000000000082e-02
-8.308615999999999571e-03
-1.775834199999999988e-02
1.164656799999999950e-02
2.739865999999999829e-02
-2.275131299999999870e-02
-4.379254600000000164e-02
-5.358537299999999864e-02
-1.864741699999999947e-02
-1.196603499999999987e-01
-2.874844499999999834e-03
3.423479200000000000e-02
4.091149000000000174e-02
1.940042200000000050e-02
-5.008221000000000200e-03
-7.545211000000000279e-02
-1.315273900000000010e-02
4.241182000000000285e-02
-1.037511300000000004e-02
1.846598600000000021e-02
-3.707761999999999863e-02
6.109062600000000204e-02
2.671110399999999940e-02
1.498725700000000036e-02
-1.962424000000000113e-02
3.175917000000000323e-02
-3.632006000000000123e-02
1.421932599999999915e-02
1.827125599999999961e-02
-5.527404300000000187e-02
2.022287000000000043e-02
6.157841499999999746e-02
-1.991277400000000114e-02
2.427171399999999979e-02
-3.281872999999999822e-03
3.949928300000000309e-02
1.996315300000000084e-02
-6.240884000000000362e-03
-3.434365600000000018e-02
-3.842104999999999826e-02
-3.013027999999999887e-02
6.474576000000000116e-03
-1.511733000000000000e-02
4.126387499999999847e-02
5.997740000000000016e-02
2.539594800000000152e-02
-5.780758300000000093e-03
1.545696099999999996e-02
4.492685999999999902e-02
5.231011700000000320e-02
3.581345500000000098e-02
4.727614699999999753e-02
1.946899699999999830e-02
4.048453600000000152e-02
4.365756700000000129e-02
2.462153900000000131e-02
4.247517499999999696e-02
6.169218199999999819e-02
2.497885700000000014e-02
3.673015000000000307e-02
5.567380400000000035e-02
1.232608600000000042e-03
-7.102404700000000334e-03
-8.985250000000000181e-03
3.657224399999999681e-02
2.079186200000000123e-02
-5.995494300000000186e-03
1.289684399999999932e-02
-5.985808699999999732e-02
-2.049869899999999870e-02
1.127813899999999953e-02
-2.607473999999999903e-02
-1.014409999999999965e-02
-1.698654000000000136e-02
-2.691228099999999970e-02
-3.574894700000000314e-02
4.817243700000000371e-03
-1.338518099999999947e-02
6.805181999999999898e-02
-1.161564999999999959e-01
-1.062794199999999960e-02
-2.390360500000000138e-02
-2.490266999999999828e-02
-1.052231699999999978e-02
6.724420000000000397e-02
-2.058820999999999915e-02
-1.217793600000000032e-02
-4.512815500000000313e-02
4.687465999999999855e-02
6.679387999999999992e-02
2.497415000000000052e-02
4.749072200000000084e-03
5.227674300000000399e-03
1.051262399999999993e-02
-4.312388200000000227e-02
6.244040700000000332e-02
-4.722080800000000300e-02
4.118834400000000173e-02
-2.442760600000000101e-02
8.879937000000000247e-02
-7.078980599999999679e-03
-5.778719000000000217e-02
6.136939000000000283e-02
-1.830551799999999979e-03
-2.662302199999999966e-02
-3.694496800000000077e-03
-4.820842300000000198e-03
-3.972944999999999949e-02
-3.400197600000000320e-02
7.339666999999999719e-02
1.415701200000000007e-02
5.183524600000000149e-02
6.893072000000000088e-02
2.306624100000000122e-02
4.484023499999999912e-02
3.225084000000000284e-02
6.762821700000000262e-03
8.405907000000000656e-03
-6.413544999999999663e-02
-4.904948999999999594e-03
-2.074402800000000116e-02
-4.118301399999999696e-03
-2.302749600000000146e-02
6.720885999999999527e-02
2.306062500000000126e-02
1.548927200000000011e-02
7.356274000000000146e-02
-1.383286000000000064e-02
2.998684899999999945e-02
3.693826000000000054e-02
-4.564047200000000137e-02
-2.598543999999999854e-02
5.128136600000000184e-02
2.733397900000000130e-02
2.939464899999999839e-02
6.754287999999999959e-02
-1.251573100000000043e-02
-4.511557000000000241e-03
1.910173899999999952e-02
-2.465426399999999865e-02
1.600691699999999898e-02
6.133998300000000417e-03
1.109410499999999994e-02
1.272845300000000068e-02
-3.268084499999999830e-03
-1.620305999999999830e-02
-6.843681000000000070e-02
-8.268184000000000644e-02
5.208257200000000059e-02
1.147368550000000056e-02
2.517107000000000025e-02
-3.796359500000000275e-02
-3.193544000000000244e-02
-4.790878300000000339e-02
-1.513395550000000075e-02
1.334440150000000026e-02
4.041294799999999715e-02
-9.626470999999999292e-03
6.966224999999999935e-04
-3.095836800000000000e-02
4.447601699999999963e-02
-9.133051999999999577e-04
3.652311999999999920e-02
4.519340799999999742e-02
9.324838999999999697e-03
1.174766899999999947e-01
1.701178499999999975e-03
-7.219805000000000146e-03
1.076081299999999928e-02
2.292780399999999955e-02
3.477949600000000002e-02
-3.812755000000000311e-02
-6.857258700000000429e-03
-3.942008999999999791e-02
-6.047727000000000137e-03
-3.402622400000000075e-02
3.505233700000000285e-02
1.779474899999999860e-02
-9.448341999999999873e-05
-2.062849699999999911e-02
1.162169499999999960e-02
-5.109020999999999701e-02
-1.960619699999999882e-02
2.841549200000000053e-02
2.677038000000000074e-03
-3.237853000000000259e-02
-1.236398099999999958e-02
1.933040499999999842e-02
-1.861300899999999980e-02
9.172932000000000308e-02
-1.740337700000000112e-02
-7.164946999999999636e-03
3.614117000000000024e-02
5.087076499999999835e-02
4.919891800000000120e-02
-5.913738000000000328e-02
-1.893791799999999977e-03
-4.260339199999999688e-02
1.993266499999999872e-02
-6.537395999999999485e-02
3.339622999999999897e-03
6.074856000000000006e-02
-1.296052150000000062e-02
-2.193257200000000087e-02
-4.431026400000000198e-02
6.408563000000000454e-02
-9.341205499999999731e-03
-2.714978700000000161e-02
-4.184309399999999735e-02
1.704015799999999969e-02
1.634981900000000155e-02
-2.091343099999999969e-02
2.523730999999999891e-02
-3.078379200000000079e-03
-3.443985399999999891e-02
-1.735911299999999893e-02
-9.857351999999999781e-03
1.273314899999999916e-02
1.919943099999999944e-02
7.438477999999999757e-02
-4.028057300000000007e-02
3.711029999999999884e-02
3.101392999999999858e-02
-1.012404299999999924e-02
5.386073999999999723e-02
2.379391900000000018e-02
5.469086799999999665e-02
3.507179400000000336e-02
4.394461200000000095e-02
6.378685000000000604e-02
-7.133203599999999624e-03
6.858981999999999579e-02
1.746177900000000019e-02
6.645942000000000516e-02
3.249023999999999662e-02
1.075509399999999977e-02
4.986882599999999804e-02
2.183000599999999902e-02
5.116120400000000179e-02
2.272895999999999944e-02
5.575886000000000037e-02
-1.558958549999999929e-02
4.710220500000000116e-02
-3.174950000000000168e-03
-5.292660999999999893e-02
-3.677361899999999958e-03
-1.526746799999999932e-02
7.147372199999999995e-03
-2.290013999999999939e-03
4.803947699999999710e-02
-4.344164600000000043e-02
-2.256979200000000171e-02
-2.207721600000000020e-02
2.852306900000000159e-02
-5.693967300000000314e-02
5.499643000000000240e-03
-7.128268999999999578e-03
-3.617547499999999860e-02
-2.571143000000000040e-02
4.342328300000000002e-03
2.481139799999999840e-02
-7.675892000000000132e-03
1.713860799999999962e-02
3.335703999999999753e-02
-2.532609400000000038e-02
4.426973000000000019e-02
-2.183575000000000099e-02
1.939249399999999970e-02
-2.563236099999999934e-02
-6.826822999999999919e-02
4.757364699999999842e-03
4.434757999999999756e-02
1.716197100000000156e-02
-5.976448799999999929e-03
-1.857508199999999970e-02
4.133778999999999926e-02
3.222492700000000043e-02
9.756371999999999267e-03
-3.742729499999999931e-02
8.498431000000000626e-05
-2.394205500000000028e-02
-4.584674300000000056e-03
-1.189218600000000077e-02
-8.334671999999999567e-03
-4.212559000000000269e-04
5.895658399999999938e-03
-2.430050400000000055e-02
4.917562799999999901e-02
-3.306005499999999792e-02
-2.277414900000000048e-02
4.688394700000000047e-03
5.702578299999999656e-02
8.521808999999999981e-03
2.002763600000000144e-02
-3.693607399999999930e-02
5.689168000000000003e-02
-2.016396399999999950e-02
-8.249921000000000337e-03
-5.667667500000000275e-02
-2.439808499999999991e-02
-8.539381999999999528e-02
-1.193665499999999914e-02
3.889206800000000186e-02
6.137410599999999598e-03
3.831595599999999824e-02
-3.216912599999999928e-02
-4.133801000000000142e-02
-4.004443399999999681e-02
-1.567706799999999887e-02
-3.092373500000000081e-02
-5.286273400000000150e-02
1.208638299999999915e-02
1.053185799999999984e-02
2.676980400000000121e-02
3.095032299999999834e-02
2.272215099999999946e-02
-1.172376399999999937e-02
-4.263977299999999887e-02
-2.236422299999999905e-02
4.029148999999999925e-02
-6.961599500000000343e-03
3.574322500000000347e-02
-6.441046000000000271e-02
7.985706999999999875e-03
8.627756999999999787e-03
6.712076999999999627e-02
-3.649167700000000014e-02
-4.658116000000000340e-02
-4.691266599999999870e-02
-7.126592600000000374e-03
2.689268400000000003e-02
2.270849600000000162e-02
-3.369954599999999689e-02
3.776247399999999727e-02
4.167618000000000017e-02
8.287002999999999731e-02
-1.843789200000000086e-02
-2.359166399999999830e-02
-5.071006699999999756e-02
-8.486831999999999709e-03
-4.145712000000000008e-02
-5.747716000000000316e-05
5.245455699999999888e-02
4.551325499999999899e-03
3.775102000000000319e-02
-6.108923000000000131e-02
2.046119799999999989e-02
-3.492751999999999662e-02
-2.820212999999999800e-03
7.491453000000000348e-03
-4.421668000000000126e-02
-1.188042100000000082e-03
-1.833183999999999855e-02
1.148406899999999953e-02
-1.820943499999999951e-02
9.902997999999999662e-03
1.972265399999999919e-02
-1.442098300000000007e-02
7.355024600000000141e-03
-6.720716499999999927e-02
1.256770599999999967e-02
-4.629886700000000396e-03
-2.979638600000000109e-02
9.455240999999999646e-03
-1.612259300000000103e-02
-1.011363399999999982e-02
1.732284599999999938e-02
3.562883000000000022e-02
-2.450219999999999829e-02
5.035363600000000370e-03
2.013070900000000010e-02
-5.212782299999999674e-02
-8.651992499999999579e-04
-1.752570499999999906e-02
4.801998000000000030e-03
3.445172999999999985e-02
-1.884411500000000156e-02
-1.183042800000000047e-02
-4.177169000000000021e-02
5.798927300000000090e-02
-1.210071599999999921e-02
-1.709224999999999980e-02
1.563640000000000169e-02
-5.913986000000000416e-03
-7.207697000000000409e-02
-1.966174099999999994e-02
4.956118400000000118e-02
3.008365799999999923e-02
7.936745000000000605e-02
-2.268418900000000044e-02
-8.096170999999999229e-03
1.689061000000000035e-02
2.653694200000000086e-02
-2.586269000000000068e-02
-1.969730299999999934e-02
-1.752058800000000013e-02
-1.626506999999999953e-02
1.042276099999999914e-02
-4.235753800000000013e-02
6.610567000000000526e-02
2.778923299999999999e-02
-2.990718700000000087e-03
3.542275000000000285e-02
-2.779063600000000051e-02
4.211941999999999769e-02
1.154388949999999962e-02
-3.643185000000000173e-02
8.460960000000000009e-03
-1.237310999999999966e-02
4.934477000000000307e-02
4.307407500000000333e-02
5.948753300000000216e-02
-3.435357299999999836e-02
5.047092999999999718e-02
1.261121800000000043e-02
4.845222500000000154e-02
4.587661999999999990e-02
-9.351658000000000540e-03
1.113287999999999951e-02
-2.350662800000000163e-02
-2.652917399999999912e-02
-3.830729399999999868e-02
2.190324499999999827e-02
1.249227800000000076e-02
1.624335500000000099e-02
-2.764826600000000120e-02
-1.203446099999999977e-03
-1.536831399999999924e-03
-3.909490599999999871e-02
5.232688399999999712e-02
-1.084058499999999980e-02
-1.661174699999999962e-02
3.533428500000000000e-02
4.621685300000000218e-02
-3.738666300000000053e-02
3.162695999999999997e-03
-3.031829999999999942e-02
-1.199688999999999964e-02
1.479268200000000014e-03
-1.438163699999999920e-02
2.861430499999999960e-02
2.036359899999999959e-02
-3.999318600000000001e-02
-6.394420600000000343e-02
1.051138599999999930e-02
-5.176483999999999946e-02
-7.560515999999999764e-03
-7.406387000000000387e-03
-9.626683999999999936e-03
-3.699763500000000094e-02
-4.100696399999999991e-02
4.546275699999999947e-02
-1.854246099999999967e-03
2.215157300000000079e-02
7.869558000000000109e-02
6.909794000000000352e-03
-5.894053300000000328e-03
-2.005022600000000085e-02
1.110095799999999931e-02
4.647434999999999761e-02
-4.782442399999999733e-02
