6.540245599999999770e-02
3.539905699999999766e-02
-6.930575999999999404e-02
-7.537575000000000351e-03
1.795731700000000042e-02
4.960759700000000327e-02
2.686692000000000073e-03
4.676783999999999802e-02
1.414351999999999970e-02
9.886922000000000679e-04
3.899236799999999947e-02
6.306156499999999998e-02
1.431559699999999935e-02
3.260430699999999904e-02
2.854136399999999962e-02
-7.426196999999999833e-03
2.245538099999999995e-02
3.643434499999999993e-02
-2.409537299999999979e-02
-5.066659300000000282e-02
-4.893802500000000305e-02
1.624408199999999997e-02
2.364104399999999995e-02
-5.017754999999999611e-03
1.794702999999999923e-02
-3.354288300000000250e-02
-3.831381400000000159e-03
-6.231730800000000181e-02
1.036081399999999944e-02
-5.878219800000000078e-02
3.577927000000000191e-02
4.611449000000000104e-02
3.201152000000000164e-02
-2.510720300000000155e-02
5.600065700000000229e-02
2.435249600000000125e-02
-8.653973000000000568e-03
-1.665500599999999998e-02
3.072756499999999835e-02
-6.700873400000000035e-02
-1.398935899999999982e-02
-1.516228199999999915e-02
-4.877315000000000123e-03
3.859697000000000128e-02
-1.800471500000000100e-02
-5.523183999999999733e-02
-3.776272800000000235e-02
-1.396815800000000092e-03
-3.901189199999999940e-02
3.072040900000000060e-02
5.130168000000000054e-03
4.003044199999999941e-02
-3.199363999999999680e-02
-2.028032199999999993e-02
-3.447243600000000213e-02
-6.669433399999999401e-02
4.059871999999999960e-03
-2.186155299999999885e-02
6.851961500000000593e-02
-4.740170999999999968e-02
2.958386700000000154e-03
-5.679753399999999675e-02
3.109730600000000164e-02
-6.734790000000000221e-02
7.402333399999999793e-03
-7.324806000000000372e-02
1.531078399999999916e-02
-3.663490000000000149e-03
-7.898449999999999915e-02
1.303165499999999963e-02
-1.938925299999999866e-02
4.559064300000000361e-03
-5.343818600000000384e-03
3.773898800000000196e-03
-1.463702499999999969e-02
1.652222000000000066e-02
-2.652565999999999952e-02
-4.701018000000000059e-04
3.417785000000000267e-02
1.203705600000000084e-02
-3.235256300000000085e-02
-3.543599000000000054e-02
1.470706700000000075e-02
1.939291699999999910e-02
-2.410964900000000036e-02
2.363606199999999935e-02
2.295230100000000134e-02
1.533740599999999961e-02
-3.441596799999999817e-02
-2.830342899999999887e-03
1.319611400000000045e-01
3.846272500000000316e-02
3.539465099999999920e-03
2.020996400000000040e-02
8.983096499999999873e-02
-3.571734000000000020e-02
-9.867744999999999989e-02
-1.504443000000000030e-01
1.181855000000000058e-02
2.049651200000000145e-02
-1.447754299999999984e-03
-1.746940199999999846e-02
-2.753317500000000001e-02
-3.452323599999999968e-03
3.383177500000000143e-02
1.018222999999999958e-03
-2.024164200000000066e-02
-6.901237000000000343e-02
-8.246939999999999826e-02
1.892902499999999863e-02
7.730575000000000641e-02
1.004498000000000023e-02
3.703208599999999878e-02
-3.253592999999999763e-02
-4.300671400000000144e-02
-1.498568299999999867e-04
-2.216388299999999881e-02
3.378375000000000128e-02
-9.988063999999999623e-03
-1.865106399999999845e-02
3.270370999999999695e-02
7.256864000000000370e-02
-1.283291200000000014e-02
6.502835499999999602e-02
4.897853399999999718e-02
5.023927000000000080e-03
-8.720983999999999334e-03
-2.055943400000000143e-02
-1.307249000000000085e-02
8.512673999999999588e-03
2.408924999999999955e-02
-2.933467000000000019e-02
2.472158899999999868e-02
3.495589000000000335e-02
-2.670809999999999851e-02
-9.113733000000000598e-03
8.273928999999999312e-02
1.870977299999999899e-02
-2.539728999999999945e-02
4.820274199999999981e-02
-2.385686199999999951e-02
-1.171107099999999998e-02
-7.404842000000000368e-02
7.910060999999999481e-03
-2.874250199999999963e-02
-5.681400999999999812e-02
3.784002999999999672e-02
3.283801000000000081e-02
1.079282099999999932e-02
-3.093420900000000071e-02
-4.122433799999999926e-02
-8.120334999999999359e-03
2.281169799999999831e-02
-2.710220799999999916e-02
-1.694530199999999889e-02
3.518363000000000046e-02
2.449868200000000079e-03
-1.715082000000000065e-02
3.535593000000000069e-02
-2.771093000000000167e-02
2.470862299999999900e-02
-5.932591499999999990e-02
-1.399841899999999979e-02
6.270541000000000309e-02
-3.903922399999999737e-02
-3.269154600000000188e-02
-1.405294600000000019e-02
-5.575109000000000314e-02
8.729426999999999673e-03
-2.727408099999999863e-02
-5.484605000000000036e-02
-5.095439999999999692e-02
-6.345820000000000627e-02
-7.546782999999999964e-02
5.491600400000000264e-03
2.505956800000000081e-02
-1.040690499999999928e-02
-3.214614999999999834e-02
-3.857192999999999733e-02
2.003997300000000086e-03
6.495149399999999851e-02
-1.992659800000000023e-02
2.609759399999999827e-02
-5.756719799999999998e-02
5.856311399999999598e-03
3.531107400000000045e-03
6.012967999999999785e-02
4.043975500000000084e-02
4.090712600000000199e-02
4.936475700000000216e-02
1.855564300000000014e-02
-4.014552400000000187e-02
9.678523000000000508e-04
2.062955099999999944e-02
3.784207999999999843e-03
8.523115000000000552e-02
1.951126200000000144e-02
1.006446499999999987e-02
4.348900600000000366e-03
-3.366739299999999685e-02
4.580154599999999854e-02
6.348138000000000392e-02
7.768457299999999982e-03
-3.897831500000000209e-03
-8.108044999999999489e-03
5.959672500000000317e-02
-9.908208999999999420e-03
-5.263573700000000188e-02
8.121592999999999868e-03
3.757351600000000125e-02
-5.183394599999999880e-02
-3.973257000000000178e-02
-1.981872100000000095e-02
-3.618927300000000097e-02
9.154369000000000742e-03
3.438493599999999789e-02
1.855596199999999876e-02
3.925236299999999845e-02
7.471426000000000456e-02
-4.064731700000000225e-02
6.086495499999999836e-02
2.710248900000000044e-02
-3.505966800000000216e-02
7.070532399999999995e-02
4.648247700000000121e-03
-9.365731000000000403e-03
-7.895245400000000524e-02
1.411953500000000077e-02
4.697427599999999884e-03
-6.671270999999999451e-02
-2.011295999999999917e-02
5.466613500000000112e-03
-7.437067000000000330e-03
-1.384124699999999923e-02
-5.106444300000000103e-02
1.339427699999999957e-02
2.350406999999999844e-02
-4.596675000000000066e-02
-1.195159099999999926e-02
-1.442826799999999930e-02
6.848581000000000286e-03
1.114725700000000069e-02
6.259675600000000339e-03
1.951428399999999980e-03
2.647720599999999966e-02
-3.805535300000000010e-02
5.422634300000000324e-02
3.601816000000000045e-02
-1.589106599999999883e-02
-1.340697500000000023e-03
-1.902640599999999918e-02
-3.046809899999999849e-02
-6.967866000000000337e-02
8.987267499999999909e-03
-3.983344500000000205e-02
2.669215000000000129e-02
1.792153200000000043e-02
3.576031300000000190e-02
2.090765199999999879e-02
3.306995299999999915e-02
5.728995399999999710e-02
-1.752344700000000102e-02
1.054274699999999988e-02
-3.162687000000000137e-02
-3.567601399999999895e-02
-5.886087599999999947e-02
-2.158945199999999856e-02
-1.169410100000000015e-02
1.276088499999999959e-02
-5.532784999999999787e-02
4.164348500000000092e-02
-3.416845999999999772e-02
-6.012642800000000259e-02
-2.392422599999999983e-02
-7.185908000000000399e-03
3.635424400000000084e-02
-3.117205600000000007e-02
2.738649799999999870e-02
-5.354269600000000073e-02
-4.923613699999999926e-02
4.204674800000000184e-02
1.153891500000000028e-02
-9.077814000000000022e-03
-4.401442400000000338e-02
2.697810900000000012e-02
-1.165712200000000066e-02
1.038380399999999995e-02
-3.608826999999999998e-04
-5.298993000000000106e-03
-6.437536000000000647e-02
3.166558600000000251e-02
2.761281700000000131e-02
-2.731959299999999966e-02
-8.933905500000000055e-02
3.023471299999999987e-02
-5.415380000000000020e-03
4.447441500000000325e-02
6.267591000000000134e-02
-3.287318300000000026e-02
-2.715448700000000146e-02
1.096011600000000065e-02
3.161359600000000075e-02
-6.296328499999999384e-02
4.681369300000000344e-02
-4.106535800000000319e-02
1.309587800000000003e-02
-4.088457999999999676e-02
2.675130200000000111e-02
-1.416518100000000065e-02
3.273815800000000071e-03
2.426943700000000134e-02
5.095736000000000016e-02
-2.044886200000000168e-02
-8.568126000000000561e-03
-3.981624999999999748e-02
-3.134891000000000066e-02
-1.165536900000000015e-01
-1.962070200000000028e-02
2.311701000000000034e-02
2.686627600000000143e-02
2.133414100000000091e-02
1.723031499999999952e-02
-3.696428599999999898e-02
1.325813900000000038e-02
1.597250300000000031e-03
-2.483460700000000160e-02
2.189783799999999933e-02
-1.922413900000000120e-02
3.693451700000000004e-02
1.241009200000000017e-03
4.217246999999999663e-02
-2.620436400000000082e-02
3.516783999999999882e-02
-4.421261700000000266e-02
2.191706200000000104e-02
-2.565878300000000098e-02
-5.855214999999999725e-02
1.090116199999999983e-03
7.244375000000000120e-02
-9.142172999999999966e-03
1.672871999999999901e-02
6.316957500000000385e-03
5.038997499999999657e-02
2.889887700000000077e-03
4.667248999999999942e-04
-2.021138399999999891e-02
-5.981777199999999822e-02
-1.862785800000000061e-02
1.360046099999999945e-02
-2.035036999999999957e-03
2.834407800000000172e-02
7.109822999999999837e-02
3.334728800000000184e-03
-1.343521850000000024e-02
-7.740502699999999604e-03
3.822538300000000167e-02
4.244863200000000003e-02
2.876436200000000165e-02
2.517977700000000041e-02
2.461828699999999912e-02
1.966313299999999931e-02
4.620588999999999946e-02
-3.242068700000000098e-03
4.390457999999999861e-02
6.363678999999999863e-02
2.823936000000000154e-02
4.212794499999999998e-02
5.478083300000000100e-02
-3.856721000000000021e-03
-3.479252000000000039e-02
-5.712753000000000102e-03
3.772302000000000294e-02
2.239129499999999856e-02
-5.677352000000000093e-03
3.076058400000000054e-02
-4.064655699999999983e-02
-2.961183499999999955e-02
1.819903599999999830e-02
-1.003161200000000051e-02
-3.761836500000000083e-02
-1.000691949999999927e-02
-5.379877599999999954e-02
-2.855514400000000105e-02
1.618309299999999909e-02
-2.985268599999999981e-02
6.900428999999999591e-02
-7.054282000000000608e-02
1.828923000000000007e-02
-4.002477000000000118e-02
-2.391027500000000167e-02
-2.731629500000000085e-02
4.826519600000000326e-02
-2.853886700000000053e-04
4.077995000000000057e-03
-1.969434100000000062e-02
5.255946499999999966e-02
3.739958599999999855e-02
-1.870056799999999988e-03
-1.229728300000000087e-02
-1.783408599999999899e-02
3.477805999999999953e-02
-3.220236700000000257e-02
3.905509800000000337e-02
-4.826838499999999699e-02
4.159687000000000107e-02
-1.080236300000000059e-02
7.823446400000000356e-02
1.267774399999999947e-02
-6.461371000000000475e-02
4.368175199999999730e-02
-1.496198600000000004e-03
-4.338245999999999769e-02
-1.756386600000000089e-02
4.467496999999999961e-03
-5.954489500000000046e-02
1.031973899999999921e-03
4.063281400000000321e-02
9.182410999999999698e-03
4.914516199999999918e-02
6.986952999999999914e-02
1.337983100000000002e-02
2.727233000000000088e-02
3.061776800000000007e-02
1.330990899999999998e-02
-2.720655699999999927e-02
-6.608078000000000563e-02
-1.367290699999999977e-02
-8.419862999999999653e-04
-1.878089199999999955e-03
-1.563573399999999836e-02
3.959668999999999689e-02
1.340663999999999918e-02
-1.894931000000000046e-02
7.394799000000000511e-02
-1.776979899999999932e-02
3.889019800000000082e-02
3.651444999999999691e-02
-1.925920999999999883e-02
-2.179494499999999960e-02
5.363053000000000264e-02
4.114956000000000169e-02
3.386439000000000116e-02
7.464748999999999690e-02
-1.363334299999999916e-02
-7.134332000000000173e-03
-1.617975300000000158e-02
6.293460999999999543e-04
-1.647081600000000097e-03
-1.078978400000000018e-02
-7.353625299999999587e-03
1.124765299999999895e-03
1.544508500000000076e-02
-7.378168000000000053e-03
-4.957991999999999955e-02
-6.523473000000000466e-02
5.756329999999999780e-02
1.012086000000000062e-02
3.313481399999999855e-02
-3.936403599999999808e-02
-2.544371900000000006e-03
-6.653815500000000160e-02
-3.033995999999999915e-02
1.061078300000000037e-02
2.161495600000000114e-02
-2.681916800000000087e-02
7.772276600000000042e-03
-4.401261699999999694e-02
3.347685200000000139e-02
6.279078000000000437e-02
1.084790799999999986e-02
4.826400000000000134e-02
2.363118999999999983e-02
9.210165600000000397e-02
2.371523199999999929e-02
-3.152637999999999968e-02
-4.090818999999999879e-03
2.050927799999999884e-02
-4.232356999999999959e-03
4.072419400000000002e-03
-1.164131799999999946e-02
-4.106993200000000344e-02
-1.274153800000000017e-02
-2.508501499999999870e-02
4.535946999999999896e-02
2.370967499999999950e-02
-1.931743099999999949e-02
-7.485361299999999940e-03
7.241703599999999713e-04
-2.652432199999999948e-02
-9.922481000000000356e-03
2.632318300000000000e-02
2.258743300000000051e-02
-1.016520100000000044e-02
-3.480628499999999931e-02
1.566003399999999976e-02
-1.673797499999999869e-02
5.278143300000000260e-02
-3.289529299999999906e-02
-4.909985499999999781e-02
7.283462000000000269e-02
6.939787399999999828e-02
4.152133000000000213e-02
-4.400554000000000271e-02
-1.854097299999999879e-02
-2.584544999999999898e-02
1.140558499999999933e-02
-6.069361000000000200e-02
-6.754577599999999661e-03
4.190452000000000066e-02
1.147273600000000074e-02
1.483002599999999963e-03
-4.209579000000000099e-02
2.815595499999999987e-02
4.781365400000000231e-03
-4.785818000000000016e-02
-2.505587800000000018e-02
-8.991238999999999829e-03
-9.843237999999998947e-04
-2.743521000000000154e-02
3.436033799999999722e-02
1.649933699999999934e-02
-3.113497600000000171e-02
-1.067440899999999929e-02
-5.939408699999999992e-03
8.387472499999999720e-03
1.134336499999999935e-02
5.190986799999999790e-02
-7.770690000000000236e-03
1.871610599999999971e-02
-1.041664399999999921e-02
-5.083638199999999767e-03
5.862850700000000331e-02
2.980065499999999881e-02
3.922875599999999657e-02
1.588115500000000097e-02
3.040747200000000136e-02
7.140878600000000187e-02
6.207340999999999900e-03
5.689250700000000188e-02
1.848792299999999986e-02
4.846019299999999863e-02
4.993155999999999983e-02
6.793276400000000138e-03
2.699074300000000107e-02
1.465026399999999965e-02
4.675632999999999873e-02
1.179879399999999960e-02
5.081537700000000185e-02
-3.631608199999999953e-02
3.894518699999999917e-02
-4.408187799999999795e-02
-2.749514999999999945e-02
-4.512453500000000034e-02
-6.757141999999999836e-03
2.892630200000000096e-02
-2.755200899999999883e-02
4.893736499999999656e-02
-2.234087900000000099e-02
-2.371072800000000036e-02
-1.454680899999999952e-03
4.913307399999999880e-02
-4.974463199999999696e-02
9.381710999999999176e-03
-2.911315299999999925e-02
-4.673099000000000003e-02
-1.738774800000000148e-02
-2.432374299999999837e-02
5.164901999999999688e-02
-5.486562399999999652e-03
1.760903399999999910e-02
2.437278600000000045e-02
-3.320241000000000164e-02
4.378039400000000025e-02
-2.084833200000000067e-02
2.267688699999999974e-02
-2.537053499999999961e-02
-7.657100000000000017e-02
2.429143900000000147e-02
5.524811000000000305e-02
3.091303299999999948e-02
2.521088800000000161e-03
-1.808992200000000133e-02
1.734853299999999932e-02
1.270809500000000085e-02
-1.519565699999999957e-02
-2.445647000000000099e-02
2.932065500000000102e-02
-2.192045399999999894e-02
1.924015399999999890e-02
7.881766999999999593e-03
-3.583241300000000133e-03
1.585462300000000171e-02
1.883632500000000098e-02
-3.258778500000000106e-02
6.244382999999999878e-02
-3.414266999999999996e-02
-4.064762599999999920e-02
2.300033500000000022e-02
3.725297999999999804e-02
2.094528600000000046e-02
3.698311399999999749e-02
-3.066391499999999992e-02
4.671044600000000269e-02
-1.945568199999999845e-02
-1.339312599999999999e-02
-6.370748599999999373e-02
-4.064714999999999995e-02
-6.805645999999999918e-02
-2.636087100000000100e-02
1.790579000000000129e-02
-1.153439600000000058e-02
1.899909199999999868e-02
-3.473174200000000295e-02
-3.546922999999999743e-02
-8.403568999999999622e-02
4.202197999999999871e-03
-4.027631500000000003e-02
-4.703135399999999744e-02
2.041315999999999964e-02
8.108927000000000149e-03
1.170919500000000037e-02
9.361203999999999706e-03
1.873297999999999977e-02
-2.311884599999999845e-02
-2.271634700000000132e-02
-1.748842000000000105e-02
2.209800300000000148e-02
3.049679799999999857e-02
6.534877399999999836e-02
-6.108450499999999728e-02
-2.482412000000000160e-02
-6.884521299999999885e-03
7.676549000000000567e-02
-3.102626500000000079e-02
-5.287365200000000015e-02
-3.446966399999999708e-02
-2.822706700000000152e-02
3.406226600000000077e-02
2.799138400000000110e-02
-1.829266200000000120e-02
1.745358500000000063e-02
5.543801999999999758e-02
8.259189000000000114e-02
-1.067027699999999928e-03
-2.424252799999999930e-02
4.703891499999999712e-03
2.926726300000000169e-02
-5.145660999999999985e-02
1.695937499999999876e-02
3.729458499999999815e-02
-2.834088900000000105e-03
3.648561200000000060e-02
-5.933493000000000100e-02
8.299047000000000368e-03
-5.025235000000000118e-02
-1.334625950000000068e-02
1.591884000000000007e-02
-3.526909999999999767e-02
2.319407199999999961e-03
-2.036992500000000053e-02
-1.069586399999999937e-02
-3.139578999999999981e-02
7.365899599999999742e-03
1.182345100000000045e-02
-3.218398599999999776e-02
-1.184038400000000067e-02
-8.809229999999999838e-02
3.623364699999999817e-03
-4.228383200000000014e-04
-4.043547799999999692e-02
1.808654999999999985e-02
-2.015813799999999906e-02
2.591378800000000010e-02
1.574427000000000118e-02
-1.426678699999999952e-02
-1.863265199999999955e-02
1.133168700000000001e-02
2.602519299999999855e-02
-5.656715999999999828e-02
1.892922799999999933e-02
1.092702800000000009e-02
2.602094799999999861e-02
2.394834699999999830e-02
-5.655940599999999957e-02
-2.299316800000000133e-02
-9.289810000000000775e-03
4.848589999999999844e-02
-1.795392100000000116e-02
-1.860324500000000089e-02
3.480221000000000009e-02
-2.667862000000000011e-03
-4.689071699999999843e-02
-2.541781599999999933e-02
4.004198700000000111e-02
1.499960000000000009e-02
9.222953000000000401e-02
-3.583474500000000118e-02
-1.400438499999999897e-03
-1.949405699999999866e-02
2.898090299999999883e-02
-4.668107299999999654e-02
-2.030469700000000002e-02
-1.838122500000000104e-02
-2.090913800000000072e-02
-1.098528499999999915e-02
-2.325591800000000042e-02
6.505234000000000016e-02
5.572399000000000102e-02
-6.297208000000000319e-03
1.975708799999999904e-02
-4.575454400000000116e-02
4.647207999999999894e-02
4.435564000000000173e-02
-3.816403399999999946e-02
2.452653800000000051e-02
2.208517299999999961e-02
3.094014200000000034e-02
5.735189999999999733e-02
4.130294999999999800e-02
-1.466503499999999988e-02
5.740556499999999868e-02
2.125920699999999872e-02
3.244422000000000278e-02
5.259374499999999730e-02
1.124279849999999976e-02
1.833550399999999900e-02
-2.108812499999999923e-02
-2.677033700000000169e-02
-3.229081000000000312e-02
1.660323000000000007e-02
2.057956000000000021e-02
2.417948699999999951e-02
-2.577848500000000029e-02
-5.549049000000000342e-03
-7.066035000000000024e-03
-2.528920200000000021e-02
2.258475700000000044e-02
-3.259823500000000318e-02
-2.673936400000000158e-02
1.706478999999999982e-02
3.468357999999999858e-02
-3.166937000000000224e-02
-1.655645500000000117e-02
-3.271339999999999665e-02
-1.897177299999999994e-03
2.807356199999999982e-02
-2.730831300000000073e-02
1.902469600000000066e-02
1.315498699999999993e-02
-1.277405900000000080e-02
-6.607149499999999398e-02
-1.203728700000000068e-02
-3.473690499999999848e-02
2.208669699999999889e-02
2.139281000000000169e-02
1.965986200000000017e-02
-1.602646500000000016e-02
-2.198422100000000171e-02
3.354253599999999780e-02
-2.789881999999999931e-04
-8.764775000000000690e-03
9.595560000000000200e-02
4.465321500000000131e-03
-1.731446199999999921e-02
-5.622105000000000158e-02
1.660403599999999910e-02
4.674337399999999726e-02
-2.303248600000000132e-02
