7.044287999999999939e-02
2.040853000000000111e-02
-2.943474800000000016e-02
-8.081255500000000466e-03
8.829190000000000215e-04
5.839616400000000040e-02
1.326398800000000086e-02
1.761532199999999923e-02
8.491210000000000771e-03
1.537037100000000073e-02
2.386423400000000153e-02
7.558634000000000186e-02
9.665081000000000713e-03
5.245145999999999836e-02
2.021288499999999988e-02
-1.585133599999999897e-04
4.883596700000000096e-02
2.067816999999999919e-02
-4.239253999999999939e-02
-3.992575000000000290e-02
-3.242206200000000149e-02
9.617834000000000452e-03
7.279202299999999910e-03
-2.486267699999999969e-02
3.015653800000000009e-02
-3.847307999999999978e-02
-4.653759300000000036e-03
-9.151734000000000258e-02
2.245580599999999830e-02
-4.801792299999999708e-02
5.188889800000000274e-02
5.187734599999999779e-02
1.238932899999999927e-02
-1.380002100000000086e-02
2.678486100000000009e-02
2.740024199999999827e-02
-1.601360199999999831e-02
-1.477980400000000055e-02
2.729164400000000032e-02
-4.982994000000000312e-02
2.198325500000000016e-02
8.731027000000000579e-03
-5.245750000000000413e-03
3.032262999999999972e-02
-1.722496999999999917e-02
-5.235624700000000159e-02
-3.194726600000000194e-02
7.294127000000000076e-03
-3.212505000000000221e-02
4.847905000000000270e-02
7.801300399999999864e-03
2.543676599999999954e-02
-5.494619500000000323e-02
8.465257000000000120e-04
-2.009593900000000016e-02
-7.469897999999999816e-02
-4.736788000000000110e-02
-2.970838500000000035e-02
5.161845300000000164e-02
-2.084614300000000101e-02
-1.733546700000000024e-02
-5.453812000000000243e-02
8.280866600000000299e-02
-6.103014999999999829e-02
3.375290300000000077e-02
-3.414057200000000097e-02
-1.017116300000000043e-02
5.109213300000000138e-03
-5.386013500000000342e-02
4.763650999999999996e-02
-7.894254999999999328e-03
2.052986399999999836e-02
-1.010846099999999914e-02
2.289619899999999902e-02
-4.145527999999999713e-02
1.096747300000000015e-02
-2.288297400000000037e-02
-9.934207999999999927e-03
6.606115499999999814e-03
1.797333500000000001e-02
-3.949894400000000111e-02
-1.863948999999999944e-03
3.349159699999999795e-02
2.410509799999999841e-02
-4.266419300000000303e-02
4.235745600000000166e-02
5.495173500000000155e-02
1.031801299999999914e-02
-2.772448799999999852e-02
-2.777701500000000212e-03
1.785413999999999890e-01
1.129276799999999990e-02
1.386873800000000025e-02
-3.140455199999999747e-04
5.320428299999999805e-02
-2.473336599999999968e-02
-9.526956000000000313e-02
-1.074769349999999957e-01
2.821811100000000058e-02
-7.432748599999999643e-03
1.695762400000000100e-02
-1.570765899999999882e-02
-2.518114000000000116e-02
-6.658253000000000262e-03
3.275168299999999671e-02
1.647546500000000164e-02
5.560045599999999776e-03
-7.487418499999999588e-02
-8.009104999999999697e-02
9.547260999999999595e-03
6.049045000000000116e-02
1.660689699999999894e-02
2.334428200000000092e-02
-3.966617000000000060e-02
-3.186703500000000189e-02
-4.172727000000000207e-03
-2.613727199999999959e-02
1.607998299999999908e-02
1.522501199999999957e-02
1.629885799999999940e-02
3.101256299999999994e-02
6.875896500000000522e-02
-9.812700000000000589e-03
6.376550000000000273e-02
2.189615599999999995e-02
8.485809000000000407e-03
-5.136993200000000356e-03
-3.275292700000000112e-02
-2.013492799999999985e-02
4.159883999999999978e-03
4.053571400000000047e-02
-1.964756000000000141e-02
1.297096000000000013e-02
1.921439200000000028e-02
-4.163254000000000260e-02
-4.583481200000000429e-03
8.669901000000000690e-02
-1.323089799999999962e-02
-2.049215999999999885e-02
2.796999400000000149e-02
-2.751167300000000038e-02
-2.997219599999999956e-02
-2.610159000000000090e-02
1.255575299999999936e-02
-4.346778600000000131e-03
-4.569726000000000343e-02
3.580825800000000253e-02
3.224360600000000104e-02
3.356935500000000211e-02
1.064764999999999982e-02
5.805178999999999721e-03
-2.975325700000000170e-02
2.297482600000000028e-02
-2.341644000000000017e-02
-2.329883500000000038e-02
3.799802399999999830e-02
1.221081499999999986e-02
-4.364801000000000097e-02
4.053949200000000336e-02
-1.857386700000000085e-02
4.794567500000000010e-02
-5.483557299999999857e-02
-1.756131000000000011e-02
5.186578000000000022e-02
-2.624967699999999904e-02
-1.578676700000000016e-02
1.456817399999999927e-03
-7.697468999999999839e-02
1.216219500000000064e-02
1.372713600000000003e-03
-6.457717999999999792e-02
-7.188541399999999471e-02
-5.680629200000000129e-02
-2.974884200000000103e-02
9.118704000000000046e-03
-9.379369000000000248e-03
-7.483560600000000416e-03
-3.813362499999999738e-02
-1.668387500000000079e-02
-2.602157900000000215e-03
6.981316999999999384e-02
-3.002967999999999957e-03
2.252958199999999939e-02
-2.496821000000000110e-02
8.795865999999999407e-03
-1.887180299999999950e-02
5.442873399999999945e-02
4.529483000000000120e-02
3.357909199999999789e-02
5.745396800000000109e-02
1.899589200000000033e-02
-3.422678999999999999e-02
-2.200368999999999936e-02
3.439342000000000094e-02
-2.168926399999999977e-03
5.887482299999999974e-02
1.540099999999999976e-02
-2.007777999999999993e-02
3.294572499999999906e-04
-4.671104000000000228e-02
1.111548400000000013e-02
7.522972999999999466e-02
1.202581800000000062e-02
-2.293444199999999933e-02
-1.904578900000000047e-02
6.371089000000000613e-02
-2.010775000000000062e-02
-3.121074500000000154e-02
-1.291285300000000018e-02
4.930745799999999845e-02
-2.144049899999999828e-02
-6.741245999999999350e-02
-5.012023000000000172e-02
-2.722458499999999906e-02
9.886686000000000432e-03
4.384416700000000333e-02
3.440226200000000290e-02
4.493143399999999926e-02
5.003256400000000159e-02
-3.698310600000000170e-02
4.856296300000000066e-02
1.751985799999999927e-02
-3.904402600000000251e-02
4.705961399999999961e-02
4.677079599999999990e-03
-1.588360200000000014e-02
-8.207761500000000654e-02
5.176480399999999933e-03
2.852058799999999950e-02
-6.305678000000000671e-02
-1.700685199999999939e-02
2.831781499999999965e-02
3.240907999999999983e-02
7.745282000000000035e-03
-5.342634400000000061e-02
6.076946399999999873e-03
4.012180500000000344e-02
-2.527019800000000066e-02
-1.792407600000000059e-02
-1.305565049999999998e-02
-9.287408999999999942e-03
-1.048190149999999980e-02
3.777780000000000027e-02
-2.837499600000000042e-03
1.868171199999999962e-02
-2.349217399999999935e-03
8.006207999999999381e-02
3.621090999999999893e-02
-1.283996500000000006e-02
1.347620599999999925e-02
-1.855038900000000046e-02
-3.701163999999999843e-02
-6.303823000000000065e-02
9.657278000000000043e-03
-5.858188999999999758e-02
2.644861100000000034e-02
2.318916299999999875e-02
2.947720499999999938e-02
-9.858291999999999403e-03
2.309496700000000097e-03
4.865687300000000326e-02
-3.494936199999999771e-02
1.448966600000000000e-02
-2.099323000000000161e-02
-1.615730500000000028e-02
-5.768481300000000145e-02
2.082038699999999836e-03
2.093665000000000109e-02
1.008846000000000048e-02
-3.579999999999999849e-02
5.476273200000000146e-02
-3.949880199999999952e-02
-4.348504999999999732e-02
-2.343492200000000039e-02
-3.269566000000000139e-02
4.630770000000000025e-02
-2.634753700000000073e-02
1.426230300000000048e-02
-1.689856899999999870e-02
-2.414462900000000078e-02
7.040036500000000641e-02
-1.428676199999999973e-02
1.151615599999999962e-02
-2.783731700000000031e-02
3.891425600000000123e-02
-2.643370999999999915e-02
1.100849299999999940e-02
-3.328903299999999912e-03
-1.760648700000000053e-02
-5.468322700000000092e-02
5.591829000000000244e-02
3.366499800000000153e-02
-3.629565199999999769e-02
-3.914920599999999890e-02
1.868096199999999887e-02
1.983233200000000113e-02
7.704339000000000326e-02
7.428258000000000083e-02
-6.654066599999999831e-02
-3.414031000000000010e-02
3.341997700000000002e-03
2.116315399999999999e-02
-6.001002999999999893e-02
2.521472400000000086e-02
-3.231893999999999739e-02
1.611870700000000078e-03
-9.841047000000000336e-03
4.884398699999999843e-02
-2.982311299999999832e-02
-9.045274000000000716e-03
1.098360999999999955e-02
4.530329300000000142e-02
-2.605615000000000014e-02
-1.411498150000000014e-02
-2.801887299999999970e-02
-2.108807299999999885e-02
-1.533066499999999888e-01
-3.016140100000000088e-02
3.657628200000000163e-02
1.614434299999999850e-02
-1.002178599999999954e-02
2.609648700000000154e-02
-3.834706499999999962e-02
2.798176700000000114e-02
3.102796500000000110e-02
-2.417019800000000038e-02
1.243957700000000027e-02
-2.279232600000000164e-02
5.834293000000000118e-02
3.078799999999999940e-02
4.729355999999999838e-02
-7.748673699999999998e-03
3.360389999999999905e-02
-2.707039600000000004e-02
2.199494999999999922e-02
1.275439000000000087e-02
-6.922656000000000642e-02
1.188853399999999921e-02
8.797902999999999973e-02
-3.257840499999999778e-02
3.251442000000000221e-02
3.588696699999999965e-03
5.291931700000000044e-02
2.595262400000000053e-02
4.759644999999999848e-03
-6.791816000000000519e-02
-4.924978700000000320e-02
-1.663032500000000136e-02
2.622659700000000080e-02
-2.235883099999999915e-02
2.888694799999999910e-02
7.305211000000000343e-02
-1.919378000000000056e-02
-4.980842600000000286e-03
7.023192499999999887e-03
2.672731000000000065e-02
3.382125500000000146e-02
2.242072999999999983e-02
2.971786800000000145e-02
5.792979999999999657e-03
1.498979599999999968e-02
6.529455000000000675e-02
2.707369999999999916e-02
3.284469000000000277e-02
4.483950999999999909e-02
1.581471599999999950e-02
4.661779499999999660e-02
5.372966500000000284e-02
3.949949000000000342e-03
3.021467700000000142e-03
-2.677440000000000115e-03
4.254818700000000120e-02
5.039714299999999841e-02
-2.920826500000000062e-02
2.378271699999999836e-02
-3.703329699999999974e-02
-3.251379699999999706e-02
-7.926700000000000065e-03
-2.086736599999999831e-02
-3.802355400000000107e-02
-8.183434999999999321e-03
-3.234686999999999979e-02
-2.132300800000000093e-02
5.747361999999999783e-03
-1.116990900000000043e-02
9.466637999999999442e-02
-8.606282599999999505e-02
1.044970500000000010e-02
-5.269727500000000175e-02
2.893436499999999835e-03
-6.106842300000000015e-03
4.754562300000000213e-02
-6.385565299999999833e-03
-9.378124000000000269e-04
-4.374754799999999721e-02
5.941473299999999735e-02
6.543277999999999595e-02
-1.854507000000000030e-02
-8.272931000000000729e-03
-2.032882899999999965e-02
1.146344699999999987e-02
-2.085254900000000147e-02
1.553581700000000038e-02
-1.716483599999999929e-02
3.444648000000000154e-02
-2.374023000000000105e-02
5.533916500000000266e-02
1.312669000000000032e-03
-2.829172799999999863e-02
6.198068300000000169e-02
4.278088499999999940e-03
-3.909586999999999785e-02
-2.450190099999999954e-02
-3.325603500000000323e-02
-6.909521999999999886e-02
-3.825086200000000179e-03
4.456123299999999871e-02
1.192501500000000061e-02
2.145700700000000016e-02
5.610654000000000335e-02
1.483809699999999974e-02
4.620036999999999755e-02
3.189184500000000200e-02
1.432204399999999992e-03
-4.914856299999999928e-02
-3.680891499999999761e-02
5.967722299999999626e-03
-1.132503500000000066e-02
3.585051399999999999e-02
2.174222200000000083e-04
2.810734700000000127e-02
-2.933845599999999800e-03
-2.038168300000000113e-02
6.260636399999999768e-02
1.784129599999999954e-02
5.683441000000000187e-02
2.340022099999999883e-02
-2.452155599999999991e-02
-3.477194000000000118e-02
5.101250999999999702e-02
4.049337000000000075e-02
1.996821699999999991e-02
6.377066000000000678e-02
-2.764603900000000072e-02
1.301566300000000023e-02
-7.152926000000000423e-03
-1.883933000000000135e-02
4.130161400000000385e-03
1.262879299999999927e-02
-2.156006699999999873e-02
3.181057400000000118e-02
1.145257199999999941e-02
-7.332695600000000390e-03
-4.078895600000000121e-02
-6.822996000000000616e-02
6.656797000000000408e-02
1.253809699999999978e-02
2.037287699999999844e-03
-2.806243900000000152e-02
-7.599210999999999813e-03
-4.865767800000000282e-02
-5.819937699999999658e-03
-1.074469200000000013e-02
3.782131500000000118e-02
-2.830837699999999915e-02
2.032002000000000114e-02
-2.718749999999999986e-02
1.825289199999999973e-02
3.915601600000000182e-02
2.397234599999999854e-02
5.751451500000000217e-02
2.065255300000000058e-02
7.698038999999999576e-02
2.645099199999999956e-02
-2.279485200000000086e-02
6.968908999999999694e-03
3.222301200000000226e-02
1.404202449999999991e-02
1.081532099999999927e-02
-9.811155999999999697e-03
-4.537937400000000010e-02
-4.326731999999999800e-03
1.970995000000000125e-03
2.852124300000000168e-02
1.829133599999999919e-03
-4.041674999999999782e-03
-7.270972700000000351e-03
4.268356000000000168e-04
3.144202300000000123e-03
-2.004728999999999886e-02
1.145637899999999917e-02
4.167043599999999820e-03
-4.000164199999999698e-02
5.337349999999999983e-05
9.757760000000000739e-03
-8.927328000000000000e-03
6.328591999999999551e-02
-1.922659399999999963e-02
-7.749626400000000047e-03
5.998168499999999986e-02
6.900027400000000033e-02
2.569287500000000043e-02
-1.611619599999999930e-02
-3.668208399999999675e-02
-4.302463299999999963e-02
-9.137948999999999378e-03
-4.909964299999999837e-02
-1.658395699999999987e-02
1.512667099999999952e-02
1.953382999999999856e-02
2.401567599999999969e-02
-3.614792599999999689e-02
3.039096700000000137e-02
2.042211199999999921e-02
-4.936374699999999949e-02
-4.433885600000000288e-02
-7.045106500000000369e-03
-3.811844400000000133e-03
-1.797471000000000138e-02
-2.309918900000000087e-03
1.779700600000000063e-02
-5.503077800000000241e-02
-2.992486199999999999e-02
1.281285000000000063e-03
2.910768000000000036e-02
1.450960199999999992e-02
8.835036000000000278e-02
-8.783611000000000196e-03
2.283984999999999835e-02
8.794898000000000646e-03
6.882351400000000230e-03
4.816006999999999927e-02
4.596522000000000108e-02
3.327508600000000233e-02
4.344985999999999987e-02
5.682290300000000099e-02
8.338220400000000143e-02
3.291724000000000212e-03
6.081497699999999923e-02
2.888943299999999909e-02
4.359203600000000067e-02
3.225565700000000008e-02
-2.897356799999999967e-04
3.209667299999999918e-02
2.949697500000000167e-02
3.694518299999999950e-02
2.202711300000000094e-02
5.390956599999999904e-02
-2.398749400000000156e-02
2.881975700000000140e-02
-4.159532500000000244e-02
-4.800217999999999846e-02
-2.810849799999999912e-02
-2.395884300000000050e-02
2.326316399999999937e-02
-4.548411399999999910e-02
5.164421300000000131e-02
-2.997861799999999854e-02
-2.749073499999999878e-02
-9.330074000000000700e-03
4.698491500000000209e-02
-2.473805700000000080e-02
1.957770299999999838e-02
-3.539487699999999820e-02
-4.973762000000000322e-02
-2.629954600000000003e-02
-1.707235500000000086e-02
4.320140000000000091e-02
3.481535000000000012e-03
2.355488199999999921e-02
3.196467499999999795e-02
-3.649575299999999883e-02
3.278179999999999983e-02
-2.572321500000000066e-02
2.996417700000000156e-02
-4.393369999999999914e-02
-7.483984500000000206e-02
-8.675616000000000577e-03
8.567831499999999448e-03
7.855904000000000359e-03
-2.265692500000000137e-02
-3.026800600000000008e-02
2.157230300000000101e-02
2.128672399999999992e-02
3.103783000000000149e-03
-1.675476700000000027e-02
2.598425199999999935e-02
-4.261380800000000302e-02
-1.936487900000000151e-02
-4.141353999999999869e-03
9.796762000000000525e-03
-1.166388200000000042e-03
2.720444500000000071e-02
-4.244106999999999741e-02
7.047757000000000327e-02
-2.830142700000000053e-02
-1.187885399999999946e-02
-5.997617700000000031e-03
4.668339700000000148e-02
2.569056700000000096e-02
3.106234999999999899e-02
-7.012741000000000287e-03
4.964652700000000279e-02
-7.009714999999999696e-03
-4.399363299999999727e-02
-5.968272300000000002e-02
-4.398888000000000104e-02
-7.266180999999999335e-02
-2.360442700000000074e-02
2.180867599999999906e-02
3.519480299999999846e-03
8.837953000000000822e-03
-3.009170499999999984e-02
-2.866124199999999997e-02
-8.251964999999999995e-02
-2.915566199999999886e-02
-3.239643600000000068e-02
-8.615073600000000553e-02
3.643260499999999985e-02
-8.308206999999999745e-03
3.861634800000000173e-02
-1.477169149999999972e-02
-1.668732200000000096e-02
-1.559616399999999917e-02
-3.853878000000000165e-02
1.190029100000000034e-02
3.042688400000000126e-02
-8.004390999999999590e-03
5.392827000000000037e-02
-2.686865800000000012e-02
1.417291350000000026e-02
2.080579500000000106e-03
6.177359999999999796e-02
-2.901245800000000052e-03
-4.566219400000000317e-02
-3.127036999999999872e-02
-3.634487499999999871e-02
2.098792600000000050e-02
9.101602999999999777e-03
-2.364977399999999841e-02
5.303978499999999728e-03
5.191346299999999997e-02
9.587515000000000620e-02
2.332403099999999854e-02
-3.175825599999999860e-02
-1.465317300000000024e-02
1.189619800000000019e-02
-5.584452000000000166e-02
1.203073499999999987e-03
5.068762999999999741e-02
2.439452099999999887e-02
2.231833500000000164e-02
-5.924884600000000084e-02
1.390833000000000000e-02
-2.303467899999999888e-02
-2.645141599999999843e-02
9.706668999999999367e-03
-5.458311999999999886e-02
-1.181643199999999998e-02
-3.159922999999999899e-02
2.096410500000000024e-02
-8.843494000000000355e-03
-2.975418800000000086e-02
2.163011399999999890e-02
-3.226920500000000046e-03
-2.249073999999999865e-02
-9.280199599999999771e-02
-1.820050700000000118e-02
-2.132357099999999950e-02
-4.649104600000000115e-02
4.490013999999999811e-02
-3.669874699999999684e-02
1.226059600000000034e-02
8.029557999999999141e-03
-1.787739199999999890e-02
-1.373629900000000043e-02
5.192448000000000202e-02
6.740773000000000251e-03
-3.067461000000000146e-02
-8.697376999999999192e-03
3.995551499999999701e-02
-5.770925399999999802e-03
2.114445200000000108e-02
-6.830530999999999409e-02
-1.214645599999999992e-02
-1.219477000000000061e-02
5.244098999999999983e-02
-1.798863699999999829e-02
-3.233064000000000077e-02
-7.972361000000000725e-03
-2.485972999999999829e-03
-5.845157399999999920e-02
-1.103464200000000076e-02
5.903279799999999744e-02
1.910956000000000113e-02
1.002749000000000001e-01
-4.472153999999999713e-02
5.211999000000000146e-03
-3.344938000000000078e-02
3.478458499999999981e-02
-3.870835999999999721e-02
-1.068505200000000044e-02
-5.257562500000000083e-02
-2.336529999999999857e-02
-1.126807800000000082e-02
-9.131244999999999640e-03
4.660889000000000004e-02
3.806539600000000134e-02
-2.670294599999999911e-03
1.196005500000000069e-02
-3.584848999999999675e-02
3.512313999999999714e-02
2.659147599999999931e-02
-4.786011200000000326e-02
1.145744299999999945e-02
1.663440799999999983e-02
4.519942799999999983e-02
2.354786500000000116e-02
2.066919000000000048e-02
-1.527307500000000054e-02
1.812236999999999876e-02
2.159900000000000014e-02
4.405566699999999974e-02
3.607372200000000251e-02
4.812805399999999997e-03
4.363236599999999882e-02
-1.804645399999999997e-02
-3.236913000000000290e-02
-2.744109600000000163e-02
1.769282299999999988e-02
1.947979000000000030e-02
1.573567299999999863e-02
-4.976707999999999826e-02
1.363972299999999943e-02
-4.335331000000000427e-03
-3.677095499999999970e-04
3.560553500000000066e-02
-2.785217599999999932e-02
-2.430752699999999891e-02
2.391189499999999898e-02
4.889799300000000071e-02
-2.317231000000000152e-02
-9.781416000000000676e-05
-3.112446099999999910e-02
-2.797405199999999925e-02
3.253806399999999849e-02
-1.108393600000000083e-02
1.679813299999999981e-02
1.539091799999999996e-02
-3.125104299999999918e-02
-5.702825999999999729e-02
-1.349322000000000021e-02
-3.180913999999999964e-02
3.353063699999999899e-04
3.111101700000000123e-02
-7.865606000000000680e-03
6.593373599999999800e-03
-1.609861300000000120e-02
7.112600400000000309e-03
1.027285800000000016e-03
1.003723999999999936e-02
1.031268500000000060e-01
-1.217119600000000001e-03
-3.099168700000000040e-02
-1.414997399999999919e-02
2.574720800000000059e-02
5.272397999999999668e-02
-3.734055999999999920e-03
