4.681556299999999754e-02
3.164639000000000341e-02
-6.400248999999999522e-02
-3.329369699999999797e-03
1.819892799999999963e-02
4.713701000000000002e-02
9.529858999999999900e-03
1.559750799999999951e-02
8.158455999999999694e-03
1.124076450000000005e-02
3.973460599999999870e-02
6.350516999999999967e-02
4.330842199999999920e-02
2.879895999999999845e-02
5.390956500000000304e-03
-1.431119800000000067e-02
-2.513222999999999976e-04
3.082806000000000088e-02
-3.862377000000000171e-02
-4.186438800000000238e-02
-2.786242599999999917e-02
1.690414200000000047e-02
3.407415400000000233e-02
1.250777299999999981e-02
1.045183600000000081e-02
-5.262979000000000268e-02
-4.041448200000000157e-02
-5.404127000000000236e-02
9.058991000000000612e-03
-8.063702000000000369e-02
3.907820000000000044e-02
6.792972999999999373e-02
3.137903000000000220e-02
-2.833470700000000064e-03
3.900090999999999974e-02
2.447909699999999827e-02
1.571392300000000117e-02
-2.144756700000000071e-02
2.273138400000000031e-02
-8.884356000000000197e-02
-3.275638699999999792e-03
-5.934302000000000327e-02
2.395012599999999867e-02
2.431836700000000046e-02
-1.077576100000000002e-02
-4.762282000000000320e-02
-1.130164699999999930e-03
-6.854553200000000276e-03
-2.775042700000000112e-02
5.471266400000000113e-02
3.274232500000000268e-02
3.466722700000000185e-02
-1.841500600000000112e-02
-2.172756400000000129e-02
-2.357823800000000136e-02
-6.084894400000000203e-02
8.885864999999999736e-03
-1.304605900000000047e-02
7.208987000000000034e-02
-3.940304699999999660e-02
1.803138099999999910e-02
-3.212920200000000254e-02
5.642814999999999810e-03
-3.997701000000000032e-02
1.469096800000000043e-02
-6.548826000000000647e-02
1.846478000000000008e-02
-1.095654100000000020e-02
-7.824357999999999314e-02
2.694687999999999944e-02
-1.083574099999999943e-02
-1.345026300000000050e-02
-2.726055000000000145e-02
1.498994300000000036e-02
1.134529700000000071e-02
1.952679599999999904e-02
-6.298246000000000400e-03
1.283960900000000009e-02
1.176142099999999933e-02
5.787050400000000316e-03
-4.050201999999999969e-02
-2.010692099999999982e-02
2.040869400000000153e-02
3.892973999999999740e-02
4.092755000000000004e-03
4.769832999999999712e-02
8.131556999999999327e-03
-1.093794699999999995e-02
-4.168356000000000144e-02
-2.938707999999999945e-02
1.029287059999999948e-01
3.736307999999999990e-02
-9.513997999999999206e-03
2.833686800000000117e-02
7.141345999999999805e-02
-3.186889700000000020e-02
-7.732643999999999629e-02
-1.085141899999999965e-01
6.465502500000000312e-03
2.921525200000000058e-02
-9.228952000000000336e-03
1.510718900000000003e-02
-2.633917900000000076e-02
-7.632693999999999764e-03
4.276892000000000194e-02
-7.081923000000000384e-03
1.176256999999999997e-02
-5.733305600000000030e-02
-8.599732000000000209e-02
6.811791999999999674e-03
6.301165999999999712e-02
1.191263000000000044e-02
5.003678999999999766e-02
-1.084372800000000039e-02
-3.555761699999999970e-02
-7.375548000000000000e-03
-4.387865199999999716e-02
3.624792400000000081e-02
-2.803174799999999869e-02
-1.036709499999999978e-02
2.906195599999999990e-02
8.887359499999999968e-02
-1.765414900000000092e-02
9.133629999999999527e-02
6.056091999999999725e-02
4.880976999999999885e-03
-1.116320999999999980e-03
-4.620781000000000194e-02
-1.952600999999999989e-02
-1.337806899999999938e-02
4.974403000000000158e-02
-3.169116799999999873e-02
4.858249399999999690e-02
3.465030000000000193e-02
1.255211000000000000e-03
2.187004000000000031e-02
4.878604000000000274e-02
-1.536962000000000050e-02
1.709187200000000101e-02
2.342463800000000110e-02
-1.081334200000000009e-02
-4.860098999999999669e-03
-8.475528999999999702e-02
1.603878099999999848e-02
-2.391145600000000107e-02
-6.578188000000000091e-02
2.389426700000000028e-02
5.879458399999999696e-02
-7.037005399999999959e-03
-2.656677400000000133e-02
-3.739391000000000242e-02
6.933707300000000427e-03
4.560059000000000334e-02
-2.023957700000000165e-02
-1.558406000000000027e-02
4.925640299999999722e-02
3.084484900000000057e-02
-2.222661900000000215e-03
9.131643000000000052e-03
-1.421516400000000062e-02
2.891655799999999846e-02
-6.741379000000000121e-02
-7.880556999999999840e-03
6.869021000000000154e-02
-4.847983299999999995e-02
-2.805162500000000104e-03
-1.343217999999999973e-03
-5.786546000000000051e-02
1.892482700000000170e-02
-3.075533399999999876e-02
-3.760879999999999779e-02
-5.579963999999999757e-02
-4.406532600000000188e-02
-9.684096999999999844e-02
-2.148425199999999882e-02
-2.099987999999999855e-02
-5.122492000000000191e-03
-1.105061299999999950e-03
-3.095930800000000135e-02
-2.958855399999999955e-02
6.328456999999999832e-02
-1.586402799999999877e-02
-4.854794600000000154e-03
-5.062548000000000048e-02
-2.267799900000000077e-02
-3.208356999999999876e-02
4.655227800000000249e-02
3.245866000000000029e-02
5.569839000000000040e-03
3.330415999999999932e-02
-9.990185500000000121e-03
-1.040757299999999982e-02
1.690935699999999986e-02
1.527577100000000049e-02
4.263398699999999646e-03
7.015949000000000491e-02
3.011795700000000076e-02
-1.666632700000000161e-02
-1.813462600000000048e-03
-2.156026499999999860e-02
3.770341700000000296e-02
3.832055999999999657e-02
2.490735599999999855e-02
-2.744873000000000104e-02
-1.107738399999999915e-02
5.000875999999999932e-02
6.354498000000000091e-03
-3.539525000000000310e-02
-7.453178999999999609e-05
1.539977200000000081e-02
-5.582125500000000018e-02
-3.685510499999999912e-02
-3.485561999999999688e-02
-2.624401300000000006e-02
2.614037099999999905e-02
3.282593600000000000e-02
4.213182599999999722e-02
2.755769699999999905e-02
6.110154999999999753e-02
-4.455396500000000093e-02
3.581838300000000225e-02
1.027060949999999973e-02
-2.551528000000000129e-02
5.951419499999999890e-02
-2.979725199999999977e-02
7.430533399999999719e-03
-7.340705399999999936e-02
-7.458735999999999665e-03
8.139148000000000563e-03
-6.194837999999999734e-02
-2.572059599999999835e-02
2.912439199999999895e-02
1.900021699999999980e-02
-2.610893400000000031e-02
-3.568579000000000195e-02
3.314525599999999794e-02
1.801754900000000076e-02
-2.706695699999999913e-02
-9.005909699999999681e-04
-3.894617000000000218e-02
-1.217941900000000036e-02
3.923791999999999731e-03
1.593512100000000001e-02
8.730893999999999461e-03
6.596275000000000055e-02
-5.130434999999999857e-02
6.141470400000000052e-02
1.098469300000000023e-02
4.924956700000000104e-03
2.564782800000000099e-02
-1.984742700000000082e-02
-1.837319999999999925e-02
-4.569875000000000326e-02
1.457249700000000023e-02
-5.662112300000000237e-02
3.426313799999999854e-02
-3.010386799999999891e-02
4.569712699999999711e-02
5.435111000000000282e-03
1.693607999999999919e-02
4.585183999999999788e-02
-2.372590299999999958e-02
1.404510900000000007e-02
-1.981337700000000007e-02
-3.455190000000000344e-02
-5.066455000000000264e-02
8.130251699999999603e-04
-8.401072000000000747e-03
1.269194899999999925e-02
-5.973701599999999695e-02
4.553858599999999895e-02
-3.184860600000000153e-02
-4.984254800000000041e-02
1.140726799999999949e-03
-3.065560399999999949e-02
2.238151600000000060e-02
-2.686827599999999996e-02
2.144449399999999797e-03
-3.672528299999999746e-02
-3.689316699999999755e-02
3.265416200000000047e-02
3.608164999999999983e-03
1.090275899999999971e-02
-4.048334399999999923e-03
2.420984600000000014e-02
-1.046793099999999976e-02
2.487369799999999964e-02
1.311469900000000093e-03
1.827606000000000022e-02
-6.174178799999999884e-02
2.250522199999999834e-02
4.330624999999999752e-02
-5.704481000000000135e-02
-5.234348800000000052e-02
1.796006400000000128e-02
2.088996799999999834e-02
5.086475199999999919e-02
4.909584000000000170e-02
-1.582578600000000141e-02
-3.513605999999999674e-02
7.426986000000000004e-03
3.079424000000000050e-02
-7.301309000000000271e-02
5.661521500000000345e-02
-4.550203299999999729e-02
-1.349592099999999927e-02
-3.773816299999999818e-02
2.641368700000000166e-02
-3.074666100000000152e-02
-3.873520999999999995e-03
1.326700100000000049e-02
1.845947699999999844e-02
-3.987722500000000225e-02
-1.886133499999999991e-02
-4.441184599999999788e-02
-3.069266299999999850e-02
-1.267387899999999901e-01
-5.452597499999999736e-03
4.223821299999999668e-02
4.130426000000000236e-02
1.629882100000000153e-02
-3.742461299999999980e-03
-5.117620999999999976e-02
-6.792783299999999823e-03
4.115706000000000225e-02
-9.047479000000000632e-03
2.789681399999999895e-02
-2.847074999999999953e-02
4.065905999999999687e-02
2.695268799999999895e-02
1.175779000000000060e-02
-2.969034200000000151e-02
1.724921000000000093e-02
-5.229452300000000248e-02
2.814625399999999902e-02
-3.916478999999999620e-03
-6.769699999999999329e-02
1.786406899999999978e-02
8.325742999999999339e-02
-9.616767000000000024e-03
3.758396199999999854e-02
4.159217699999999580e-03
6.327435400000000487e-02
1.627597600000000103e-02
-6.531022499999999779e-03
-3.562762600000000252e-02
-7.488197000000000603e-02
-5.201547200000000010e-02
6.808726600000000392e-03
4.029353599999999612e-03
3.433966299999999944e-02
6.518338599999999594e-02
1.902141799999999827e-02
-1.937545499999999976e-02
-4.145303999999999829e-03
4.365890499999999785e-02
4.951679999999999970e-02
4.079897300000000226e-02
5.644870500000000180e-02
2.927471499999999976e-02
5.138804799999999867e-02
2.783957100000000046e-02
4.205881600000000060e-03
5.084049000000000207e-02
5.863249699999999870e-02
3.908865999999999730e-02
3.946313299999999746e-02
6.023178199999999760e-02
-1.694941200000000007e-03
-2.858946799999999983e-02
-1.365104699999999949e-02
3.524866699999999742e-02
2.959612799999999933e-02
-1.538990899999999936e-03
1.482067349999999922e-02
-4.224191199999999952e-02
-3.583440999999999710e-02
5.135605599999999889e-03
-1.780156999999999920e-02
-1.545694599999999919e-02
-1.169233299999999920e-02
-3.315722200000000008e-02
-2.312852799999999889e-02
2.121052099999999954e-02
-2.496389499999999984e-02
4.387109399999999937e-02
-1.065351600000000037e-01
5.954952399999999604e-03
-1.139255900000000002e-02
-1.322215000000000022e-02
-3.076502500000000140e-02
6.170544399999999818e-02
-2.499195699999999867e-02
7.751639999999999746e-03
-4.971848799999999818e-02
3.571699200000000296e-02
5.882373500000000199e-02
3.077522699999999875e-02
5.906282500000000282e-03
-5.560668700000000186e-03
-1.103315199999999920e-02
-2.281661299999999948e-02
3.932185500000000278e-02
-4.425790000000000279e-02
3.029814700000000097e-02
-1.522528700000000054e-02
9.825987999999999389e-02
-2.327913599999999889e-02
-5.176679399999999792e-02
6.988060000000000105e-02
1.336764900000000054e-02
-2.573432399999999939e-02
-3.030193200000000017e-02
1.783373200000000144e-02
-4.037403700000000151e-02
-4.101389999999999897e-02
6.397162400000000471e-02
1.110767600000000035e-02
5.189328299999999838e-02
6.442129000000000605e-02
2.007060700000000072e-02
4.515918299999999858e-02
2.894738100000000119e-02
1.925693000000000023e-03
1.492786699999999918e-02
-5.041158600000000128e-02
-7.106296699999999598e-03
1.020026999999999956e-03
-1.658507400000000173e-02
-1.616054999999999922e-02
3.441067400000000220e-02
2.097219399999999956e-02
-8.390384599999999634e-04
7.085837999999999859e-02
-3.007430999999999993e-02
5.242312699999999992e-02
3.607078300000000209e-02
-4.090699600000000102e-02
-1.559131799999999984e-02
3.774310599999999849e-02
3.941279999999999784e-02
3.495494300000000221e-02
6.843947000000000225e-02
-1.098195599999999932e-02
-1.921866400000000075e-03
8.720370999999999331e-03
-2.833669000000000118e-02
-2.411778299999999887e-04
1.205384099999999917e-02
1.198841999999999963e-02
1.340982100000000059e-02
8.313851400000000060e-04
3.867765799999999844e-04
-6.328140000000000154e-02
-7.127899000000000040e-02
3.177689399999999997e-02
-5.326549499999999604e-03
2.734904999999999975e-02
-3.050284500000000065e-02
-2.676010900000000067e-02
-4.507764400000000005e-02
-2.360373699999999964e-02
2.897915800000000139e-02
2.497807100000000100e-02
-1.253029800000000048e-02
5.273316999999999588e-03
-2.746411600000000022e-02
4.464594300000000043e-02
6.850864299999999581e-03
3.783874999999999739e-02
3.396883199999999742e-02
8.482422599999999650e-04
1.086473599999999984e-01
7.164163999999999775e-03
-3.239543699999999915e-02
-7.124097599999999579e-03
3.392029600000000256e-02
1.665447000000000108e-02
-1.923386200000000087e-02
1.202413599999999951e-02
-2.408320499999999989e-02
-1.161311599999999972e-02
-5.358819299999999924e-02
2.182643299999999925e-02
2.310156299999999857e-02
-9.761422999999999975e-03
-5.111284599999999997e-03
2.938190499999999983e-02
-3.831435700000000028e-02
-1.836306199999999944e-02
3.110450000000000020e-02
2.985793000000000041e-03
-1.134522299999999977e-02
-2.494924899999999973e-02
3.659799000000000038e-03
1.268746700000000088e-03
6.623531000000000557e-02
-8.201079000000000008e-03
-4.120304799999999906e-02
4.258468700000000301e-02
5.522014599999999773e-02
4.401545600000000141e-02
-5.475207399999999780e-02
-8.471486999999999767e-03
-6.185368399999999905e-02
2.323194400000000090e-02
-6.942788499999999474e-02
-7.547673300000000071e-03
6.580031999999999548e-02
-1.195283400000000072e-02
7.590651000000000342e-03
-4.135519599999999685e-02
4.678498200000000273e-02
2.987384599999999817e-03
-4.776932700000000032e-02
-2.949193899999999827e-02
-1.064950500000000008e-03
2.130808000000000008e-02
-2.981541700000000031e-02
3.322230000000000322e-02
-1.999248799999999923e-02
-3.151373200000000263e-02
-4.139839499999999756e-02
-6.396283000000000003e-03
7.191352500000000418e-03
2.453922000000000048e-02
5.496308999999999917e-02
-1.273237500000000064e-02
3.599946999999999869e-02
1.064007200000000042e-02
-1.175300399999999919e-02
2.104897400000000154e-02
1.671495700000000077e-03
7.713465399999999694e-02
4.761366499999999946e-02
4.586231999999999809e-02
5.833673999999999804e-02
-1.082471700000000019e-03
4.791642399999999913e-02
8.872243000000000143e-03
5.376408600000000260e-02
4.366459300000000154e-02
1.762405599999999906e-02
6.242604999999999682e-02
3.458660999999999680e-02
5.887124299999999671e-02
-2.513786800000000071e-02
6.204822699999999747e-02
-2.920323600000000047e-02
5.240468699999999841e-02
-3.418199300000000079e-02
-6.372732000000000396e-02
-7.084649000000000155e-03
-2.913433699999999973e-02
3.985998400000000108e-02
-1.304150299999999943e-02
4.434805700000000322e-02
-3.470577300000000226e-02
-2.937023899999999937e-02
-2.981616399999999917e-02
2.847522499999999984e-02
-6.362882000000000260e-02
1.808474200000000087e-02
-1.513452199999999921e-02
-5.509062499999999724e-02
-2.615448299999999920e-02
-1.882107200000000119e-02
3.230166400000000076e-02
5.669002400000000379e-03
8.113231000000000262e-03
4.102007000000000396e-03
-1.999521300000000126e-02
3.796901600000000127e-02
-3.286411999999999667e-02
3.286710999999999799e-02
-2.385174699999999953e-02
-6.974015399999999865e-02
2.236751099999999964e-02
3.988426999999999945e-02
-2.870279600000000091e-03
-5.161470700000000272e-03
-1.251740299999999986e-02
3.216898399999999769e-02
1.680188300000000010e-02
-1.300139099999999930e-02
-3.234034400000000004e-02
2.500555700000000030e-03
-2.786692600000000020e-02
1.385854399999999923e-04
-1.479056100000000068e-02
1.097682399999999961e-02
1.400613199999999926e-02
-8.223559000000000077e-03
-1.558758799999999944e-02
3.632035000000000124e-02
-3.175178000000000028e-02
-4.523604700000000145e-02
2.796353799999999959e-02
4.766903399999999902e-02
-6.169879300000000177e-03
2.249846600000000169e-02
-4.603927599999999704e-02
5.958005000000000245e-02
1.496445199999999962e-03
-5.000177300000000283e-03
-4.852592000000000017e-02
-3.765568500000000124e-02
-6.577568999999999777e-02
-6.913126599999999894e-04
1.832104000000000024e-02
1.208200100000000020e-02
4.459376300000000154e-02
-2.312007500000000035e-02
-5.221965499999999677e-02
-5.340384699999999735e-02
-1.620100600000000043e-02
-3.772803400000000057e-02
-4.973320700000000150e-02
-3.451271299999999998e-04
8.930445999999999870e-03
3.074808000000000055e-02
2.044212999999999933e-02
2.476629799999999909e-02
4.167379300000000238e-03
-2.215360900000000119e-02
-7.267518399999999858e-03
5.279271700000000289e-02
-1.147001050000000071e-02
3.683824000000000126e-02
-5.371557500000000152e-02
-1.575856800000000058e-02
1.193291600000000001e-02
5.631839500000000026e-02
-5.214491000000000265e-02
-4.967978599999999662e-02
-5.369631999999999877e-02
-1.590382300000000096e-02
2.820574699999999976e-02
-4.594854800000000160e-04
-3.901435799999999898e-02
3.463854599999999923e-02
6.624990999999999519e-02
8.801681999999999562e-02
2.720690000000000001e-03
-2.235705799999999910e-02
-3.814848500000000281e-02
-2.442057000000000082e-03
-4.485510300000000034e-02
-1.054219399999999952e-02
7.302917999999999910e-02
-2.648328000000000140e-03
5.074564399999999947e-02
-5.148503599999999791e-02
1.174038300000000007e-02
-3.023766400000000090e-02
1.599986000000000116e-02
2.666293600000000166e-02
-4.483668500000000112e-02
-6.213638500000000231e-03
-5.235226400000000078e-03
1.224952800000000085e-02
-3.088868000000000169e-02
1.130533300000000074e-02
2.078804600000000100e-02
-1.393936900000000007e-02
1.521994899999999998e-02
-4.421019000000000337e-02
8.779350999999999475e-03
-1.110348100000000011e-02
-3.623032200000000230e-02
-7.576290500000000018e-03
-5.472905499999999868e-03
-9.009649999999999256e-03
1.688944200000000104e-02
3.238618399999999842e-02
-4.291739000000000144e-03
2.312487400000000012e-02
2.073931099999999986e-02
-3.254040300000000246e-02
1.705060499999999993e-02
5.861863600000000131e-04
-4.824104699999999871e-03
2.767258499999999954e-02
-2.025870800000000027e-02
-1.607395899999999878e-02
-1.689361199999999882e-02
5.508591999999999655e-02
-1.636394299999999885e-02
2.775911799999999929e-02
2.720070999999999947e-02
-4.708417999999999805e-03
-6.508382399999999846e-02
-1.765827299999999864e-02
6.450917999999999930e-02
3.672941799999999979e-02
9.786668399999999546e-02
-1.832403399999999946e-02
-9.644645000000000301e-03
6.144063699999999977e-04
2.227709899999999899e-03
-3.578565300000000060e-02
-1.831576399999999827e-02
2.343292299999999960e-03
-2.052220299999999928e-02
-6.326562299999999653e-03
-6.757899000000000371e-03
8.372354499999999644e-02
3.483213500000000018e-02
2.410708599999999979e-02
1.897288100000000047e-02
-3.580668199999999940e-02
3.611136599999999891e-02
2.302025599999999936e-02
-1.155661499999999925e-02
2.675666999999999976e-02
-3.527006999999999755e-05
5.118696400000000146e-02
3.461631999999999904e-02
6.152284999999999698e-02
-3.531058499999999850e-02
6.417127999999999721e-02
1.647764300000000015e-02
5.063741299999999917e-02
3.898622999999999672e-02
-4.391500999999999912e-03
7.328977000000000408e-03
-1.833869100000000071e-02
-1.232193799999999929e-02
-5.715587400000000234e-02
2.307086599999999890e-02
2.914765700000000043e-02
2.549324600000000066e-02
-3.631489400000000034e-02
-2.100341199999999908e-02
-7.940439999999999998e-03
-1.373153099999999995e-02
6.012006999999999768e-02
-1.573560400000000026e-02
-1.091787900000000013e-02
1.357673799999999965e-02
3.989271999999999957e-02
-4.030646000000000229e-02
-1.428056200000000012e-02
-3.261727500000000113e-02
-1.192017700000000055e-02
1.133952799999999976e-02
-7.192488000000000353e-03
9.080680000000000696e-03
2.430105800000000038e-02
-4.612629000000000035e-02
-7.165177999999999825e-02
1.731152999999999859e-02
-2.901326099999999852e-02
1.604620699999999983e-02
-3.877378800000000174e-03
-3.840607099999999823e-03
-3.173636299999999660e-02
-4.063955300000000187e-02
3.553934999999999733e-02
6.984207299999999757e-03
-2.330303000000000040e-04
7.547847000000000584e-02
1.040344799999999917e-02
-2.206294599999999995e-02
-3.656109999999999915e-02
-7.508487399999999590e-03
7.538748000000000671e-02
-4.613688199999999712e-02
