7.596519999999999662e-02
4.073165699999999750e-02
-5.726920399999999717e-02
-1.106608100000000018e-02
4.585065299999999816e-02
4.495920999999999945e-02
7.916289999999999655e-04
9.691900999999999294e-03
-7.746447000000000055e-03
1.423684499999999971e-02
2.569215999999999861e-02
4.396413999999999878e-02
4.439741400000000310e-02
2.814988200000000107e-02
3.875554700000000130e-02
-1.162041349999999931e-02
1.977084800000000059e-02
3.442303499999999766e-02
-2.999467999999999926e-02
-6.034272499999999984e-02
-4.825926600000000205e-02
3.515835999999999961e-02
6.284381999999999815e-03
1.755437600000000001e-02
1.536199700000000050e-02
-2.696760700000000108e-02
-2.718105999999999994e-02
-6.876564000000000287e-02
-3.768477599999999882e-03
-4.652716199999999691e-02
5.266649999999999804e-02
6.287948000000000148e-02
4.632143300000000213e-02
-2.633586200000000155e-02
3.086029200000000097e-02
2.887464000000000003e-02
-3.672773299999999939e-03
-3.953613999999999740e-02
4.299113000000000240e-02
-6.650361999999999940e-02
5.547306000000000112e-03
-5.001542999999999961e-02
-6.447896000000000107e-05
2.329443800000000064e-02
-6.497878000000000334e-03
-5.269016700000000303e-02
-2.354196299999999908e-02
-1.944850799999999977e-02
-2.723795400000000172e-02
5.401018999999999959e-02
4.145647200000000115e-02
3.723792000000000074e-02
-2.989745499999999986e-02
-9.128350999999999826e-03
-1.826745499999999842e-02
-6.800479399999999341e-02
-1.646201900000000135e-02
-3.899815000000000226e-02
5.305573000000000233e-02
-3.313565000000000260e-02
5.634461999999999804e-03
-2.273533299999999993e-02
4.020848999999999951e-02
-5.344682199999999800e-02
2.505832200000000093e-02
-3.716675199999999735e-02
6.169362000000000283e-03
1.267195299999999969e-02
-9.446996500000000296e-02
2.560653699999999866e-02
-5.081076599999999679e-03
1.446107400000000084e-02
-2.107231099999999982e-02
1.762299200000000052e-02
-6.909723399999999696e-03
3.029713600000000055e-03
-1.586972000000000079e-03
4.180528599999999706e-02
-1.487989799999999948e-03
1.688320199999999993e-02
-3.373074499999999948e-02
2.627402000000000036e-03
2.071496000000000101e-02
7.909253999999999243e-03
-1.039433700000000002e-02
3.017096799999999940e-02
3.375823800000000291e-02
1.719523200000000127e-02
-1.982897700000000110e-02
-4.041547300000000037e-02
1.138675799999999960e-01
1.480775999999999967e-02
2.311492700000000039e-02
4.909784999999999844e-03
6.232258300000000084e-02
-4.329365000000000296e-02
-1.197416699999999945e-01
-1.224504559999999992e-01
2.038837400000000077e-02
1.939747500000000083e-02
1.104264150000000035e-02
3.066759399999999941e-02
-3.221827000000000024e-02
1.147646499999999993e-02
3.452894000000000102e-02
-1.665149800000000069e-02
-3.534123299999999968e-02
-4.641481000000000079e-02
-6.712640000000000273e-02
1.664330799999999902e-02
5.525907000000000041e-02
1.190528700000000051e-02
2.567844000000000029e-02
1.388485450000000003e-02
-5.698806000000000010e-02
1.197209899999999994e-02
-4.915224400000000292e-03
9.746302000000000090e-03
-2.809681600000000015e-02
1.362783000000000050e-02
2.346607100000000154e-02
6.677951000000000026e-02
-2.776963000000000001e-02
9.244323000000000123e-02
3.838116700000000076e-02
3.020966599999999960e-02
1.070423399999999954e-03
-6.024987400000000014e-03
-1.885747499999999854e-02
-2.069510000000000099e-02
2.389466599999999843e-02
-2.659309300000000167e-02
3.072056499999999829e-02
4.950558399999999831e-02
-2.102615099999999987e-02
2.967176399999999978e-02
5.767187499999999745e-02
-1.279788299999999948e-02
-2.216500199999999962e-02
2.679307400000000006e-02
-2.771780399999999867e-03
2.056740199999999852e-02
-6.999328999999999967e-02
1.680950500000000019e-03
-1.228787100000000056e-02
-5.159080800000000189e-02
4.001288499999999804e-02
5.125679999999999820e-02
1.343580599999999979e-02
2.240402299999999861e-02
-3.529219299999999948e-02
-2.037961799999999865e-02
4.148670699999999767e-02
-2.472291299999999914e-02
-3.285434999999999744e-02
3.862633599999999723e-02
3.356304999999999705e-02
-3.800578999999999763e-02
2.715665299999999935e-02
-3.482415999999999984e-02
5.298982599999999682e-02
-6.757413600000000686e-02
2.071622799999999973e-02
5.566000200000000009e-02
-2.785403499999999921e-02
-2.061718900000000104e-02
-5.780306600000000017e-03
-4.200627299999999675e-02
8.789272000000000751e-03
-1.930215999999999876e-02
-1.296717200000000077e-02
-6.684824999999999795e-02
-5.757612399999999936e-02
-5.191566400000000026e-02
2.135975000000000026e-02
6.501779400000000202e-03
1.100781200000000050e-02
-2.360415800000000008e-02
-2.145164800000000024e-02
-6.301215399999999904e-03
7.603211999999999471e-02
-1.262996899999999957e-02
1.740785099999999849e-02
-5.959174400000000205e-02
-3.865591000000000166e-02
-1.548841400000000069e-02
4.614756999999999887e-02
3.843414400000000342e-02
1.226986499999999959e-02
7.369446000000000330e-02
3.543908999999999948e-02
-3.461954999999999893e-02
1.421257899999999949e-02
3.702806299999999995e-02
4.001985300000000106e-03
6.436603999999999937e-02
4.222082700000000244e-02
-1.094478500000000028e-02
-2.002742000000000064e-02
-4.624058999999999808e-02
4.496631999999999713e-02
6.645945000000000324e-02
7.912937000000000096e-03
-1.175479200000000002e-02
-1.463199500000000007e-02
7.169246999999999426e-02
-1.350757600000000030e-02
-3.118851400000000051e-02
-1.778854299999999954e-03
2.973498399999999903e-02
-1.089852000000000008e-02
-4.910294300000000306e-02
-3.562934999999999713e-02
-2.561546300000000151e-02
-3.981127000000000103e-03
8.312864999999999144e-03
5.338927000000000256e-02
3.245770600000000283e-02
4.876676600000000306e-02
-3.932056200000000334e-02
2.416766000000000053e-02
3.456458999999999920e-02
-1.190426850000000057e-02
7.762413499999999689e-02
-1.809677300000000003e-02
-2.020186699999999835e-02
-6.608542000000000582e-02
-6.716251999999999812e-03
1.540879900000000080e-02
-9.091575000000000351e-02
-2.257914299999999944e-02
-1.397779700000000057e-03
1.559532599999999963e-03
-1.894707400000000125e-02
-6.396422000000000219e-02
4.295313000000000256e-03
2.512440999999999980e-02
-6.337383400000000389e-02
-5.198140999999999873e-03
-3.371219000000000299e-02
-1.063044500000000052e-02
2.483057999999999902e-04
-2.147026099999999830e-03
-6.030202000000000132e-03
4.066763000000000322e-02
-2.113139400000000126e-02
3.959579800000000149e-02
1.372683300000000078e-02
-1.366625999999999952e-02
2.484228999999999951e-02
-1.208709099999999946e-02
-2.317345100000000116e-02
-8.645017400000000463e-02
4.497111300000000353e-03
-7.369802999999999771e-02
3.880387999999999893e-02
-1.421944399999999992e-03
2.195778300000000155e-02
1.952475999999999864e-02
3.201661299999999932e-02
4.956320699999999801e-02
-2.353685999999999973e-02
1.343402800000000064e-02
-2.388202799999999959e-02
6.932975000000000075e-03
-5.411730000000000013e-02
1.130890199999999915e-02
-3.994064999999999768e-03
2.533876499999999921e-02
-4.268600000000000172e-02
4.502836600000000022e-02
-4.809950000000000336e-02
-5.928026000000000129e-02
-5.938574999999999757e-03
-1.881023299999999912e-02
2.970220999999999972e-02
-1.172869699999999973e-02
8.422061000000000000e-04
-5.465031000000000055e-02
-5.000224699999999967e-02
4.323440399999999711e-02
2.067841799999999789e-03
2.031543099999999838e-02
-2.327198299999999956e-02
3.197001799999999935e-03
1.040555400000000002e-03
3.607431400000000316e-02
-1.335496599999999937e-02
1.995599600000000015e-02
-5.452971999999999680e-02
4.308961000000000041e-02
2.280589599999999911e-02
-6.197150399999999670e-02
-5.141059299999999749e-02
3.391954199999999827e-04
2.940672399999999867e-02
3.616989999999999789e-02
6.761379500000000431e-02
-1.364404699999999943e-02
-1.857303800000000005e-02
1.591524899999999937e-02
3.468095999999999679e-02
-6.736656000000000588e-02
4.213033599999999740e-02
-5.011812000000000211e-02
2.246349800000000188e-03
-3.432252999999999693e-02
4.173621000000000275e-02
-1.279347299999999965e-02
-1.112311700000000007e-02
-1.754034999999999926e-03
2.359357100000000068e-02
-4.134569300000000280e-02
-3.473658500000000038e-02
-5.830280499999999921e-02
-3.624543999999999943e-03
-1.271251300000000029e-01
-3.370405399999999718e-02
2.554402299999999904e-02
4.279348599999999864e-02
4.275010999999999568e-03
3.210983800000000166e-02
-4.246915500000000149e-02
8.901782000000000444e-03
3.517313700000000015e-02
-8.138713000000000544e-03
2.068901799999999999e-02
-3.373602400000000334e-02
5.234907600000000133e-02
2.731387999999999872e-02
3.570903000000000271e-02
-2.101791000000000076e-02
1.812101500000000073e-02
-3.965660000000000018e-02
3.014534199999999858e-02
-9.642109499999999573e-04
-4.169070700000000046e-02
1.811290000000000122e-02
8.307691999999999855e-02
-1.288417099999999982e-02
2.563920000000000088e-02
-2.839888999999999955e-03
5.686325999999999881e-02
1.888627999999999835e-02
4.247884000000000382e-03
-1.836038599999999937e-02
-5.947064999999999990e-02
-3.908343599999999918e-02
1.340171700000000049e-02
-9.106744999999999424e-03
3.906992000000000104e-02
5.919581000000000148e-02
1.410877900000000011e-02
1.400158699999999937e-02
2.413028399999999924e-03
3.794640999999999986e-02
1.353972399999999951e-02
2.736699800000000002e-02
4.456170000000000270e-02
1.291976499999999972e-02
4.172983799999999827e-02
7.014821999999999724e-02
1.579269999999999979e-02
4.696497300000000014e-02
3.168603799999999970e-02
2.757675999999999877e-02
3.082018900000000131e-02
5.726890300000000295e-02
1.798666599999999838e-02
-1.035005699999999931e-02
-1.387345199999999966e-02
2.535333000000000031e-02
1.530979099999999968e-02
-3.130923000000000039e-02
7.155260000000000092e-03
-4.252673700000000195e-02
-2.125789399999999940e-02
-1.595779500000000031e-02
-1.377973400000000008e-02
-2.465996900000000033e-02
1.425035699999999995e-02
-1.672811199999999984e-02
-4.881013000000000018e-02
1.524095399999999927e-02
3.092183999999999992e-03
6.333434000000000286e-02
-9.467230000000000090e-02
1.231738899999999977e-02
-1.324122299999999988e-02
-2.600184999999999996e-02
-1.549939300000000020e-02
7.186203400000000518e-02
-1.937470999999999985e-02
-1.245716799999999937e-02
-2.997381199999999898e-02
4.374030999999999753e-02
5.314478999999999731e-02
5.391689499999999594e-03
-5.352903000000000001e-04
9.353920999999999417e-03
-6.941019699999999466e-04
-1.683449700000000035e-02
4.340367800000000109e-02
-2.920469800000000116e-02
2.726146800000000051e-02
-3.128297299999999864e-02
8.135509000000000490e-02
-1.944904999999999898e-02
-6.038073499999999788e-02
3.511892999999999959e-02
5.371270699999999843e-03
-4.086428999999999756e-02
-3.873231600000000274e-02
8.404844999999999330e-03
-5.103034000000000042e-02
-2.200925999999999924e-02
8.469999599999999962e-02
1.883651899999999949e-02
6.890988000000000668e-02
3.657851699999999789e-02
4.300125000000000128e-03
3.640749699999999700e-02
5.561378000000000155e-02
2.342136800000000144e-03
1.993921999999999969e-03
-5.613901500000000044e-02
-2.638367000000000143e-02
-2.828293000000000126e-02
1.514531700000000015e-02
-2.677975599999999831e-02
5.620937000000000155e-02
1.119137499999999993e-02
1.324170099999999982e-02
6.618509000000000198e-02
8.970218999999999762e-03
6.129939499999999958e-02
2.915835799999999881e-02
-2.473688500000000012e-02
-1.714189199999999885e-02
2.833854800000000160e-02
2.603359900000000102e-02
2.483140500000000084e-02
7.326808999999999406e-02
-3.796111599999999787e-03
2.376589499999999869e-03
2.872687399999999946e-02
-2.178971999999999853e-02
5.746601999999999960e-03
2.188459599999999922e-02
8.718205999999999178e-03
1.525045650000000051e-02
2.081605800000000100e-03
1.953924799999999951e-03
-5.325487000000000276e-02
-7.918078000000000616e-02
6.171091000000000076e-02
2.230398499999999840e-02
6.244013599999999851e-03
-2.515970999999999833e-02
4.527341699999999907e-05
-5.963510999999999812e-02
-1.490037299999999974e-02
2.292624999999999871e-02
2.768613600000000008e-02
-1.897375000000000103e-02
3.149018200000000024e-03
-1.961134600000000172e-02
2.830010300000000006e-02
5.394751200000000302e-02
4.290052999999999922e-02
5.558137199999999695e-02
1.530392099999999984e-02
1.001558599999999993e-01
8.285982500000000500e-03
-2.855922300000000164e-02
-3.082782000000000057e-03
2.177536299999999897e-02
1.718331099999999972e-02
-1.133914700000000081e-02
8.137257999999999644e-03
-1.742518700000000170e-02
9.482495999999999980e-03
-4.552301999999999738e-02
1.645090000000000094e-02
2.714751699999999948e-02
5.007925400000000013e-03
1.755456899999999947e-03
1.979882000000000170e-02
-1.554548499999999951e-02
-4.030358400000000341e-02
4.067602000000000023e-02
1.579941600000000015e-02
-1.431333499999999995e-02
-2.123120400000000005e-02
3.037259200000000034e-02
4.492450999999999736e-03
6.620246000000000464e-02
-2.513437300000000152e-02
-3.722031399999999740e-02
6.045567200000000196e-02
5.092196000000000222e-02
3.667043999999999859e-02
-6.499383599999999928e-02
-1.313883249999999933e-02
-5.817373499999999725e-02
3.858357999999999927e-02
-6.234126499999999987e-02
-7.703135300000000379e-03
6.468595000000000594e-02
1.337391899999999974e-02
1.958333500000000033e-02
-5.022088000000000246e-02
5.138453999999999938e-02
1.413212399999999938e-02
-3.369889000000000218e-02
-2.724070799999999890e-02
1.290494499999999926e-02
9.058913999999999508e-03
-2.928900200000000148e-02
2.763607699999999848e-02
6.837527999999999835e-03
-4.548352600000000329e-02
-2.485076500000000035e-02
1.101875999999999897e-03
2.143688700000000169e-02
1.622428399999999854e-02
3.362967000000000040e-02
-3.207837999999999662e-02
2.088703399999999877e-02
8.690336999999999368e-03
1.111543700000000058e-02
4.269809599999999788e-02
2.253930300000000012e-02
6.128876999999999936e-02
4.272578999999999960e-02
6.475256399999999857e-02
6.434702000000000477e-02
-2.868247500000000155e-03
5.185798600000000175e-02
3.553781699999999932e-02
4.198347000000000190e-02
4.500183499999999698e-02
-6.668865700000000188e-03
7.042347000000000190e-02
2.938305800000000009e-02
4.719601600000000036e-02
9.535138000000000294e-03
4.433597599999999916e-02
-1.902300100000000119e-02
5.057808800000000021e-02
-2.036337400000000006e-02
-3.491779400000000200e-02
-3.424470000000000292e-02
-6.688469600000000043e-03
1.726959600000000164e-02
-4.589136299999999752e-02
3.896044199999999791e-02
-2.835205999999999837e-02
-2.089310399999999915e-02
-1.790535600000000074e-02
4.531634600000000040e-02
-2.932138200000000000e-02
8.702444999999999625e-03
-2.550700100000000137e-02
-8.155951999999999646e-02
-9.875309000000000084e-04
-1.033975799999999924e-02
3.203619299999999753e-02
-2.035181300000000158e-03
1.439006600000000040e-03
3.977580399999999794e-02
-3.021751699999999929e-02
4.155359799999999715e-02
-3.209986000000000089e-02
2.871216000000000046e-02
-2.197065999999999950e-02
-7.369720999999999911e-02
6.012741500000000003e-03
2.673190599999999972e-02
2.986472299999999927e-02
-2.525626499999999997e-02
-2.283707800000000024e-02
3.117504299999999950e-02
2.158853200000000055e-02
4.280026000000000143e-03
-2.862506399999999868e-02
3.264530699999999841e-02
-3.590493599999999841e-02
3.117897499999999853e-03
-7.814372999999999458e-03
9.692854000000000747e-03
-2.580651499999999949e-03
6.105437400000000153e-03
-3.709375000000000172e-02
5.107641200000000159e-02
-3.305196400000000312e-02
-4.287413000000000335e-02
-2.266427300000000214e-03
4.470740000000000131e-02
1.019409949999999961e-02
2.158811999999999884e-02
-2.103006300000000162e-02
6.546654600000000046e-02
-8.542921999999999669e-03
-2.952213000000000059e-02
-5.226374400000000087e-02
-2.665981799999999832e-02
-9.099229000000000345e-02
-4.118199999999999812e-03
7.986198999999999382e-03
1.678691800000000137e-02
4.090774800000000072e-02
-2.612756999999999927e-02
-2.787917999999999993e-02
-6.383224999999999316e-02
-2.591669000000000004e-03
-2.079766400000000043e-02
-4.908732999999999846e-02
2.607343200000000055e-02
1.488548049999999928e-02
3.223270000000000302e-02
1.363794900000000077e-03
-4.772709699999999784e-03
-5.993481299999999824e-03
-2.111498800000000120e-02
1.246509999999999979e-02
2.386453399999999975e-02
8.826689400000000112e-04
4.009234500000000145e-02
-6.509270500000000070e-02
5.537194700000000079e-04
-1.537958700000000012e-02
8.491775999999999491e-02
-4.019805399999999695e-02
-5.445637600000000078e-02
-4.405665799999999854e-02
-2.961378400000000063e-02
2.468026599999999932e-02
2.022366000000000094e-02
-4.540600599999999876e-02
2.307081000000000062e-02
6.009699999999999764e-02
7.204861999999999378e-02
2.507930599999999999e-03
-2.891586200000000051e-02
-1.827116299999999999e-02
1.501872299999999945e-02
-2.113024299999999994e-02
1.304851750000000053e-02
5.084457600000000244e-02
1.462639800000000009e-03
4.779613399999999707e-02
-6.629230999999999319e-02
9.389277999999999166e-03
-3.721597000000000099e-02
-1.445827799999999975e-02
5.648646499999999959e-03
-3.756085800000000252e-02
-2.889298599999999898e-02
-4.927897500000000264e-02
-1.274520399999999956e-02
-2.422521000000000049e-02
-1.304714499999999958e-02
4.905484200000000128e-02
-1.221878000000000027e-02
-1.279870699999999945e-02
-8.761227000000000598e-02
-1.152466050000000054e-02
-6.229781999999999681e-03
-1.966915699999999961e-02
1.608884899999999882e-02
-2.910427399999999942e-02
-2.355903199999999972e-03
-2.676078799999999976e-03
1.529126500000000007e-02
-4.785822700000000318e-02
3.809901399999999789e-03
3.156999499999999653e-02
-3.370396999999999976e-02
1.543313399999999939e-02
5.326271999999999951e-04
8.547185000000000546e-03
2.324867599999999937e-02
-4.058946699999999713e-02
-3.211043999999999704e-02
-1.664538700000000107e-02
5.705290999999999835e-02
-2.045210600000000115e-02
-1.301891600000000017e-02
2.849919700000000042e-02
3.540591999999999958e-03
-4.568407000000000023e-02
-2.021276600000000007e-02
3.921642999999999657e-02
1.304545699999999989e-02
8.962278999999999385e-02
-1.790753399999999926e-02
1.190087800000000015e-02
-3.090784499999999976e-02
2.047260899999999925e-02
-4.430543599999999665e-02
-8.088872000000000423e-03
-2.333727199999999918e-03
-1.879439700000000088e-02
-6.333260000000000278e-03
-3.497390999999999694e-02
5.358733999999999720e-02
3.537702999999999681e-02
1.415234299999999952e-02
1.353917800000000067e-02
-2.111983900000000136e-02
2.809381700000000009e-02
1.651864100000000101e-03
-2.079330799999999993e-02
1.663258899999999971e-02
7.055495999999999643e-03
5.537733000000000239e-02
3.703879200000000094e-02
4.269470000000000209e-02
-9.410338500000000467e-03
6.683996999999999855e-02
7.371672000000000120e-03
2.027225699999999839e-02
4.655957200000000046e-02
5.084420000000000085e-03
3.389455999999999719e-02
-1.853340100000000143e-02
-1.049290100000000066e-02
-6.731273000000000117e-02
2.133055400000000157e-02
2.121411600000000161e-02
3.125596399999999719e-02
-2.647601800000000047e-02
2.423691000000000040e-02
-8.508889000000000383e-03
-3.027833799999999839e-02
5.327577000000000007e-02
-1.604919000000000137e-02
-3.003112800000000068e-02
1.892568500000000112e-02
2.297070199999999909e-02
-6.182466999999999824e-02
1.572352600000000156e-02
-2.200545200000000173e-02
-2.165104799999999913e-02
4.230765999999999694e-02
-4.300169599999999724e-03
6.320229299999999793e-03
-2.592883800000000093e-03
-3.335226300000000005e-02
-7.644201000000000468e-02
-1.241135499999999935e-03
-4.384974400000000300e-02
1.538934649999999967e-02
-1.494956700000000041e-02
-5.248374999999999568e-03
-2.538226500000000108e-02
-3.550315999999999889e-02
1.722527100000000033e-02
-4.101976999999999707e-03
-1.426924700000000053e-02
8.486807000000000378e-02
1.578490000000000101e-02
-2.290950300000000120e-02
-3.692248000000000058e-02
1.125713899999999934e-02
4.446770299999999732e-02
-3.062911000000000106e-02
