5.233119800000000238e-02
6.255615999999999954e-02
-5.236089199999999916e-02
5.151931499999999955e-04
1.814852700000000110e-02
5.632993599999999712e-02
3.089009800000000125e-02
5.478182000000000190e-02
-5.026926299999999806e-03
5.531661700000000022e-03
4.350047600000000320e-02
6.689233999999999458e-02
3.397526599999999702e-02
-4.951475999999999794e-03
2.051571799999999876e-02
-2.705626400000000001e-02
2.975797499999999901e-02
2.850256899999999843e-02
-3.227776000000000256e-02
-3.423862500000000170e-02
-2.454200800000000057e-02
8.219399500000000233e-03
5.240236599999999884e-02
4.110368999999999828e-02
1.189020699999999986e-02
-5.368759499999999768e-02
-2.031180299999999980e-02
-4.461280000000000107e-02
1.764019600000000035e-02
-8.863195999999999575e-02
1.469094800000000055e-02
-9.958283000000000065e-03
2.373974400000000012e-02
-9.533292000000000502e-03
3.874849500000000085e-02
4.592230999999999570e-03
7.810650399999999847e-03
-4.364232499999999744e-03
2.853884400000000071e-02
-7.087333499999999564e-02
-3.396620200000000089e-02
-1.441330650000000047e-02
-5.112718000000000471e-04
2.533795700000000123e-02
-1.913878999999999928e-02
-6.671370999999999551e-02
6.174921499999999619e-03
1.796950100000000100e-03
-2.395976899999999882e-02
3.446891500000000275e-02
1.351164800000000023e-03
5.076785000000000325e-02
-3.148836599999999680e-02
-1.270400999999999996e-02
-2.300461200000000067e-02
-4.583207999999999727e-02
1.148924599999999983e-02
-1.541665849999999949e-02
8.055808000000000413e-02
-4.950498700000000030e-03
1.952894800000000083e-02
-4.716503999999999835e-02
1.539278300000000016e-02
-3.615332999999999741e-02
-4.533389999999999989e-03
-8.247284000000000559e-02
3.871587700000000271e-02
-2.241259799999999885e-02
-7.530464000000000602e-02
9.928200999999999346e-03
-2.889034999999999867e-02
-1.490120099999999934e-02
-3.769398999999999667e-02
1.689264000000000043e-02
2.526915000000000064e-02
3.982862999999999681e-02
-4.005447799999999753e-02
-1.185418799999999988e-03
5.386811500000000114e-02
1.949178600000000053e-02
-6.194757699999999673e-02
-3.407509599999999916e-02
3.825855599999999912e-02
2.946779000000000065e-02
2.083571199999999842e-03
4.210100700000000279e-02
2.575647799999999932e-02
-4.687981299999999935e-02
-1.705709099999999992e-02
8.596884000000000817e-03
1.327387999999999901e-01
3.950701000000000213e-02
-6.580106999999999970e-03
1.921070000000000069e-02
8.938338599999999523e-02
-2.372915299999999936e-02
-6.813983599999999530e-02
-1.236789799999999939e-01
1.580328500000000025e-02
1.283995299999999944e-02
-1.809045299999999939e-02
-1.504643499999999906e-03
-5.000859500000000291e-02
1.723956299999999898e-03
1.458056599999999967e-02
-1.929838399999999829e-02
6.406481000000000328e-03
-8.517549000000000647e-02
-9.588839000000000390e-02
-4.461309400000000244e-03
6.440423400000000465e-02
2.137697499999999945e-02
2.588065200000000052e-02
-2.724871400000000027e-02
-1.538037100000000032e-02
3.639367999999999770e-02
-6.350253999999999621e-02
4.504643400000000325e-02
-3.073078400000000057e-02
-2.703360100000000085e-02
3.732914999999999844e-02
5.321216599999999824e-02
-3.499850000000000183e-02
3.653672000000000170e-02
4.979702500000000170e-02
-7.622883999999999910e-04
8.445137000000000130e-03
-1.656895699999999874e-02
-2.574669799999999842e-02
2.474564300000000119e-02
3.368503600000000153e-02
-6.512289500000000009e-02
5.198579999999999868e-02
2.586077900000000040e-02
-2.400980499999999865e-02
-2.268952600000000066e-03
7.143599000000000476e-02
4.840188499999999866e-02
-2.150607299999999795e-03
4.114293299999999959e-02
-3.474974599999999803e-02
-4.649937999999999988e-02
-1.048388799999999954e-01
3.674632599999999930e-03
-3.460787199999999786e-02
-4.777337000000000250e-02
-4.706150400000000227e-03
3.852789499999999950e-02
-2.922936500000000021e-02
-2.212138300000000141e-02
-2.152697599999999975e-02
1.309046499999999970e-04
9.759230000000000682e-03
-1.867633499999999877e-02
-1.426926300000000078e-02
3.859213000000000227e-02
-2.157477799999999932e-02
8.840594999999999704e-03
6.070210799999999768e-02
-5.670183999999999988e-03
-9.874366000000000740e-03
-5.599619399999999914e-02
3.849899899999999816e-03
8.034025000000000194e-02
-7.688796000000000519e-02
-1.956992000000000106e-02
-2.175298499999999899e-02
-5.360775400000000052e-02
1.557732099999999988e-02
-1.546151599999999980e-02
-3.150341300000000094e-02
-6.767497000000000096e-02
-8.356269400000000680e-02
-9.678718000000000043e-02
2.118115900000000149e-02
-1.950734600000000125e-04
6.794593300000000349e-03
-3.139232000000000133e-02
-1.676734499999999947e-02
2.779457999999999929e-02
5.420370000000000049e-02
-4.667653499999999817e-02
1.178954999999999934e-02
-5.056243400000000332e-02
-1.610933200000000051e-02
-1.517893399999999983e-02
1.060092999999999973e-02
4.888726399999999972e-02
4.104340000000000072e-02
4.946335999999999788e-02
-1.284026299999999933e-02
-3.021801100000000209e-03
2.131979699999999797e-03
-2.031696999999999843e-03
1.001811099999999968e-02
7.967151999999999568e-02
2.667255899999999846e-02
-9.399134999999999435e-03
4.718637599999999689e-03
-3.126264399999999916e-02
4.077314600000000316e-02
5.229766000000000276e-02
1.476252100000000067e-02
-2.092607999999999968e-02
2.974182599999999899e-02
2.504634899999999900e-02
1.100193600000000035e-02
-2.544662699999999944e-02
-8.830967000000000330e-03
3.105242000000000072e-02
-1.361523499999999984e-02
-6.469785000000000119e-02
1.350800600000000079e-03
-1.471847199999999981e-02
1.728601199999999991e-02
1.451566699999999946e-02
3.892258600000000207e-02
2.138052699999999987e-02
5.870869399999999877e-02
-4.140844199999999670e-02
4.695852500000000096e-02
3.580230999999999691e-02
-4.022551299999999747e-02
6.615762399999999821e-02
5.708089599999999729e-03
1.221596399999999930e-02
-5.806405500000000330e-02
1.907693400000000025e-02
5.036833699999999914e-03
-7.826783499999999394e-02
-1.061086399999999937e-02
2.666149799999999875e-02
1.742448300000000103e-02
-4.497285000000000171e-02
-2.148388999999999854e-02
5.039040999999999659e-02
1.406819500000000035e-02
-3.539830000000000060e-02
-2.216251799999999911e-02
-4.177778000000000047e-02
2.338660299999999886e-02
-2.650835400000000133e-02
2.908909299999999989e-02
2.360724499999999892e-02
2.816071200000000094e-02
-2.504349499999999895e-02
8.721682999999999519e-02
4.066373399999999999e-02
-8.564266999999999973e-04
4.814821500000000115e-02
-3.514438500000000021e-02
-7.953247999999999568e-03
-3.430194000000000298e-02
2.596757699999999863e-02
-3.012619199999999955e-02
2.686950800000000028e-02
-1.043380900000000049e-02
4.367471500000000284e-02
6.408415300000000307e-03
3.435305500000000040e-02
4.784853399999999812e-02
-1.118284899999999991e-02
1.659623299999999843e-02
-2.120250799999999838e-02
-5.982654500000000181e-02
-4.098055999999999921e-02
-1.886043100000000042e-02
-1.826142899999999916e-02
8.994609000000000631e-03
-6.598879000000000550e-02
6.346045999999999632e-02
-4.966024699999999764e-02
-3.524813999999999725e-02
-2.197587900000000025e-02
-3.677802499999999891e-02
5.019181200000000231e-02
-2.086864000000000080e-02
1.004794500000000083e-02
-8.936176000000000536e-03
-4.403474000000000277e-02
2.510828500000000102e-02
-2.058603200000000064e-02
-5.049921599999999955e-03
-2.211070600000000080e-02
1.295816200000000050e-02
-1.060945800000000043e-02
1.906733799999999965e-02
1.840245999999999896e-02
-2.012546000000000040e-03
-5.364481399999999900e-02
4.630167000000000310e-02
-4.102520600000000330e-03
-3.131724500000000050e-02
-5.988523999999999931e-02
1.814916199999999993e-02
-9.993968000000000643e-03
4.195099000000000050e-02
1.581424999999999845e-02
1.500815500000000045e-02
-3.642033399999999865e-02
2.213527300000000045e-02
3.713857799999999848e-02
-4.414659399999999734e-02
4.436338299999999929e-02
-3.742638599999999899e-02
-2.245862800000000131e-02
-7.435401499999999553e-02
6.148050999999999863e-03
-3.591446599999999906e-02
-6.133854999999999690e-03
4.470629999999999743e-02
4.413373400000000085e-02
-4.239796500000000273e-02
-2.645495499999999875e-02
-3.488017599999999885e-02
-2.226997199999999899e-02
-1.297817199999999893e-01
-1.148364600000000013e-02
1.591276700000000127e-02
3.592081700000000072e-02
3.141436699999999860e-02
8.458118000000000580e-03
-6.141085999999999767e-02
-4.987374400000000284e-03
2.423817899999999859e-02
-1.505453900000000046e-02
4.293661000000000005e-02
-3.129890999999999923e-02
3.888277999999999873e-02
2.423123799999999869e-02
3.190807300000000207e-02
3.660651600000000214e-03
3.500626999999999905e-02
-4.112484000000000278e-02
1.863679500000000114e-02
-9.068612999999999674e-03
-8.409073000000000242e-02
-1.772789799999999931e-04
6.999089999999999478e-02
-7.420714000000000130e-03
-1.488310500000000021e-03
-7.824538000000000673e-03
3.296746999999999872e-02
3.806152599999999830e-02
-1.827830299999999922e-02
-4.113677500000000042e-02
-6.220530300000000345e-02
-3.718409699999999929e-02
3.249478699999999720e-02
7.645672300000000161e-04
1.990072999999999842e-02
6.438240000000000629e-02
-3.409803999999999786e-04
-2.230313399999999877e-02
2.809407999999999784e-04
6.935009000000000312e-02
2.402666200000000071e-02
1.862445299999999915e-02
2.960267700000000085e-02
4.381863400000000214e-02
3.622398999999999758e-02
1.147760500000000010e-03
-1.086085600000000033e-02
4.565381999999999774e-02
6.370344000000000007e-02
2.463589999999999877e-02
3.635059999999999680e-02
5.485401000000000166e-02
-3.574531499999999973e-02
-2.756390499999999966e-02
5.734309600000000139e-03
3.028525199999999862e-02
2.887963099999999936e-02
2.094511300000000131e-02
4.170938200000000318e-02
-4.048359800000000258e-02
-3.051323800000000155e-02
1.049758500000000025e-02
-1.040415599999999947e-02
-1.452001699999999965e-02
-4.339797799999999678e-02
-3.811571400000000193e-02
-3.574658599999999686e-02
2.445978700000000020e-02
-6.112976400000000310e-02
5.064878600000000120e-02
-6.597593399999999997e-02
9.533988000000000185e-03
-2.397158699999999906e-02
-2.690655999999999951e-02
-2.618788400000000155e-02
4.165915800000000169e-02
2.385941700000000082e-02
1.528140100000000001e-02
-5.281687999999999661e-02
6.436450000000000504e-02
4.028190699999999874e-02
9.038710000000000147e-03
1.472182499999999915e-02
-2.239308699999999902e-02
3.430304700000000317e-02
-3.857366999999999740e-02
2.240985300000000041e-02
-4.348231000000000318e-02
4.061780499999999988e-02
-1.683956799999999920e-02
8.661120399999999719e-02
5.494504699999999686e-03
-4.287202300000000216e-02
4.934515800000000008e-02
-1.101404400000000061e-02
-3.943513000000000053e-03
-3.384495400000000088e-03
8.844349499999999351e-03
-3.789613399999999799e-02
-3.483003999999999961e-02
1.960956499999999894e-02
1.453376500000000057e-02
3.365474200000000138e-02
6.454141400000000528e-02
3.000588699999999845e-02
3.971884400000000315e-02
6.184634999999999959e-03
1.505331400000000080e-03
1.217038299999999990e-02
-2.891552999999999832e-02
-2.023409099999999919e-02
6.544733399999999764e-03
6.657380000000000068e-03
-2.289092200000000018e-03
3.534444999999999948e-02
1.800048500000000010e-02
-1.821578700000000064e-02
5.701247999999999733e-02
-1.710587599999999903e-02
1.730161699999999830e-02
3.968788699999999808e-02
-1.548224500000000038e-02
-6.999666300000000410e-03
8.086669999999999969e-02
4.392928299999999953e-02
1.230941800000000079e-02
7.464640000000000164e-02
-2.939871699999999956e-03
-6.611186500000000403e-03
-1.052368000000000053e-02
-6.584807999999999720e-04
-9.504613500000000034e-03
-2.094608499999999970e-02
-1.048016549999999936e-02
1.475507300000000049e-02
6.300757599999999917e-03
-2.581060099999999899e-02
-6.560618399999999795e-02
-7.249456999999999429e-02
1.780541399999999858e-02
-1.518738600000000064e-02
5.035653999999999825e-02
-4.732941999999999705e-02
-1.394223900000000037e-02
-4.137687000000000309e-02
-1.765883299999999878e-02
3.345246200000000225e-02
2.317849500000000035e-02
-2.718553199999999923e-03
5.533248999999999633e-03
-2.031634400000000007e-02
3.302725399999999895e-02
2.124067600000000087e-03
2.517649300000000118e-02
3.367141600000000262e-02
4.029591400000000212e-02
6.052853999999999873e-02
3.245319500000000260e-04
-2.485007800000000114e-02
-8.844522000000000495e-03
1.782527000000000070e-02
-1.496088200000000000e-02
7.767400199999999894e-03
-2.265753599999999895e-02
-5.681979000000000196e-02
-5.363439700000000032e-03
-2.402434499999999903e-02
3.172486000000000056e-02
4.875158999999999743e-02
-1.207657250000000043e-02
5.427259499999999987e-03
1.180303899999999954e-02
-2.996008799999999930e-02
-1.382725700000000078e-02
1.739832399999999973e-02
-6.306442399999999913e-03
-3.077865200000000009e-02
-7.470885000000000026e-03
3.811765500000000029e-02
-1.974380200000000127e-02
4.604908499999999655e-02
-2.411967500000000014e-02
-2.694302000000000155e-02
5.989536300000000008e-02
7.342640999999999751e-02
1.634841199999999967e-02
-4.916503299999999688e-02
1.567079099999999989e-02
1.342264599999999988e-02
3.143462999999999986e-03
-6.514243999999999590e-02
1.557006000000000015e-02
6.374871000000000010e-02
1.960035599999999933e-02
1.399903299999999927e-02
-4.253925399999999857e-02
2.886808299999999924e-02
-6.998850000000000253e-04
-2.452804999999999916e-02
-3.524217999999999795e-02
-1.147607599999999912e-03
2.036015099999999994e-02
-2.578910300000000072e-02
2.464172800000000163e-02
-4.726500699999999604e-03
-3.158505000000000340e-02
-8.256256000000000012e-03
-2.202348800000000079e-02
-4.673990400000000399e-03
1.486219599999999939e-02
6.305320600000000053e-02
7.219894000000000138e-03
1.826664999999999886e-02
1.019551399999999927e-02
-1.653019699999999995e-02
6.499465000000000103e-02
-3.492702500000000043e-03
2.710814400000000068e-02
2.091482100000000011e-02
1.030021400000000024e-02
6.120335699999999990e-02
1.070444299999999925e-02
5.307730699999999718e-02
8.688599999999999449e-03
8.217560499999999879e-02
6.079362700000000286e-02
1.766609800000000161e-02
1.730471299999999935e-02
1.267631599999999997e-02
8.271354000000000206e-02
-1.126126400000000000e-02
3.982649700000000237e-02
-1.470518500000000083e-02
3.869334600000000346e-02
-4.039782299999999937e-02
-3.002149000000000137e-02
-8.284255000000000785e-03
-1.857436599999999841e-02
2.726243799999999995e-02
-6.555347700000000236e-03
5.496858000000000299e-02
-3.495701400000000153e-02
-3.569631000000000193e-02
-1.545232399999999992e-02
6.373694000000000581e-02
-2.234615200000000107e-02
2.261890999999999902e-02
-7.554545499999999920e-03
-1.789668999999999982e-02
-3.550815999999999695e-02
-5.149887499999999951e-02
3.252350500000000116e-02
-1.991542400000000101e-02
2.522798999999999875e-02
9.384543000000000398e-03
-4.668242300000000067e-03
4.918072400000000205e-02
-8.893234999999999335e-03
5.617599999999999677e-02
-4.031926000000000260e-02
-5.802867999999999915e-02
1.816464200000000168e-02
7.561782999999999699e-02
1.207171599999999970e-02
8.050958000000000420e-03
-2.075478399999999835e-02
5.820027700000000165e-02
7.763326600000000285e-03
-2.735541799999999940e-02
1.449557399999999892e-03
2.776220299999999919e-02
-3.053799299999999939e-02
-1.608394999999999964e-02
2.186755799999999875e-02
-3.271960999999999880e-03
2.744378700000000074e-02
1.389979799999999967e-02
-4.509186700000000075e-02
1.353896600000000037e-03
-1.170685599999999986e-02
-5.450258799999999765e-02
2.027668800000000104e-02
6.548602000000000589e-02
5.736674599999999971e-03
2.460508600000000171e-02
-4.590855499999999673e-02
2.377192700000000172e-02
-1.449554999999999941e-02
-5.297744600000000269e-03
-4.160860999999999726e-02
-4.602225000000000066e-02
-5.930147300000000038e-02
-1.618553699999999984e-02
4.185820999999999986e-02
1.456977100000000046e-02
5.775778399999999951e-02
-2.815718399999999830e-02
-2.148821399999999854e-02
-5.950288000000000105e-02
2.280484199999999791e-03
-3.816644500000000023e-02
-6.301265999999999812e-02
-2.041215799999999969e-02
1.863793299999999889e-02
3.254923600000000222e-02
2.394441300000000120e-02
3.159181999999999962e-02
-3.527200999999999947e-02
-3.591708999999999874e-02
-8.658511000000000679e-03
3.144040699999999661e-02
4.248365300000000143e-03
6.460243499999999972e-02
-3.226176599999999728e-02
-2.271902400000000086e-02
8.876250999999999933e-03
4.459498499999999671e-02
-3.544535000000000047e-02
-2.755847200000000052e-02
-4.048786299999999894e-02
-1.038485299999999945e-02
1.089091400000000067e-03
4.009825999999999668e-02
-4.833251999999999687e-02
1.209139099999999994e-02
5.535750500000000129e-02
7.563018999999999992e-02
-1.672758699999999862e-02
3.260614599999999991e-03
6.354539000000000248e-05
9.243199000000000554e-03
-4.059088000000000279e-02
-1.264344199999999953e-02
4.294371599999999983e-02
7.294453999999999695e-03
2.911643699999999849e-02
-4.223708400000000113e-02
2.323695500000000011e-02
-3.624005599999999966e-02
1.631169799999999948e-02
1.281789300000000034e-02
-1.479255399999999986e-03
3.409048400000000054e-04
2.763049299999999903e-02
3.835951499999999681e-02
-2.630606699999999895e-02
3.147710000000000178e-03
3.472709999999999686e-02
-1.009587850000000057e-02
2.465918099999999877e-02
-5.064889799999999775e-02
1.421161100000000073e-02
-1.639412000000000161e-02
-2.376736499999999863e-02
-8.515273999999999760e-03
-4.439648200000000100e-02
-2.213738100000000111e-02
2.806648600000000160e-02
1.305085800000000025e-02
-4.771447699999999646e-03
1.539184600000000069e-02
2.529597100000000043e-02
-5.310844599999999666e-02
9.736952000000000107e-03
6.847814000000000028e-04
-9.875465999999999411e-03
1.109694200000000026e-02
-3.484459599999999851e-02
-1.318228899999999981e-02
1.097278949999999989e-02
4.445851599999999654e-02
-2.361233700000000060e-02
-2.762516000000000017e-03
4.803223499999999951e-02
-3.069740199999999863e-02
-7.540283999999999875e-02
-2.885911600000000063e-02
2.052295200000000056e-02
2.876227300000000139e-02
7.703242999999999896e-02
-6.085922600000000238e-02
-1.473692799999999983e-02
3.805380300000000236e-04
1.501677400000000009e-02
-3.520155299999999654e-02
-3.541856800000000183e-03
3.475546099999999965e-03
1.343048550000000042e-02
-6.369757000000000197e-03
-3.543417499999999831e-02
6.327955000000000385e-02
4.046004300000000109e-02
-1.193419899999999950e-02
4.568170800000000142e-02
-5.476584999999999787e-02
5.715097499999999969e-02
3.751998399999999928e-02
-2.432751999999999831e-02
3.223265000000000158e-02
-1.374895299999999996e-03
4.237064000000000108e-02
6.299833000000000516e-02
4.868525600000000314e-02
2.533420000000000116e-02
5.430617000000000083e-02
2.521205099999999921e-02
3.718875299999999801e-02
3.783526599999999934e-02
-1.549513599999999963e-02
8.093503999999999629e-03
-3.115963999999999887e-02
-1.381332899999999919e-02
-5.151046799999999676e-02
6.201588499999999803e-03
5.317157500000000260e-04
1.993833299999999906e-02
-4.547878000000000337e-02
-4.025259999999999949e-02
-2.158368000000000092e-02
-3.637927999999999995e-02
2.533321800000000110e-02
-2.608164799999999894e-02
-3.951091000000000325e-03
1.306005000000000013e-02
4.139968000000000120e-02
-3.347325000000000300e-02
-2.019947600000000093e-02
-2.354078399999999863e-02
-1.440602199999999923e-02
2.791151199999999943e-02
-2.959736400000000101e-02
1.388651100000000069e-02
-4.306453299999999686e-03
-3.156624699999999867e-02
-8.209552000000000516e-02
1.619935600000000069e-03
-4.987392999999999688e-02
9.220296500000000825e-03
3.134648999999999769e-02
-3.102981700000000120e-03
-2.152255700000000119e-02
-8.416075000000000292e-03
1.409085799999999951e-02
-1.055503499999999907e-03
1.533905600000000022e-02
8.433656400000000275e-02
-1.699340699999999857e-02
-1.827592800000000031e-02
-3.996522000000000269e-02
2.298511300000000146e-03
4.291293999999999664e-02
-5.138432200000000311e-02
