7.039673999999999932e-02
4.666306499999999663e-02
-8.598566000000000542e-02
-2.921016700000000042e-03
7.876657000000000450e-03
7.471628499999999340e-02
2.422414900000000038e-02
5.278461799999999843e-02
3.174459000000000308e-02
9.086424500000000667e-03
4.083235200000000231e-02
7.027851999999999710e-02
4.618909000000000209e-02
-8.214104999999999324e-03
1.761561499999999983e-03
-4.746820799999999785e-02
1.931252899999999842e-02
7.008239999999999782e-03
-5.407910800000000073e-02
-9.905328999999999176e-03
-2.368866999999999848e-02
1.154586900000000027e-02
6.168168400000000051e-02
3.398658300000000076e-02
1.499210699999999931e-02
-4.194839000000000206e-02
-2.268028999999999878e-02
-2.744179399999999852e-02
4.208447399999999672e-02
-7.709609000000000600e-02
4.785782000000000230e-02
-6.587676699999999580e-03
3.417507200000000078e-02
-1.028427900000000034e-02
6.551853000000000538e-02
7.884650499999999729e-03
1.087779600000000034e-02
2.090598399999999964e-04
6.328012000000000047e-03
-7.164974500000000079e-02
-2.265376399999999985e-02
-3.012714500000000101e-02
2.389841200000000082e-02
2.598107399999999984e-02
-2.586728699999999923e-02
-5.082213000000000008e-02
-1.051942399999999944e-02
1.790028299999999947e-02
-1.505639800000000035e-02
5.765646299999999808e-02
8.300913999999999515e-03
4.666417999999999955e-02
-9.423011999999999708e-03
-1.950984000000000052e-02
-1.589708600000000124e-02
-2.055197400000000063e-02
-8.411451000000000344e-03
1.889935499999999963e-02
9.106780000000000430e-02
-1.509312399999999943e-02
5.008455999999999672e-03
-5.270812700000000045e-02
-6.778497700000000320e-03
-4.018747799999999870e-02
2.768620999999999929e-02
-7.565605000000000246e-02
9.128179000000000154e-03
-2.580247299999999938e-02
-8.796573400000000376e-02
3.095602399999999865e-02
-2.781322200000000203e-03
1.625176000000000051e-02
-2.643768100000000107e-02
1.369019500000000049e-02
2.508691500000000130e-02
3.880401700000000315e-02
-3.147820400000000268e-02
-1.844614400000000112e-02
4.237406700000000137e-02
9.435850000000000834e-03
-6.395516499999999438e-02
-2.242402699999999915e-02
4.453657999999999922e-02
3.694341999999999765e-02
-5.047538300000000387e-03
5.119936499999999668e-02
2.991700499999999999e-02
-4.115400500000000045e-02
-3.736214699999999833e-02
-2.159470299999999982e-02
1.307189599999999952e-01
2.643810599999999941e-02
-1.370830800000000021e-03
1.128804599999999950e-02
8.223170000000000479e-02
-1.245207899999999958e-02
-7.842027399999999815e-02
-1.111788749999999965e-01
-5.033383599999999986e-03
2.507312199999999977e-02
-1.253624499999999968e-02
-1.056903499999999919e-02
-5.269759499999999985e-02
3.555057200000000250e-02
9.738089000000000120e-03
4.451730800000000370e-03
2.993264400000000131e-02
-6.539907000000000359e-02
-8.680884499999999560e-02
2.312723399999999999e-02
5.543092000000000158e-02
3.043443499999999927e-02
1.964776199999999917e-02
-3.857725499999999780e-02
-2.805450599999999989e-02
3.163426400000000221e-02
-3.728444499999999939e-02
2.781519699999999984e-02
-1.321440200000000009e-02
-8.953377999999999684e-03
3.035899800000000162e-02
5.987840500000000260e-02
-4.072285999999999961e-02
1.232803300000000039e-02
5.063815399999999772e-02
-3.374901000000000290e-02
-9.364769999999999692e-03
-1.672049199999999999e-02
-1.416425399999999939e-02
-4.153437999999999748e-03
2.057538700000000054e-02
-4.975833400000000128e-02
1.930432799999999907e-02
4.313207799999999731e-02
1.213978999999999926e-02
4.675193000000000014e-04
6.058128599999999808e-02
5.049427599999999766e-02
-9.208350000000000563e-03
2.893083499999999850e-02
-2.326758199999999846e-02
-5.408262999999999959e-02
-9.465398999999999341e-02
1.296152899999999941e-02
-3.792319999999999719e-02
-2.206104000000000051e-02
-5.209606999999999780e-03
3.000025599999999945e-02
-3.512297000000000335e-02
-5.407559000000000150e-03
-2.780744200000000166e-02
4.100219300000000101e-03
3.162902199999999969e-02
-6.043182300000000257e-02
-1.114048249999999990e-02
2.657303999999999916e-02
-1.177192099999999943e-02
-2.774999699999999847e-02
4.055981300000000012e-02
-1.737970699999999945e-03
-1.362850099999999946e-02
-5.088150000000000311e-02
-1.976129600000000111e-02
6.588903999999999594e-02
-7.971127000000000073e-02
-2.263488199999999853e-02
-1.755008499999999999e-02
-7.755051599999999989e-02
1.475828199999999930e-02
-2.354854699999999953e-02
-2.608768599999999882e-02
-5.426472999999999713e-02
-9.177936999999999901e-02
-8.955933000000000643e-02
-1.687247500000000136e-02
9.675585999999999909e-03
-8.618347000000000160e-03
-2.859852599999999911e-02
-4.145663000000000126e-02
1.764982000000000009e-02
6.909935999999999856e-02
-5.084394700000000045e-02
1.651805599999999971e-02
-4.054105699999999840e-02
1.987364000000000144e-02
5.009086299999999936e-03
2.720507800000000059e-02
5.589763400000000160e-02
3.178471299999999916e-02
5.067834599999999912e-02
-1.034976450000000062e-02
-4.066197600000000245e-02
-6.628242300000000004e-03
2.503034700000000140e-02
2.289352600000000085e-02
6.438628999999999880e-02
-2.748567400000000074e-03
-2.508763799999999891e-02
2.398801600000000089e-02
-4.866894000000000081e-02
2.991450000000000012e-02
6.190730600000000222e-02
3.670096999999999943e-02
-2.446276699999999985e-02
2.947000599999999998e-02
4.259130400000000344e-02
-1.193684899999999938e-02
-2.537532300000000171e-02
-2.305557499999999916e-03
3.827062999999999993e-02
-2.585745000000000057e-02
-7.231540000000000190e-02
-9.625770999999999980e-03
-4.688862299999999733e-02
1.782506500000000105e-02
2.874344599999999889e-02
2.984538899999999995e-02
1.786325899999999939e-02
4.247961599999999782e-02
-5.228594000000000297e-02
6.125839799999999863e-02
3.548509999999999859e-02
-2.183798199999999884e-03
7.401740599999999393e-02
-1.488813899999999989e-02
5.912551999999999738e-03
-1.875931800000000052e-02
1.783267800000000111e-02
7.420792699999999645e-03
-7.117389999999999828e-02
-7.716334000000000040e-03
4.050786399999999760e-02
1.179224199999999965e-02
-2.209025400000000014e-02
2.391958400000000068e-02
4.936582199999999671e-02
3.773480999999999971e-03
-3.876824300000000084e-02
-2.576153700000000102e-02
-2.407795199999999969e-02
1.311023000000000049e-02
3.065569599999999964e-03
4.031064699999999806e-02
2.950737399999999941e-02
4.724172000000000093e-02
-4.799847699999999773e-02
8.020679000000000003e-02
3.726546000000000025e-02
-6.522408999999999846e-03
4.838104000000000189e-03
-4.404132799999999764e-02
-3.029923099999999939e-02
-3.567370999999999737e-02
2.295488299999999884e-02
-3.023075299999999910e-02
4.152155300000000271e-02
-1.709358999999999879e-02
3.718843299999999991e-02
1.197560800000000043e-02
3.694034999999999680e-02
1.859152299999999869e-02
-9.383348999999999163e-03
2.948127999999999860e-02
-2.549284500000000009e-02
-4.111135800000000062e-02
-2.888500700000000074e-02
-2.850729000000000110e-02
-2.409363000000000130e-02
1.227612999999999968e-02
-7.335553000000000212e-02
7.715558000000000138e-02
-3.694612500000000327e-02
-3.434381599999999923e-02
-5.249690999999999906e-03
-1.561357600000000054e-02
4.104957699999999682e-02
-1.452707399999999920e-02
2.667872199999999847e-02
-1.648986699999999833e-02
-2.921605000000000035e-02
2.290860200000000013e-02
-3.074869999999999947e-03
-1.465379499999999897e-03
-2.567194999999999894e-02
1.012775200000000028e-02
-2.001257799999999962e-02
1.240089599999999979e-02
1.241459399999999928e-02
-2.705515600000000121e-03
-3.418662000000000090e-02
4.236189600000000305e-02
-7.088210400000000307e-03
-3.188820600000000227e-02
-7.080825400000000103e-02
3.193717399999999873e-02
3.476873000000000116e-03
5.430283400000000121e-02
3.618538000000000310e-02
-1.622783599999999896e-02
-3.294881799999999777e-02
3.415615999999999791e-02
2.096273800000000159e-02
-4.920773999999999981e-02
5.603902799999999768e-02
-2.421877500000000141e-02
-2.840865000000000057e-02
-5.668319000000000135e-02
2.330101799999999973e-02
-1.374908700000000011e-02
1.871316500000000035e-02
3.787543000000000160e-02
5.418234699999999876e-02
-3.633871999999999797e-02
-2.584903500000000111e-03
-3.192765599999999870e-02
-1.473847999999999998e-02
-1.077082159999999955e-01
-1.983556300000000050e-02
4.086495999999999879e-02
3.099267699999999973e-02
1.538329199999999980e-02
-3.763880600000000035e-03
-6.322606999999999533e-02
-1.563869300000000006e-04
4.117625999999999925e-02
-2.771884200000000048e-02
2.875070999999999877e-02
-2.071529800000000004e-02
2.468698500000000157e-02
2.399058299999999935e-02
8.419937000000000601e-03
-1.889664500000000011e-02
2.374378799999999831e-02
-5.993719399999999919e-02
1.092053299999999963e-02
7.009226999999999819e-03
-8.220007000000000008e-02
3.974890000000000020e-03
8.112267400000000572e-02
-5.555228300000000265e-03
1.201182899999999991e-02
-9.560739000000000390e-03
4.222986499999999838e-02
3.476716199999999729e-02
-2.452420599999999978e-02
-5.359707999999999833e-02
-3.873154000000000180e-02
-4.600708199999999776e-02
2.657433600000000049e-02
3.330361799999999838e-03
8.784599000000000574e-03
5.878475300000000209e-02
-1.488777250000000024e-02
-2.496030200000000018e-02
5.566825600000000276e-03
5.430852199999999796e-02
2.918331299999999892e-02
3.455623199999999923e-02
3.453872399999999981e-02
3.667104599999999881e-02
3.246640399999999732e-02
1.282110900000000024e-03
-5.658070999999999760e-03
5.251165499999999736e-02
6.913239999999999663e-02
2.721528499999999878e-02
4.209903300000000098e-02
4.713032999999999806e-02
-3.937696999999999725e-02
-1.260546400000000025e-02
2.798381500000000129e-03
3.157589000000000229e-02
4.529190999999999773e-02
-5.220229699999999647e-03
3.756173699999999782e-02
-3.681733999999999701e-02
-3.283617300000000322e-02
3.790613700000000207e-03
-2.445376499999999884e-02
-3.598668800000000279e-02
-2.802166199999999927e-02
-2.273809499999999983e-02
-1.083854799999999993e-02
1.129123700000000084e-02
-5.798454200000000003e-02
4.951859299999999964e-02
-5.209516399999999936e-02
1.727299399999999985e-02
-2.392990000000000048e-02
-2.696271000000000084e-02
-3.860914000000000013e-02
4.697818000000000133e-02
1.352958400000000075e-02
3.288014299999999796e-03
-5.749608600000000180e-02
7.327005000000000323e-02
4.673810700000000096e-02
1.555719000000000025e-02
1.159081399999999963e-02
-1.366691400000000049e-02
1.828149499999999830e-02
-3.289749499999999882e-02
1.197400900000000074e-02
-5.215604199999999968e-02
2.509627500000000122e-02
-1.746180099999999989e-03
9.240983399999999626e-02
1.395972399999999974e-02
-6.350672999999999735e-02
6.310056999999999472e-02
-2.101164799999999822e-03
-1.364343099999999927e-02
-1.112088999999999960e-02
2.049085000000000142e-02
-4.048506999999999800e-02
-1.775861899999999979e-02
5.461645999999999689e-03
1.228617800000000003e-02
3.999355799999999850e-02
5.290332999999999841e-02
4.142259999999999692e-02
5.019534400000000285e-02
2.395841099999999890e-02
-1.042292600000000076e-02
-2.761328600000000077e-02
-2.584763400000000128e-02
-2.956508500000000136e-02
1.024476099999999980e-02
1.355094100000000037e-02
-2.051542900000000169e-02
1.987747100000000072e-02
3.416808000000000345e-02
-1.254745900000000039e-02
4.830704300000000090e-02
-3.356196399999999969e-02
1.242570299999999975e-02
7.056181299999999580e-03
-2.445315799999999914e-02
-2.144762899999999931e-02
8.065709999999999547e-02
4.875920699999999885e-02
2.145150300000000024e-02
4.141743999999999981e-02
-1.315119900000000057e-02
-1.543105300000000013e-02
-2.725374699999999831e-02
-1.365765300000000050e-02
8.400428999999999188e-03
-2.819901899999999878e-02
7.082673999999999741e-03
6.913785000000000416e-03
1.048186599999999984e-03
-1.508628950000000073e-02
-7.659190999999999916e-02
-8.117924999999999447e-02
2.591871999999999926e-02
-5.957275599999999928e-03
4.533264800000000316e-02
-5.282486599999999810e-02
-5.254467500000000249e-03
-2.727163599999999841e-02
-1.747410199999999830e-02
2.507900999999999880e-02
3.284792000000000267e-02
-3.580868999999999979e-03
1.624481599999999873e-02
-3.108541100000000029e-02
4.466882700000000123e-02
6.070157999999999977e-03
2.961052000000000128e-02
2.703918300000000136e-02
2.553306500000000062e-02
6.397229000000000110e-02
-6.054031999999999990e-03
-4.583505499999999955e-02
9.542956000000000008e-03
3.042358300000000057e-02
5.519551699999999950e-03
4.613767000000000172e-04
-1.842132000000000144e-02
-3.573400000000000187e-02
9.445106999999999461e-03
-2.537115499999999940e-02
5.534992700000000015e-02
1.017937799999999934e-02
-9.499541000000000235e-03
-4.966192000000000349e-03
1.461063299999999961e-02
-2.615095699999999898e-02
-1.183930700000000030e-02
1.951653999999999889e-02
5.562270000000000235e-03
-2.090559700000000146e-02
-1.494654100000000025e-03
7.751698599999999779e-03
1.373739499999999947e-02
5.302213499999999802e-02
-2.605667999999999873e-02
-3.159807600000000272e-02
6.596915000000000417e-02
6.182929499999999939e-02
1.461847200000000041e-02
-3.783681600000000228e-02
-5.120208999999999698e-03
-7.198145000000000411e-03
1.451106899999999970e-02
-6.755840999999999930e-02
9.702060000000000198e-03
6.785202999999999374e-02
1.645049999999999985e-02
7.108906299999999574e-03
-4.696999999999999786e-02
4.693544699999999820e-02
-1.476037199999999990e-03
-3.951392699999999730e-02
-2.693730600000000114e-02
2.057246999999999895e-03
1.448717700000000039e-02
-8.780618000000000450e-03
1.974738399999999977e-02
-7.673143000000000324e-03
-6.657470500000000138e-03
4.058080700000000172e-03
-2.948003999999999902e-02
-5.128793999999999888e-03
9.177018000000000328e-03
4.333562999999999998e-02
-8.532793000000000322e-03
3.308028400000000147e-02
-1.690637199999999894e-03
-2.010508199999999895e-03
5.562393399999999988e-02
2.271571600000000038e-02
4.812483499999999775e-02
2.029430000000000123e-02
1.634703399999999987e-02
6.702252999999999683e-02
-6.030962299999999623e-03
5.266716300000000295e-02
1.638708300000000020e-02
6.624852999999999992e-02
4.115878800000000171e-02
1.697969900000000001e-03
6.148416999999999771e-03
3.153758999999999729e-02
6.993578000000000294e-02
7.026646000000000107e-03
5.226048500000000235e-02
-2.367522999999999850e-02
1.731278199999999878e-02
-3.137854000000000337e-02
-3.362872499999999820e-02
-2.701374700000000115e-02
-2.585720600000000063e-02
2.330631999999999843e-02
-4.045454000000000411e-03
6.410868999999999596e-02
-4.335482999999999698e-02
-3.685702800000000001e-02
-2.352640400000000076e-02
8.632331999999999506e-02
-3.568480500000000000e-02
1.311864800000000011e-02
2.296712799999999985e-02
-2.616478300000000048e-02
-2.003228300000000142e-02
-3.529549399999999670e-02
4.014549399999999685e-02
-2.725549199999999922e-02
1.929891900000000118e-02
-1.482143099999999949e-02
-1.272502300000000024e-02
5.325053999999999899e-02
-2.602790099999999912e-02
6.106585600000000169e-02
-2.711307599999999984e-02
-5.550901200000000341e-02
2.010456099999999996e-02
5.592104800000000098e-02
1.001315499999999928e-02
3.774748399999999782e-02
6.154310399999999778e-03
3.362779300000000304e-02
3.713321299999999825e-02
-2.911812999999999901e-02
-1.913277000000000033e-02
2.322664299999999994e-03
-3.052977000000000121e-02
-1.571936999999999987e-02
2.318214399999999828e-02
-2.218752400000000014e-02
3.777526700000000126e-02
2.434333799999999909e-02
-4.236088999999999827e-02
2.316779500000000144e-02
-1.153285899999999947e-02
-6.267781599999999731e-02
1.245056599999999972e-02
4.901000500000000232e-02
-1.733077900000000102e-02
6.884427000000000255e-03
-7.502285399999999993e-02
3.145452199999999865e-02
9.856919000000000444e-03
-1.236716199999999925e-02
-4.239855700000000338e-02
-4.363182000000000171e-02
-6.423843999999999388e-02
1.060926999999999920e-03
2.193329700000000090e-02
-7.191641300000000021e-03
4.746159999999999962e-02
-2.879187299999999908e-02
-4.491303499999999699e-02
-7.331920399999999893e-02
8.484874999999999362e-03
-1.981087600000000157e-02
-3.697325700000000243e-02
-1.149201199999999937e-02
8.611270000000000729e-03
-6.761688299999999742e-03
3.603876799999999880e-02
2.914146899999999971e-02
-4.705006999999999939e-02
-4.445946600000000304e-02
-1.397723700000000043e-03
2.265398000000000064e-02
2.850186999999999860e-02
5.342555000000000220e-02
-3.606849000000000166e-02
-2.576404800000000120e-02
3.768463799999999947e-02
6.670070399999999955e-02
-4.756107600000000074e-02
-4.036532999999999788e-02
-4.958477599999999708e-02
-2.358220999999999928e-02
2.022066000000000141e-02
4.672369700000000153e-02
-3.790811999999999654e-02
1.902358800000000100e-02
5.654091399999999767e-02
5.612263499999999711e-02
-4.077212400000000334e-03
1.861592399999999897e-02
-1.541153099999999915e-02
1.833634599999999990e-02
-3.222735200000000078e-02
-1.283387499999999980e-02
5.337986399999999909e-02
-3.416827900000000192e-03
4.287833299999999764e-02
-4.608516000000000001e-02
2.082180600000000173e-02
-3.421711999999999670e-02
5.803279300000000265e-04
1.280677199999999925e-02
-8.321108000000000671e-03
8.385208999999999371e-03
2.245938399999999890e-02
1.268666099999999925e-03
-2.648981099999999853e-02
2.053480800000000162e-02
1.334090299999999944e-02
-3.358138699999999727e-02
1.006229900000000024e-02
-5.629386399999999901e-02
5.149516300000000352e-03
-8.762824000000000654e-03
-2.398584200000000027e-02
2.375085700000000022e-02
-2.948387900000000103e-02
-9.749894000000000269e-03
2.718373400000000106e-02
1.079119499999999995e-02
-3.243969800000000032e-03
2.505110600000000007e-02
3.348498400000000236e-02
-5.044250200000000017e-02
-5.078143999999999714e-03
4.987339000000000355e-03
7.975410000000000485e-03
1.534943100000000019e-02
-4.852229699999999896e-02
-2.229325999999999877e-02
4.930311300000000257e-03
3.895395200000000002e-02
-1.007673199999999970e-02
1.178842499999999995e-02
2.695073400000000050e-02
-2.468371200000000001e-02
-6.222815799999999870e-02
-4.690982800000000064e-02
4.989820300000000208e-02
5.600150699999999898e-02
8.882844400000000640e-02
-3.809587700000000021e-02
4.110255000000000158e-03
2.380281700000000042e-02
-3.401477400000000109e-03
-2.859240399999999835e-02
-2.206383200000000129e-05
-1.824590800000000165e-02
-9.216859000000000857e-03
1.408709799999999929e-02
-2.822924400000000056e-02
5.307550400000000251e-02
3.137478999999999962e-02
-5.929432000000000105e-03
5.687782499999999991e-02
-6.855031000000000319e-02
3.486865000000000103e-02
3.774069199999999930e-02
-2.728771400000000198e-04
4.067486499999999755e-02
1.459459800000000029e-03
4.929283300000000118e-02
2.842712799999999942e-02
4.831298800000000115e-02
2.424279199999999912e-02
2.610470499999999888e-02
-1.037062000000000053e-02
7.133131500000000624e-02
3.401372200000000318e-02
1.143520800000000052e-02
2.448225600000000085e-02
-2.374929599999999960e-02
-1.894745800000000036e-02
-4.773551999999999657e-02
2.540330199999999913e-02
-7.112568000000000102e-04
2.503001300000000026e-02
-4.382024699999999967e-02
-4.934735999999999984e-02
-5.612375000000000176e-03
-3.606502300000000161e-02
1.607595800000000130e-02
-3.668723299999999965e-02
-9.832492999999999442e-03
9.579598999999999406e-03
5.162539299999999859e-02
-2.262646700000000080e-02
-2.800953000000000123e-03
-1.438892299999999964e-02
-1.683168499999999901e-02
1.457490500000000085e-02
-1.638411999999999855e-02
1.318966899999999935e-02
-2.655851700000000024e-02
-9.702851000000000184e-03
-7.022438000000000291e-02
-8.254742000000000459e-04
-3.551551000000000013e-02
-4.661164199999999827e-03
3.217201299999999931e-02
2.714195799999999815e-03
-4.309335699999999880e-02
-2.142986800000000122e-02
2.564814500000000067e-02
-8.494290499999999564e-03
1.510578500000000005e-02
8.221345400000000525e-02
-3.173566199999999782e-02
-2.158269300000000002e-02
-5.158589799999999809e-02
3.865762300000000228e-04
4.218265000000000209e-02
-8.239675999999999945e-02
