8.164720999999999784e-02
3.478982299999999750e-02
-3.950457300000000116e-02
-5.807931500000000288e-03
6.909437499999999781e-03
8.124222000000000388e-02
1.866725799999999907e-02
1.506607299999999927e-02
-2.927980399999999955e-02
-1.331613000000000067e-02
4.735596499999999986e-02
5.932720999999999828e-02
4.607109699999999836e-02
4.275071200000000321e-02
3.934679600000000332e-02
-2.223801000000000076e-03
-3.146110799999999978e-03
6.499833600000000378e-02
-2.999221200000000073e-02
-5.541251199999999710e-02
-3.419919300000000273e-02
2.690004400000000143e-02
-1.469811300000000006e-03
2.026393500000000028e-02
5.098631999999999644e-03
-2.413476800000000089e-02
-3.304630000000000067e-02
-4.039543000000000300e-02
5.559167000000000275e-03
-1.040939840000000005e-01
3.239191300000000134e-02
6.132312499999999916e-02
2.076059599999999922e-02
-1.365848350000000051e-02
4.072221699999999805e-02
3.643915400000000138e-02
-2.508381999999999973e-02
-3.902535700000000184e-03
1.294235049999999977e-02
-8.309215999999999824e-02
-4.323406999999999598e-03
-3.452905299999999705e-02
1.836896999999999835e-02
3.570658300000000007e-02
-1.314976999999999986e-02
-3.391468999999999734e-02
-1.934548499999999907e-02
2.511515499999999925e-03
-4.876525999999999778e-02
4.205229500000000342e-02
1.154348000000000006e-02
4.151582000000000189e-02
-3.188360999999999973e-02
-2.281611999999999876e-02
-2.581202800000000075e-02
-6.095234000000000069e-02
-3.016819600000000129e-02
-2.265326999999999966e-02
5.121487400000000051e-02
-4.690347999999999740e-02
3.365181999999999896e-02
-1.818348700000000165e-02
1.742608299999999846e-02
-3.301996000000000098e-02
3.805834999999999774e-02
-4.806834499999999843e-02
1.427162199999999943e-02
-9.610491000000000519e-03
-5.908576399999999895e-02
1.604171100000000016e-02
-1.981330499999999981e-02
1.157159999999999959e-02
-4.079299799999999698e-02
2.690317700000000034e-02
-1.027074899999999916e-02
2.993527400000000130e-02
-3.168417500000000192e-02
2.391193499999999961e-03
1.832717099999999974e-02
1.255022800000000008e-02
-2.408404299999999942e-02
-2.715330200000000069e-02
2.860357300000000106e-03
3.690482700000000116e-02
1.563241699999999915e-02
3.737482000000000304e-02
4.058454000000000401e-03
2.020954599999999924e-03
-3.686272399999999949e-02
-9.807087000000000790e-03
1.496108600000000122e-01
3.380202000000000206e-02
3.037430500000000075e-02
1.317386000000000078e-02
7.805347399999999769e-02
-3.141943600000000111e-03
-7.594423000000000146e-02
-8.724426500000000140e-02
9.315824999999999800e-04
2.647476500000000080e-02
5.519295999999999924e-03
3.373409799999999709e-02
-2.081304800000000066e-02
-3.494790600000000080e-02
3.441956999999999656e-02
-8.726303499999999227e-03
-4.705376499999999566e-03
-5.207484200000000313e-02
-6.649747999999999770e-02
3.067853099999999847e-02
4.239911200000000269e-02
-2.520114899999999821e-03
4.203909000000000118e-02
1.021575600000000032e-03
-3.752587400000000073e-02
-1.332260950000000062e-02
-1.082164099999999990e-02
2.577456800000000117e-02
-2.107507700000000109e-02
5.391545999999999665e-03
3.376577399999999840e-02
8.062771000000000521e-02
-9.448319999999999635e-03
8.400799999999999934e-02
5.589283600000000130e-02
2.428982600000000047e-02
-1.045509149999999943e-02
-4.179549999999999932e-02
-5.739145999999999657e-03
-1.225176300000000015e-03
1.851680699999999971e-02
-3.518961699999999942e-02
4.059133000000000359e-03
3.860544999999999949e-02
-3.109654199999999959e-03
2.639622800000000075e-02
7.392799999999999372e-02
-5.985591000000000175e-03
-9.568593000000000237e-03
5.026558799999999994e-02
-2.649456000000000033e-02
-5.063744299999999726e-02
-6.314953399999999328e-02
3.774642700000000167e-03
-1.206269199999999986e-02
-5.740317000000000336e-02
4.713031000000000165e-02
4.448668299999999909e-02
1.620098400000000074e-03
-2.711289999999999881e-02
-7.060869000000000173e-02
-2.121953099999999981e-02
7.646252000000000604e-02
-6.160179000000000002e-03
-1.395020599999999972e-02
4.167889799999999895e-02
2.500012100000000015e-02
-1.609847000000000014e-02
3.225961299999999948e-02
-1.677203199999999922e-02
2.234584499999999960e-02
-8.641013499999999903e-02
5.103375799999999678e-03
4.955216500000000218e-02
-4.364500200000000218e-02
-3.851548600000000155e-02
-2.243762599999999871e-02
-8.241162400000000277e-02
1.995118900000000112e-02
-2.598332799999999998e-02
-5.766213299999999736e-02
-4.731313999999999659e-02
-6.232149000000000022e-02
-9.415334000000000203e-02
-2.176741299999999935e-02
-4.940505999999999891e-03
-2.781933999999999796e-03
-1.534742899999999924e-02
-3.841764999999999763e-02
-3.545443999999999679e-02
4.683217800000000208e-02
1.278810900000000106e-03
1.840576000000000018e-02
-8.563758000000000481e-02
3.967072999999999780e-03
-1.729278999999999886e-02
4.830444200000000299e-02
7.270796999999999677e-02
1.584175599999999851e-02
3.414911400000000125e-02
2.256991699999999837e-02
-2.409007800000000088e-02
-8.758831999999999382e-03
1.864015700000000095e-02
5.663422399999999690e-03
7.953786999999999663e-02
3.754268599999999872e-02
-2.715850599999999893e-02
-1.520811199999999933e-02
-4.859275999999999873e-02
3.306577000000000127e-02
2.096162700000000004e-02
2.977939900000000154e-02
-3.740377699999999830e-03
-1.541043700000000079e-02
4.382952700000000007e-02
-3.583573000000000053e-03
-5.238351200000000013e-02
1.586749000000000145e-02
1.517291899999999999e-02
-3.915758800000000012e-02
-5.244989000000000248e-03
-3.103587600000000044e-02
-2.120917500000000025e-02
2.301862000000000005e-02
2.452055399999999996e-02
5.394318299999999872e-02
2.849534700000000073e-02
5.336916399999999672e-02
-2.066739800000000002e-02
3.955621299999999979e-02
-3.761524799999999870e-03
-7.064484000000000215e-03
5.829344300000000034e-02
-1.378363649999999989e-02
-2.850279000000000007e-02
-7.283673400000000020e-02
2.363303600000000071e-04
2.771162399999999894e-03
-5.824320799999999770e-02
-2.134002700000000100e-02
3.330314999999999664e-02
1.127428599999999968e-02
-3.740115599999999790e-03
-6.315186600000000094e-02
1.258464100000000058e-02
4.121270400000000278e-02
-1.551170099999999927e-02
-1.074958399999999953e-02
-3.538200600000000057e-02
5.637557199999999706e-03
1.382899299999999949e-02
-2.251467099999999999e-02
1.566062500000000093e-02
3.413441400000000181e-02
-2.610995600000000014e-02
8.320808400000000160e-02
4.889187399999999836e-03
-1.268709299999999998e-02
1.330151700000000055e-02
-8.673372000000000373e-03
-1.887965999999999950e-02
-6.002176599999999723e-02
-9.883919999999999165e-03
-4.785835399999999878e-02
2.262450800000000151e-02
1.809679900000000022e-02
3.037093800000000010e-02
1.310138599999999959e-02
-1.825239599999999972e-03
4.499403400000000219e-02
-2.980301299999999973e-02
6.151641299999999896e-03
-3.383710999999999663e-02
-3.659732000000000263e-02
-6.811130999999999436e-02
6.722802800000000217e-03
-6.048704000000000233e-03
3.490100600000000091e-03
-3.798416300000000134e-02
1.091205200000000021e-02
-2.219162100000000165e-02
-5.430608600000000341e-02
-1.217010150000000061e-02
-1.233547999999999936e-02
2.367316599999999896e-02
-5.838460000000000177e-03
3.401243999999999795e-02
-1.980353899999999848e-02
-3.221612799999999666e-02
4.424464300000000017e-02
1.095393950000000081e-02
1.411460600000000003e-02
-2.183708399999999966e-02
8.812939000000000536e-03
-2.854316000000000145e-02
7.955754000000000645e-03
1.064569999999999926e-02
7.713239999999999680e-03
-5.037332299999999763e-02
4.521447399999999756e-02
1.113365000000000014e-02
-3.278585500000000263e-02
-5.076359999999999900e-02
9.356183000000000555e-03
4.195344399999999946e-02
6.735249599999999781e-02
3.741853299999999688e-02
-2.355290200000000056e-02
-4.007633399999999818e-02
-2.613726300000000086e-02
2.251372000000000095e-02
-8.517583500000000529e-02
4.502251399999999959e-02
-5.259064000000000100e-02
-8.716560999999999407e-03
-3.205171200000000303e-02
3.160620000000000096e-02
-1.323322099999999987e-02
3.398443599999999894e-03
1.472438499999999956e-02
6.001331299999999869e-02
-2.486938199999999891e-02
-1.507749700000000047e-02
-5.458732699999999799e-02
-2.996035000000000018e-02
-1.209799950000000068e-01
-1.794665999999999970e-02
3.083742800000000006e-02
3.398879600000000167e-02
2.568337700000000029e-02
1.488447700000000012e-02
-2.262914699999999876e-02
-7.893680000000000141e-03
2.179979699999999923e-02
-1.298586900000000058e-02
1.183027300000000052e-02
-3.165949500000000277e-02
4.024013500000000326e-02
1.649395400000000164e-02
2.062626000000000043e-02
-4.941779999999999784e-02
4.522749799999999792e-02
-6.002135200000000004e-02
1.471138699999999938e-02
-2.439141800000000151e-02
-5.408326000000000106e-02
5.837312400000000019e-03
7.166313400000000333e-02
-1.618981399999999942e-03
2.852549799999999983e-02
2.743072599999999816e-03
3.224177699999999924e-02
9.085862999999999579e-03
2.174111499999999836e-02
-4.831158399999999770e-02
-8.742930999999999619e-02
-3.605585499999999777e-02
1.558975299999999960e-02
-2.526622599999999927e-02
2.839461299999999910e-02
6.670674999999999522e-02
3.907334400000000291e-02
-1.841819299999999937e-02
-1.833289299999999941e-02
6.830967999999999762e-03
5.182223400000000174e-02
1.901529399999999856e-02
4.149172000000000277e-02
1.527145599999999923e-02
6.392015000000000023e-04
1.657546499999999930e-03
-8.580532000000000090e-03
5.605542699999999795e-02
3.096534899999999965e-02
1.331364900000000032e-02
2.200803999999999955e-02
7.611112999999999906e-02
3.232556900000000018e-03
-4.988859999999999822e-02
-1.732309699999999911e-02
2.577938100000000052e-02
3.612900000000000139e-02
3.894019900000000173e-03
3.211623999999999729e-02
-1.617448800000000075e-02
-5.659993399999999758e-02
-2.942708799999999882e-03
-1.674219600000000086e-02
-1.682210300000000144e-02
-1.583429799999999969e-03
-1.419920099999999984e-02
-5.603912800000000229e-03
2.106437599999999924e-02
-1.913317999999999963e-02
3.669102500000000211e-02
-9.065170599999999856e-02
1.855117499999999961e-02
-2.614533900000000008e-02
-1.857137299999999866e-02
-2.446525000000000089e-02
6.078380299999999736e-02
-2.289232799999999998e-02
3.660421999999999981e-02
-3.484356799999999837e-02
3.961306800000000128e-02
2.983753800000000025e-02
8.640876000000000459e-03
-3.634588400000000191e-02
1.029827500000000083e-02
1.526644450000000028e-02
-2.677408400000000008e-02
3.761385800000000001e-02
-2.034576000000000093e-02
2.681029799999999977e-02
-1.726083999999999952e-02
8.995941999999999827e-02
-1.686495400000000144e-02
-6.023812299999999759e-02
5.350880699999999851e-02
1.443730950000000034e-02
-3.324492600000000103e-02
-4.486693399999999721e-02
1.072177500000000066e-03
-4.424134600000000084e-02
-2.777343000000000173e-02
5.003298999999999941e-02
1.741011400000000084e-02
2.878179599999999838e-02
4.343879999999999963e-02
-1.070718000000000017e-02
2.578747300000000173e-02
2.706836199999999859e-02
3.188256999999999897e-02
-1.980217999999999909e-02
-6.590854999999999631e-02
-8.652375000000000344e-03
2.659962999999999998e-03
9.834693999999999728e-03
-1.990513099999999952e-02
6.006020600000000140e-03
6.766633999999999670e-03
-2.662240499999999829e-02
6.724091000000000096e-02
-2.306332300000000016e-02
4.782149000000000122e-02
3.615876999999999980e-02
-5.142142300000000082e-02
-2.082024500000000111e-02
1.877656600000000148e-02
4.327392199999999939e-02
3.284063200000000154e-02
4.687278699999999909e-02
-5.269474300000000222e-03
1.042394200000000028e-02
1.728236500000000092e-02
-9.737844000000000274e-04
2.801134799999999841e-02
1.077959499999999946e-02
-1.224015900000000046e-02
2.064787200000000114e-02
7.352247400000000259e-03
2.692249799999999957e-02
-7.743369999999999420e-02
-5.731018000000000223e-02
5.373151000000000316e-02
-1.901411999999999894e-02
2.111525499999999944e-02
-1.714966999999999880e-02
6.336762600000000328e-03
-6.637392999999999765e-02
-2.832795300000000033e-03
2.942144699999999988e-02
3.458342699999999992e-02
-2.314358600000000071e-02
-1.403646599999999918e-02
-4.065603400000000062e-02
3.661873999999999685e-02
3.511468000000000228e-02
1.272680900000000039e-02
2.469410999999999828e-02
1.993153499999999849e-03
8.478679000000000077e-02
1.656714600000000134e-02
-3.137339699999999731e-02
-3.577476600000000211e-03
2.761007299999999887e-02
7.733190000000000029e-03
-1.888421399999999986e-02
1.165712099999999946e-02
-4.136682700000000185e-02
2.620915900000000010e-03
-3.554437700000000200e-02
2.626519800000000002e-02
3.705553699999999950e-02
-9.898719999999999741e-03
-1.951719000000000023e-02
2.487517499999999937e-02
-4.199935999999999947e-02
-2.211037999999999892e-02
1.797634700000000016e-02
2.137000000000000011e-03
-1.131235899999999926e-02
-4.024018000000000039e-02
3.907161199999999862e-02
3.498997800000000057e-04
6.383302999999999894e-02
-5.726441999999999991e-03
-3.942476200000000208e-02
6.125749999999999945e-02
7.198806000000000649e-02
3.007798000000000069e-02
-5.162442500000000156e-02
-3.231698300000000051e-02
-4.628502999999999784e-02
-2.616685000000000105e-03
-8.199547000000000085e-02
-2.147390299999999905e-02
2.943937500000000027e-02
1.577521699999999936e-03
8.967159000000000588e-03
-4.308416000000000329e-02
3.319002000000000063e-02
3.322317000000000325e-02
-5.975649999999999712e-02
-2.192419400000000101e-02
-1.479872299999999974e-02
2.901364599999999797e-03
-2.758442200000000080e-02
1.154762299999999992e-02
-1.912297300000000144e-02
-2.481136800000000031e-02
-2.106455299999999975e-02
5.976534999999999834e-03
-2.386825899999999931e-02
7.975700000000000497e-03
4.187455999999999817e-02
-1.592003599999999852e-02
-1.150093699999999927e-02
-1.149477599999999995e-02
-1.755029300000000153e-02
3.187187999999999827e-02
1.832120099999999877e-02
4.307078200000000190e-02
3.696527299999999988e-02
5.998753400000000208e-02
5.672107600000000222e-02
-3.600067700000000002e-03
2.433071300000000034e-02
3.524777700000000097e-02
5.462779999999999719e-02
2.908926800000000146e-02
-2.196404199999999959e-03
4.193922499999999665e-02
5.129181000000000018e-02
2.748367999999999992e-02
4.225660000000000006e-03
3.773398299999999872e-02
-4.539133599999999741e-02
6.818945999999999341e-02
-6.646717000000000597e-02
-4.709884999999999593e-03
-2.004875799999999986e-02
-2.785645600000000166e-02
1.929488799999999962e-02
-2.672032800000000152e-02
4.086155400000000132e-02
1.053513600000000050e-02
-4.490211000000000029e-03
-1.830357499999999901e-02
4.867986199999999736e-02
-3.729095999999999800e-02
3.343903299999999995e-02
-2.634765999999999844e-02
-6.096416699999999966e-02
-4.625600600000000229e-02
-7.022313300000000182e-03
3.038451400000000135e-02
1.794856399999999975e-03
-4.705510999999999895e-03
2.194295500000000010e-02
-1.844234200000000046e-02
3.620485999999999843e-02
-2.734804500000000138e-02
3.898605299999999968e-02
-2.642680999999999850e-02
-7.691505599999999554e-02
1.190834200000000058e-02
3.323973300000000047e-02
1.341307400000000052e-02
-4.716640999999999889e-02
-1.849148200000000006e-02
2.310805399999999940e-02
3.020504900000000117e-02
-1.771432299999999970e-04
-3.188284999999999730e-02
2.528514499999999846e-02
-1.735941699999999982e-03
2.566924099999999889e-02
1.194162399999999964e-02
-1.148017199999999943e-03
3.008489699999999847e-03
-1.477777499999999950e-03
-5.816229400000000327e-02
6.252792499999999809e-02
-3.681817700000000054e-02
-2.602031299999999978e-02
3.761373999999999967e-02
4.400336400000000314e-02
2.113179499999999836e-02
3.864336799999999739e-02
-3.998810800000000137e-02
5.741787699999999911e-02
5.165414999999999807e-04
-3.268623400000000151e-02
-6.371501000000000248e-02
-3.469186999999999965e-02
-8.306903399999999993e-02
-1.018730399999999946e-02
4.076641000000000292e-02
-4.210715000000000291e-03
3.182491300000000328e-02
-4.809510699999999805e-02
-4.161292700000000094e-02
-7.073280999999999319e-02
-8.067414000000000182e-03
-5.881849000000000105e-02
-4.663391000000000064e-02
1.035801199999999977e-02
1.002317800000000064e-02
-4.426735499999999955e-03
1.537505899999999995e-02
-3.390422000000000140e-03
2.200663300000000114e-02
-1.131134299999999974e-02
4.189576500000000148e-03
4.655361999999999695e-02
2.518617500000000075e-03
4.395142600000000177e-02
-3.767413599999999696e-02
-8.581059999999999729e-03
-1.361223899999999994e-02
5.809589500000000156e-02
-3.306766199999999767e-02
-6.286365500000000439e-02
-5.952655500000000183e-02
-2.524142999999999873e-02
8.976925000000000182e-03
2.283366200000000110e-02
1.433446300000000041e-02
8.203890999999999614e-04
3.710662599999999672e-02
7.270677400000000179e-02
1.778713200000000064e-02
-3.588629000000000124e-02
-5.648317000000000355e-04
-2.468641000000000151e-03
-6.299789999999999557e-02
-1.651155799999999910e-03
4.829037199999999808e-02
5.718468699999999794e-03
6.381702999999999681e-02
-4.949462799999999885e-02
5.909670599999999885e-03
-2.981963400000000111e-02
-8.018661999999999318e-03
2.379293000000000033e-02
-4.059387700000000043e-02
-1.440535400000000042e-02
-1.295848900000000012e-02
2.297132799999999919e-02
-9.727506499999999867e-04
-3.241168999999999908e-03
-5.985963000000000395e-03
-2.734984600000000057e-02
2.286996700000000146e-03
-7.153697000000000528e-02
5.978443699999999757e-03
-9.879796999999999191e-03
-2.154173499999999936e-02
2.852626000000000120e-02
3.836612200000000163e-03
-4.144677000000000257e-03
2.276234300000000085e-02
-8.443771000000000306e-04
3.251663199999999670e-02
2.515863600000000158e-02
1.859065299999999865e-02
-1.636416499999999996e-02
5.747873300000000234e-03
-1.053942700000000008e-03
1.376743300000000080e-02
1.320215999999999924e-02
-3.581311999999999690e-02
-7.500875300000000266e-03
-7.252090600000000303e-03
5.628270700000000126e-02
-5.955444600000000047e-03
3.112219299999999939e-02
1.521390100000000016e-02
-1.365523199999999979e-02
-6.062366799999999861e-02
-1.638950799999999968e-03
6.916565399999999308e-02
3.947823999999999951e-03
1.023796500000000026e-01
-1.403528599999999925e-02
1.454091400000000027e-02
-1.817502500000000090e-02
5.388147700000000054e-03
-2.128071900000000002e-02
-1.972894999999999857e-02
-3.942567999999999767e-02
-3.535369000000000012e-02
1.207221900000000035e-02
-1.636737400000000051e-02
5.477345699999999762e-02
3.010145399999999971e-02
1.555115699999999948e-02
8.728085999999999484e-03
-3.976927999999999713e-02
2.552519699999999947e-02
3.270268999999999954e-02
-5.281424000000000275e-04
2.399459200000000122e-03
3.829657699999999831e-02
7.154401999999999984e-02
3.740402999999999784e-02
5.236624000000000140e-02
-2.146514799999999813e-03
8.698422499999999835e-02
1.622932800000000120e-02
4.017368300000000170e-02
6.226420800000000144e-02
2.113492999999999969e-02
-9.095890999999999612e-04
-3.476634599999999659e-02
-1.839123499999999883e-02
-6.236814000000000247e-02
2.052056999999999840e-02
4.732186299999999873e-02
3.652107699999999901e-02
-3.694622599999999868e-02
-9.973706000000000585e-03
-2.331951200000000144e-03
-5.679052000000000405e-03
3.800011999999999834e-02
-1.737510800000000022e-02
-1.075833799999999923e-02
3.478278600000000303e-02
4.923421499999999784e-02
-3.978743400000000346e-02
-1.043932900000000066e-02
-3.789843999999999852e-02
-1.675199999999999953e-02
1.364934699999999917e-02
-3.628412999999999777e-02
-1.850225200000000028e-02
1.316116999999999981e-02
-5.066388000000000141e-02
-9.867485600000000523e-02
-5.094351199999999635e-03
-2.307887700000000111e-02
8.166335000000000260e-03
3.185922000000000059e-02
5.202025600000000083e-03
-1.531060400000000023e-02
-5.841778599999999932e-02
2.277170499999999972e-02
-9.696552000000000643e-03
-2.222593900000000011e-02
8.830137600000000087e-02
2.967616400000000140e-02
-3.433123200000000319e-02
-2.859926399999999924e-02
5.593187599999999669e-03
6.494384000000000268e-02
-4.768527999999999656e-02
