7.117534400000000150e-02
3.235127399999999931e-02
-7.178437000000000012e-02
-4.626052000000000289e-03
1.436209599999999954e-02
6.199289000000000188e-02
3.087084700000000161e-03
3.101991000000000123e-02
2.007393199999999919e-02
-2.101395700000000064e-03
3.849882599999999988e-02
7.638077399999999850e-02
2.516340499999999980e-02
1.814266499999999879e-02
2.705043600000000062e-02
-4.593108299999999929e-03
5.107670599999999950e-02
3.839766000000000012e-02
-1.558302399999999914e-02
-4.002577000000000218e-02
-3.043295600000000059e-02
1.829290999999999903e-02
7.666936600000000268e-03
1.192103000000000086e-02
-5.438492999999999973e-04
-4.111478500000000091e-02
-1.736056000000000057e-02
-5.313281699999999885e-02
1.161612499999999971e-02
-7.569088000000000205e-02
4.832131399999999716e-02
5.891902000000000250e-02
3.480537200000000109e-02
-2.688309399999999974e-02
5.667690000000000228e-02
3.072590999999999864e-02
-5.201622999999999837e-03
-1.107425700000000054e-02
2.368473800000000032e-02
-5.811008000000000145e-02
-1.588708200000000029e-02
-2.165424800000000094e-02
9.666951999999999490e-03
2.613076199999999835e-02
-1.437017699999999960e-02
-5.652863000000000332e-02
-3.675333800000000345e-02
2.498322000000000043e-02
-3.039370300000000108e-02
4.807895799999999803e-02
2.206556299999999984e-02
3.259412200000000315e-02
-1.823189500000000143e-02
-2.753013199999999883e-02
-3.766020999999999952e-02
-4.453763399999999956e-02
-1.471619300000000068e-02
-1.984457699999999866e-02
5.322200800000000120e-02
-3.678316599999999909e-02
8.488659000000000829e-03
-5.152299600000000146e-02
2.964200300000000010e-02
-4.831903800000000165e-02
1.979424000000000114e-02
-5.304677800000000276e-02
1.881906000000000139e-05
-8.153318999999999150e-03
-8.020963500000000135e-02
2.193234299999999998e-02
-1.453789299999999965e-02
1.451435000000000052e-02
-1.690922099999999859e-02
7.985836000000000497e-05
-1.505413899999999937e-02
1.270961949999999986e-02
-1.755561500000000011e-02
-2.899799900000000000e-02
4.643128400000000322e-02
9.373835000000000500e-03
-5.029235800000000228e-02
-1.586899500000000032e-02
1.893609599999999948e-02
1.113405699999999929e-02
-1.177438500000000006e-02
5.531331500000000179e-02
3.303730500000000292e-02
-8.139907999999999519e-03
-4.079713299999999931e-02
-1.596372399999999858e-02
1.366483699999999912e-01
2.014242299999999958e-02
7.242194399999999678e-03
1.043880299999999997e-02
7.893564599999999820e-02
-2.758609000000000061e-02
-1.023813199999999979e-01
-1.160892599999999997e-01
1.868766200000000072e-02
2.526766800000000007e-02
-8.954530000000000475e-03
-1.685910100000000134e-02
-1.788709700000000111e-02
-1.665475799999999867e-02
4.812517799999999762e-02
-3.702371400000000010e-03
-1.361365900000000018e-02
-7.349306999999999368e-02
-8.297522999999999704e-02
4.439088299999999904e-02
6.344531000000000476e-02
3.746706600000000026e-02
3.031241499999999880e-02
-2.800856499999999916e-02
-3.620173000000000141e-02
5.603403300000000392e-03
-1.066332300000000059e-02
2.538730599999999837e-02
-3.611158200000000318e-02
-1.176373600000000033e-02
3.639291199999999948e-02
8.448197999999999819e-02
-1.644359199999999993e-02
5.803982500000000322e-02
5.673524700000000254e-02
-4.891461000000000160e-05
-1.283018099999999953e-02
-2.642493900000000145e-02
-3.914005000000000262e-02
-5.020490399999999985e-03
4.800092000000000247e-02
-2.626985000000000084e-02
3.101445500000000154e-03
2.852839000000000069e-02
-3.390472399999999720e-02
-4.684213500000000176e-03
7.129625000000000545e-02
2.599475000000000049e-02
-2.536234299999999900e-02
4.636652000000000134e-02
-3.077630699999999928e-02
-2.403825000000000059e-02
-6.852390599999999554e-02
1.345645799999999927e-02
-2.548268600000000092e-02
-3.492747200000000107e-02
2.157989100000000035e-02
5.349237999999999910e-02
9.536786999999999695e-03
-2.407530000000000087e-02
-4.284905600000000342e-02
2.597830299999999860e-03
4.722505400000000242e-02
-2.314911199999999947e-02
-2.355620300000000125e-02
4.266945999999999933e-02
3.098584000000000147e-03
-1.670764400000000066e-02
4.260622299999999862e-02
-1.729094200000000012e-02
1.984830200000000169e-02
-6.148988999999999844e-02
-1.823795799999999856e-02
4.853964000000000195e-02
-5.013005799999999818e-02
-3.569840600000000197e-02
-2.188918600000000145e-02
-5.107682599999999878e-02
2.058172399999999916e-02
-2.389982200000000112e-02
-5.254134500000000318e-02
-6.468503999999999921e-02
-7.271671000000000384e-02
-8.996102999999999739e-02
6.680171500000000109e-03
4.094843199999999989e-02
7.616461300000000254e-03
-3.208273600000000059e-02
-4.384862300000000324e-02
-5.963996000000000054e-03
7.243916400000000033e-02
-2.775056700000000029e-02
3.154699999999999865e-02
-6.958989999999999621e-02
3.921942999999999784e-03
-1.297495700000000050e-02
2.758854800000000093e-02
4.408515200000000245e-02
4.074899500000000313e-02
5.372688999999999937e-02
2.371895099999999854e-02
-3.505309999999999676e-02
-6.799669999999999846e-03
4.226591999999999849e-02
-1.472645250000000072e-02
8.330927000000000471e-02
1.708734799999999873e-02
-8.770145000000000024e-03
-2.689025199999999990e-02
-3.034192700000000117e-02
4.922121799999999714e-02
6.719971399999999373e-02
1.574665899999999966e-02
-1.690289600000000059e-02
-1.978992000000000164e-03
5.505490700000000015e-02
-2.184666700000000017e-02
-2.743926000000000004e-02
2.827295700000000134e-02
3.296530999999999767e-02
-6.043093000000000076e-02
-5.212570400000000187e-02
-2.102773299999999984e-02
-2.726448299999999908e-02
6.290413400000000044e-03
3.481305800000000089e-02
3.517189200000000321e-02
3.630752999999999758e-02
6.081789700000000271e-02
-5.211637999999999687e-02
6.081538999999999695e-02
1.592667999999999862e-02
-1.074688199999999927e-02
4.892426400000000203e-02
-3.953616600000000279e-03
3.082530600000000197e-03
-6.418815999999999411e-02
9.406134000000000023e-03
1.269718100000000009e-02
-5.750175999999999898e-02
-1.760366400000000150e-02
3.647709299999999950e-03
1.246034499999999984e-03
-1.048300700000000078e-02
-4.473516699999999929e-02
2.269495499999999930e-02
4.033385200000000337e-02
-5.403961999999999655e-02
-2.458009099999999836e-02
-1.233857099999999957e-02
-5.278113000000000075e-03
2.536422199999999877e-02
1.605666199999999932e-02
6.659136599999999732e-03
2.720867100000000025e-02
-4.349054399999999904e-02
4.650655800000000339e-02
4.613947000000000187e-02
-8.129364999999999508e-03
1.195246299999999998e-02
-3.464335600000000015e-02
-1.859088600000000091e-02
-7.143344999999999556e-02
1.301279500000000061e-02
-4.541015000000000329e-02
2.933229999999999865e-02
1.878333000000000086e-02
4.440061399999999797e-02
-8.426683000000000784e-03
1.252056000000000002e-02
4.430927999999999950e-02
-2.086998699999999957e-02
1.924905600000000050e-02
-3.402468000000000159e-02
-3.541755299999999745e-02
-4.992251999999999801e-02
-2.209929000000000060e-02
-1.652336100000000030e-02
7.536956000000000037e-03
-5.097956199999999910e-02
4.770490499999999884e-02
-2.569043500000000105e-02
-5.717270399999999780e-02
-1.049575200000000055e-02
-1.905551000000000120e-02
4.229217799999999972e-02
-1.426208900000000036e-02
3.598453000000000068e-02
-3.745337599999999656e-02
-5.011394000000000265e-02
3.877458000000000293e-02
7.993978000000000542e-03
-4.845548400000000006e-03
-3.315078999999999942e-02
2.146079000000000042e-02
-2.225383699999999854e-02
1.774857000000000171e-02
-5.374842000000000335e-04
6.095940700000000018e-03
-5.809872199999999848e-02
5.027809700000000076e-02
1.303098199999999998e-02
-4.648877700000000196e-02
-7.558362999999999887e-02
3.258671199999999685e-02
-4.690854999999999661e-05
4.224716500000000319e-02
6.245111999999999886e-02
-2.831017400000000045e-02
-4.499410999999999689e-02
7.374806299999999912e-03
3.415797300000000120e-02
-4.508994000000000196e-02
4.656139399999999900e-02
-3.618100300000000324e-02
4.657434299999999895e-03
-3.892263800000000246e-02
3.568717999999999890e-02
-2.151363900000000107e-02
1.277814399999999996e-02
2.734436100000000106e-02
5.126217400000000063e-02
-3.807440000000000130e-02
-1.339416099999999991e-02
-4.923912999999999901e-02
-2.154877399999999971e-02
-1.359209700000000021e-01
-2.581995499999999860e-02
4.073869399999999891e-02
1.949687900000000168e-02
2.048478999999999925e-02
1.794003099999999865e-02
-1.209993850000000079e-02
2.857264600000000189e-03
1.687251400000000165e-02
-1.768655499999999964e-02
7.994015000000000148e-03
-1.402987449999999921e-02
2.674682000000000101e-02
-2.630215799999999823e-03
2.306480699999999967e-02
-3.536202399999999885e-02
4.659107700000000157e-02
-3.423845999999999834e-02
1.043578300000000056e-02
-1.484792000000000056e-02
-5.986114000000000018e-02
6.902401300000000385e-03
8.461269999999999902e-02
4.296470700000000064e-04
1.523558499999999941e-02
9.324999999999999956e-03
5.050291999999999976e-02
2.293684099999999948e-02
-1.682025100000000004e-03
-4.955626700000000107e-02
-4.472496000000000110e-02
-1.599019000000000135e-02
1.874146200000000040e-02
-1.225838400000000064e-02
2.666417899999999966e-02
8.062307999999999975e-02
1.210312449999999956e-02
-6.247120999999999577e-03
-8.672776000000000096e-03
4.122300400000000059e-02
3.555387599999999815e-02
3.484295300000000289e-02
3.008104500000000070e-02
2.997660300000000097e-02
1.202156199999999953e-02
3.399374699999999777e-02
7.218862000000000369e-03
5.072662000000000004e-02
5.578877799999999720e-02
1.828842400000000104e-02
3.781385999999999775e-02
4.914961400000000119e-02
-1.346268699999999922e-02
-2.153953200000000012e-02
1.959119000000000051e-03
4.911568399999999973e-02
2.353235000000000049e-02
6.781365299999999804e-03
1.783643299999999876e-02
-2.851351499999999969e-02
-3.439345199999999797e-02
1.385949000000000035e-02
-1.981835399999999983e-02
-2.576582499999999915e-02
-2.417082000000000085e-03
-4.624211999999999767e-02
-2.715323099999999990e-02
2.347394400000000179e-03
-2.860362300000000163e-02
6.579989999999999450e-02
-7.523564000000000640e-02
1.212262499999999972e-02
-3.227441999999999811e-02
-2.816249800000000109e-02
-3.520893700000000265e-02
5.432624400000000270e-02
1.990664499999999799e-03
1.978836800000000062e-02
-3.252732400000000329e-02
5.635674699999999870e-02
3.543955499999999759e-02
-6.753356999999999763e-03
-4.046843999999999962e-03
-1.800489799999999835e-02
3.401450999999999780e-02
-1.514821499999999960e-02
3.545347000000000082e-02
-3.461157499999999859e-02
3.944447599999999915e-02
-3.188292499999999859e-03
8.745973599999999626e-02
2.090615800000000107e-02
-5.913592000000000154e-02
3.794354600000000161e-02
-5.232477000000000135e-03
-3.195342000000000321e-02
-3.040489999999999859e-02
1.239993300000000100e-03
-4.779793699999999868e-02
-1.738961600000000010e-02
3.891674400000000311e-02
1.166491499999999966e-02
5.131658000000000053e-02
5.662146600000000224e-02
1.195388099999999953e-02
5.431882999999999850e-02
5.269689500000000054e-02
2.952409999999999930e-03
-3.237597999999999865e-02
-6.800749999999999851e-02
-1.653260200000000041e-02
-3.358698700000000044e-03
1.830448200000000039e-02
-3.222370499999999832e-02
3.390638499999999722e-02
1.617275599999999994e-02
-1.560403900000000010e-02
7.352465399999999485e-02
-2.467422999999999839e-02
3.617217999999999822e-02
3.727805199999999902e-02
-1.284491899999999978e-02
-1.835913200000000023e-02
5.288405699999999821e-02
4.289801800000000304e-02
3.118529199999999987e-02
7.743658000000000485e-02
-1.175489099999999995e-02
-1.604034799999999941e-02
-1.002115500000000034e-02
5.285780000000000339e-03
1.153881099999999951e-02
1.350707399999999956e-03
-1.255010099999999927e-02
-1.625428800000000107e-04
8.262943999999999498e-03
8.937311999999999340e-03
-4.637996500000000216e-02
-8.329652999999999363e-02
5.446850000000000303e-02
1.463105699999999940e-02
2.533558799999999916e-02
-3.712872400000000184e-02
-7.587983999999999875e-03
-6.398919000000000135e-02
-2.708665799999999957e-02
2.773822800000000019e-02
2.365629600000000027e-02
-3.088414000000000090e-02
-3.326803000000000139e-03
-3.902201999999999754e-02
4.261808999999999736e-02
5.333191000000000320e-02
4.236312200000000305e-02
3.894022999999999929e-02
3.195702000000000265e-02
6.933854999999999880e-02
1.615174299999999966e-02
-4.407142499999999741e-02
-6.765327399999999936e-03
3.873369499999999854e-02
4.462143400000000149e-03
-1.966129799999999893e-03
-1.741012399999999904e-02
-4.009465000000000251e-02
-9.758094999999999616e-03
-2.198565200000000136e-02
3.132347800000000182e-02
1.433255150000000040e-02
-1.281530799999999921e-02
1.703578400000000000e-03
1.837227899999999831e-02
-2.231549099999999980e-02
-2.333928600000000075e-02
2.176081200000000090e-02
1.036322200000000006e-02
-1.451529200000000082e-02
-3.200141000000000097e-02
2.760871700000000137e-02
-1.384696699999999996e-02
4.542274400000000101e-02
-2.802944200000000163e-02
-4.076883199999999791e-02
6.168263000000000218e-02
6.480223000000000233e-02
2.673384499999999914e-02
-4.540167999999999981e-02
-2.542247300000000099e-02
-2.275649000000000075e-02
1.267917500000000086e-02
-5.653331999999999802e-02
-1.563920300000000083e-02
4.097092000000000095e-02
7.101027999999999681e-03
-5.559411400000000350e-03
-4.157537599999999722e-02
3.539848000000000300e-02
1.063625200000000055e-02
-3.333117800000000297e-02
-2.042429100000000067e-02
-1.313955300000000000e-02
-3.302502200000000197e-03
-1.485805699999999917e-02
4.157725999999999783e-02
9.377968999999999888e-03
-1.335041399999999968e-02
3.331686600000000249e-04
-2.928664200000000162e-03
4.959384399999999977e-03
4.522527000000000144e-03
7.215072000000000152e-02
-8.066790000000000765e-03
1.167269100000000066e-02
-8.393289999999999432e-03
-1.274537299999999951e-03
4.869249500000000230e-02
3.049941399999999900e-02
3.136461200000000005e-02
2.294439800000000126e-02
3.970797000000000215e-02
5.809983999999999982e-02
-3.634182499999999861e-04
6.588678000000000590e-02
2.142171000000000006e-02
6.001929000000000292e-02
3.818059299999999878e-02
2.418634499999999972e-03
1.183036999999999977e-02
3.641247999999999707e-02
6.018187500000000273e-02
1.664390400000000103e-02
4.989483599999999797e-02
-4.687971199999999700e-02
2.708724699999999833e-02
-4.926276599999999950e-02
-2.595231699999999905e-02
-4.168543200000000143e-02
-3.389730999999999994e-03
2.978070600000000054e-02
-3.234698300000000276e-02
5.114055800000000263e-02
-1.790852100000000016e-02
-2.556109200000000053e-02
-7.041324399999999983e-03
6.177433200000000124e-02
-4.254714999999999886e-02
-7.586202700000000028e-04
-2.538307999999999884e-02
-6.094630000000000186e-02
-7.322655499999999699e-03
-2.500413500000000025e-02
5.607145999999999658e-02
-1.694355200000000061e-02
1.354649599999999988e-02
1.411387700000000037e-02
-3.914638200000000040e-02
4.184276600000000346e-02
-2.248105400000000031e-02
2.991135199999999869e-02
-2.221311800000000045e-02
-5.820230800000000121e-02
2.649597299999999905e-02
4.506215000000000220e-02
3.647660500000000222e-02
2.276390000000000097e-03
-2.693956000000000128e-02
1.474437800000000069e-02
2.605217900000000170e-02
-1.643038000000000137e-02
-1.154147099999999933e-02
3.080748999999999987e-02
-6.156804499999999833e-03
1.698720000000000091e-02
-6.062088499999999935e-03
9.072355000000000697e-03
9.578562000000000534e-03
1.574763699999999836e-02
-3.987895699999999960e-02
5.977184299999999811e-02
-3.252018599999999954e-02
-4.666884200000000205e-02
2.683313000000000018e-02
3.694466999999999890e-02
1.006037000000000077e-02
3.921587399999999779e-02
-3.542157299999999787e-02
5.179435000000000289e-02
-5.843751999999999801e-03
-3.491677299999999817e-02
-5.959972399999999976e-02
-4.456806600000000340e-02
-6.440458000000000294e-02
-1.004860800000000054e-02
-8.501962999999999535e-03
-1.654117700000000066e-02
3.146942300000000331e-02
-1.941585399999999975e-02
-5.100564700000000118e-02
-6.796140999999999988e-02
-6.707389000000000233e-03
-4.157412399999999703e-02
-5.741701600000000127e-02
4.504120999999999819e-03
9.680220999999999271e-03
1.651116299999999884e-02
-1.630274900000000006e-03
7.956987000000000435e-03
-1.314077400000000003e-03
-4.181388400000000255e-02
-1.711266700000000154e-02
2.743362599999999915e-02
2.294171999999999878e-02
6.789755000000000096e-02
-4.410368199999999822e-02
-2.003185299999999877e-02
-1.780844700000000155e-02
7.416051599999999577e-02
-3.413101300000000171e-02
-4.492158999999999736e-02
-4.393452400000000257e-02
-4.299026699999999868e-02
4.482608700000000057e-02
3.045580999999999983e-02
-2.573124300000000086e-02
2.502777800000000052e-02
3.478425699999999898e-02
7.563367499999999743e-02
5.406712000000000150e-03
-6.545144999999999609e-03
-7.755608499999999727e-04
1.692923199999999892e-02
-4.683827599999999813e-02
5.329732999999999693e-03
3.083608499999999919e-02
8.256061000000000302e-04
4.419122999999999801e-02
-6.541607000000000671e-02
9.942885000000000265e-04
-3.834659199999999879e-02
-3.008927600000000160e-02
1.711270599999999836e-02
-2.648974999999999941e-02
1.505018600000000012e-02
-2.064444099999999949e-03
5.389607499999999989e-03
-2.500666699999999978e-02
5.011244699999999573e-03
3.353550299999999949e-03
-2.647570299999999974e-02
1.053812400000000028e-03
-8.358144000000000684e-02
-3.619384700000000035e-03
-8.589561000000000765e-03
-3.885523200000000343e-02
1.571494500000000100e-02
-2.608161999999999980e-02
1.166719199999999984e-02
2.852003499999999914e-02
-9.309061999999999892e-03
-1.663637899999999975e-02
2.218328199999999948e-03
3.563718999999999915e-02
-7.300418599999999869e-02
5.901491699999999833e-03
2.929988000000000037e-02
3.649192999999999881e-02
3.703385199999999905e-02
-4.954175699999999877e-02
-1.889879800000000137e-02
-7.552291299999999707e-03
5.325307299999999799e-02
-8.173398700000000360e-04
-2.096926600000000029e-02
2.416541800000000101e-02
4.915859600000000058e-03
-6.637489000000000583e-02
-3.894161000000000150e-02
4.978011499999999978e-02
1.158074849999999982e-02
9.234043000000000112e-02
-2.967087699999999828e-02
7.682530699999999720e-03
-8.084292499999999604e-03
2.032456700000000172e-02
-4.274093400000000126e-02
-2.027797300000000122e-02
-4.121361700000000100e-02
-2.791035700000000022e-02
1.857302199999999980e-03
-2.962359999999999993e-02
6.700419000000000513e-02
6.260063500000000170e-02
-1.744751799999999867e-02
3.034802199999999880e-02
-5.416311699999999674e-02
2.406776500000000138e-02
4.184633499999999839e-02
-3.270526599999999673e-02
1.419418100000000016e-02
1.522050399999999928e-02
3.607622500000000343e-02
5.012715000000000226e-02
2.345915100000000100e-02
5.037447399999999721e-03
3.931631499999999751e-02
2.152010199999999929e-02
5.524268400000000023e-02
4.833160699999999865e-02
1.575975300000000134e-02
3.390867300000000029e-02
-1.922302500000000122e-02
-2.711970400000000142e-02
-5.464272199999999774e-02
9.935581000000000620e-03
6.894440400000000080e-03
1.364760200000000000e-02
-3.512350499999999931e-02
1.165700499999999936e-03
-5.321768000000000158e-03
-2.444837999999999872e-02
1.081600500000000006e-02
-3.432773399999999864e-02
-3.761069499999999954e-02
1.332806599999999952e-02
3.755390299999999959e-02
-2.954784200000000124e-02
-7.443964499999999700e-03
-3.446459400000000117e-02
-1.909167999999999976e-02
2.253094900000000150e-02
-1.256661199999999957e-02
3.493717999999999824e-02
2.226869299999999913e-03
-3.395999999999999713e-02
-6.378388000000000113e-02
-2.564062400000000075e-02
-3.022042000000000131e-02
-2.224634899999999946e-03
3.350669500000000300e-02
3.074734700000000126e-02
-3.060780000000000098e-02
-3.376818399999999970e-02
2.548573499999999895e-02
-2.360643099999999977e-03
-7.250776999999999917e-03
9.021695000000000408e-02
4.704319400000000345e-03
-1.107241599999999986e-02
-3.719569999999999821e-02
1.283023299999999992e-02
4.492109999999999853e-02
-2.773098800000000155e-02
