5.529112399999999705e-02
3.148171000000000302e-02
-5.569149600000000006e-02
-1.540139899999999964e-02
1.994071999999999859e-02
3.706645000000000079e-02
2.504193999999999865e-02
3.025078800000000068e-02
1.397807700000000021e-02
1.014312399999999989e-02
5.317897299999999744e-02
7.316957999999999795e-02
4.691690999999999570e-03
8.877387000000000472e-03
1.700588100000000047e-02
-1.356188099999999959e-02
1.429818700000000040e-02
1.440356949999999948e-02
-5.790924299999999914e-02
-4.929561999999999833e-02
-2.310643199999999967e-02
-8.858885000000000370e-03
4.113596299999999761e-02
2.101628700000000155e-02
-1.617719199999999996e-02
-4.694407999999999914e-02
-4.806133399999999722e-02
-7.999820000000000542e-02
1.182064700000000010e-02
-9.618319000000000174e-02
2.354246000000000116e-02
3.182414499999999813e-02
9.618875000000000688e-03
-5.306764000000000273e-03
4.157380399999999893e-02
2.039129500000000025e-02
7.176012699999999647e-03
1.066321200000000004e-02
-1.012697999999999973e-04
-5.915751000000000343e-02
-1.948269999999999863e-02
-1.914555000000000076e-02
1.047045500000000004e-02
4.590876399999999774e-02
-4.048770699999999778e-02
-8.569512499999999700e-02
1.065455300000000063e-02
-1.091179800000000033e-02
-4.542533299999999830e-02
4.253081200000000117e-02
-1.012523400000000032e-02
6.025507299999999927e-02
-2.912080800000000150e-02
3.109608399999999953e-02
-7.858989999999999726e-03
-5.914477600000000307e-02
1.856787000000000021e-02
-1.863369900000000010e-02
4.286844000000000071e-02
-1.989760600000000171e-02
1.548808999999999950e-02
-5.207962499999999745e-02
9.734069999999999181e-03
-5.188835800000000248e-02
5.459035299999999771e-03
-5.883645600000000225e-02
1.337954300000000025e-03
-3.760335599999999751e-02
-7.322457000000000271e-02
-4.762130300000000371e-03
-1.128219100000000044e-02
-1.462995299999999936e-02
-2.635340400000000041e-02
2.286148699999999805e-03
-2.314756900000000152e-03
4.053143800000000296e-02
-6.688151500000000423e-03
-1.018266200000000031e-02
3.176956300000000066e-02
6.874082999999999583e-03
-5.250345000000000012e-02
-3.610440699999999808e-02
1.913205999999999934e-02
6.267242000000000646e-02
-4.246886400000000200e-03
3.594257000000000007e-02
5.361745999999999700e-03
-6.103625499999999759e-02
-2.570806999999999953e-02
-1.171108400000000008e-02
1.048230899999999938e-01
4.465252499999999847e-02
-1.129261800000000079e-02
2.348510399999999970e-02
9.146356999999999404e-02
-2.428709299999999918e-02
-7.928899000000000363e-02
-1.221216200000000002e-01
4.272959800000000058e-02
2.142531799999999875e-02
-1.378092399999999995e-02
-6.657777699999999511e-04
-2.959415099999999910e-02
-1.331889349999999979e-02
4.287357299999999816e-02
-9.155721999999999819e-03
-1.831002499999999930e-03
-6.333131000000000177e-02
-9.792425500000000171e-02
7.298348500000000245e-03
7.145564000000000082e-02
1.844635000000000025e-02
2.751390399999999875e-02
-3.813113299999999761e-02
-2.418195999999999887e-02
4.545912000000000043e-03
-4.920340699999999762e-02
4.389599999999999752e-02
-1.750830000000000095e-02
-1.516486300000000065e-02
3.135999700000000057e-02
9.555468999999999768e-02
-1.566343400000000038e-02
6.970200999999999480e-02
3.868155999999999678e-02
-2.507691299999999929e-03
2.206682800000000014e-02
-3.759049300000000260e-02
-1.171615900000000030e-02
-2.855574699999999851e-03
5.476139000000000007e-02
-5.447341499999999725e-02
2.022160799999999856e-02
5.054579600000000221e-03
-2.121208600000000152e-02
1.284497799999999952e-03
5.918379499999999738e-02
4.122141000000000000e-02
-2.010399200000000022e-03
6.583429000000000364e-02
-2.602761799999999889e-02
-4.054462500000000080e-02
-7.580335000000000545e-02
1.468949100000000070e-02
-3.327596599999999710e-02
-5.731402000000000024e-02
1.060123500000000052e-02
6.319345499999999560e-02
-1.579122200000000059e-02
-8.993888999999999703e-03
-2.077552900000000091e-02
-6.525934700000000400e-03
1.817318399999999848e-02
-1.901078000000000143e-02
-4.049424999999999726e-03
6.291328000000000198e-02
-8.142442999999999209e-03
-1.416724549999999992e-02
3.672979400000000311e-02
2.279865699999999995e-02
3.165550000000000308e-02
-6.168114999999999709e-02
-1.381798499999999964e-02
6.987420499999999479e-02
-6.425682000000000615e-02
-7.424335500000000393e-03
-6.307364400000000336e-03
-4.042903300000000311e-02
2.867775800000000111e-02
-2.618138700000000128e-03
-4.718997300000000311e-02
-6.112796399999999991e-02
-6.483487999999999751e-02
-9.777091999999999727e-02
-1.511928000000000057e-02
-1.012093300000000036e-02
-4.528228999999999935e-03
-2.976671200000000073e-02
-4.592428700000000114e-02
2.401588699999999878e-03
6.741972000000000242e-02
-1.222437999999999997e-02
3.006108700000000022e-02
-3.825081500000000051e-02
-1.829284999999999939e-03
-2.277210400000000134e-02
3.386280700000000171e-02
2.783856700000000156e-02
4.690845700000000063e-02
4.800665800000000066e-02
-2.989374800000000124e-02
2.004676099999999975e-02
1.160051599999999995e-02
1.120250700000000044e-02
-3.018883400000000120e-02
7.422210999999999392e-02
3.242926699999999947e-03
-1.569162500000000071e-02
2.267448400000000169e-02
-4.326969800000000227e-02
3.264892500000000225e-02
3.046732200000000154e-02
1.666319200000000028e-02
-6.909257999999999719e-03
-1.248145600000000015e-02
4.217710300000000051e-02
-1.942027600000000020e-03
-3.131997200000000148e-02
2.382703499999999988e-02
1.445687300000000029e-02
-4.554826800000000286e-02
-4.494549300000000303e-02
-3.954704500000000289e-02
-2.220735199999999791e-03
2.715960699999999881e-02
3.384029499999999940e-02
1.419399300000000023e-02
1.937262199999999907e-02
3.809013199999999877e-02
-4.350574000000000108e-02
4.908962000000000048e-02
1.861306700000000050e-02
-3.669229999999999714e-02
4.097354000000000274e-02
1.321386800000000014e-02
2.887850200000000034e-03
-5.574264000000000302e-02
2.752558700000000066e-02
2.004966600000000158e-03
-6.055467199999999689e-02
-3.284966999999999748e-02
2.962897999999999921e-02
2.696302700000000052e-02
-4.677914999999999851e-02
-2.114546900000000007e-02
2.874323999999999976e-02
1.161384799999999953e-02
-1.143598499999999921e-02
-1.889746800000000060e-02
-2.680142199999999836e-02
6.673344999999999798e-03
-1.604047499999999892e-03
4.252870400000000051e-02
1.921567000000000067e-02
3.578830499999999942e-02
-1.191634400000000059e-02
7.175346500000000238e-02
4.235908000000000034e-02
-9.168802999999999676e-03
3.056264499999999940e-02
-3.887747200000000319e-02
-4.759873999999999876e-03
-3.398110000000000019e-02
1.716252399999999845e-02
-2.018536799999999867e-02
2.718333900000000081e-02
-5.639532000000000052e-03
5.034148299999999937e-02
1.019936700000000085e-02
1.683382699999999912e-02
4.295797300000000346e-02
-6.143795300000000174e-03
1.944022399999999900e-02
-2.296489100000000116e-02
-4.040189500000000017e-02
-6.495888499999999399e-02
-6.198114000000000227e-03
-1.463006199999999923e-02
4.880561999999999748e-03
-4.730552799999999947e-02
5.079859500000000194e-02
-4.018403000000000252e-02
-1.557531399999999983e-02
-2.049837399999999976e-02
-2.626310700000000081e-02
1.530210499999999987e-02
-2.164768400000000037e-02
9.776968000000000464e-03
-1.693353599999999903e-02
-5.126388999999999946e-02
3.709200399999999787e-02
-1.597566500000000000e-02
-5.133197600000000138e-03
-2.314573199999999872e-02
1.550782099999999976e-02
-1.691735299999999956e-02
1.212369649999999952e-02
6.023366999999999957e-03
4.948273300000000097e-03
-6.819466500000000153e-02
3.175613000000000047e-02
9.455595000000000666e-03
-4.765965800000000058e-02
-5.568520700000000045e-02
2.830918699999999955e-02
-8.642632999999999826e-04
6.089641500000000235e-02
3.767778000000000099e-02
-1.506270000000000091e-03
-2.986169700000000128e-03
-1.436384700000000077e-02
2.430687100000000073e-02
-5.481492699999999940e-02
5.309629800000000011e-02
-5.552546700000000196e-02
-5.171240300000000227e-03
-6.265165999999999791e-02
2.053905799999999893e-02
-3.964851800000000065e-02
-1.267050399999999953e-03
5.602225699999999892e-02
3.547714700000000054e-02
-2.413263699999999845e-02
-2.639807599999999949e-02
-2.841694100000000112e-02
-2.298241000000000173e-02
-1.122433399999999970e-01
-6.920894599999999688e-03
1.890997599999999848e-02
2.087921599999999905e-02
2.762081699999999890e-02
2.002960000000000157e-02
-4.864692699999999953e-02
-4.991571400000000339e-03
1.700884000000000076e-02
-1.470023099999999937e-02
2.317622000000000085e-02
-1.233700499999999985e-02
4.372626000000000290e-02
1.699385800000000057e-02
2.211057599999999984e-02
-2.256495899999999902e-02
1.495953900000000086e-02
-7.020933000000000035e-02
1.264089600000000042e-02
1.959642599999999926e-03
-8.458087999999999718e-02
6.739746300000000120e-03
5.593729000000000062e-02
-6.209072999999999849e-03
2.009999999999999981e-02
-7.860222000000000042e-03
4.841394000000000253e-02
2.662252999999999842e-02
1.387256100000000027e-02
-5.877142400000000266e-02
-7.361824000000000146e-02
-1.643053400000000011e-02
2.839359500000000064e-02
1.328047800000000007e-02
5.450504999999999933e-02
6.965276600000000484e-02
3.174845999999999918e-02
-2.035723600000000078e-02
-7.440933500000000006e-03
4.843617599999999745e-02
4.101706299999999944e-02
3.734990199999999733e-02
3.929218599999999978e-02
2.540428800000000056e-02
1.422931499999999932e-02
1.138997100000000047e-02
-9.811633999999999634e-03
3.627861000000000280e-02
6.087651000000000173e-02
3.061088699999999982e-02
5.725782699999999725e-02
5.521352000000000204e-02
-3.252028299999999705e-02
-3.178985799999999723e-02
-1.092399399999999937e-02
4.203968999999999762e-02
2.451878999999999864e-02
2.364411400000000080e-02
3.950778399999999718e-02
-4.208078999999999986e-02
-3.591398999999999980e-02
-1.085708399999999949e-02
-8.968396999999999480e-03
-1.700616599999999964e-02
-2.096570299999999873e-02
-3.334700000000000164e-02
-2.486404199999999939e-02
5.289168000000000341e-03
-2.628207200000000007e-02
3.708923199999999976e-02
-7.456183399999999351e-02
1.196692700000000047e-02
-7.945865999999999346e-03
-2.954562000000000160e-02
-3.720442999999999667e-02
4.060912500000000286e-02
-1.039686000000000082e-02
3.235779700000000064e-02
-3.389948200000000161e-02
6.009116999999999931e-02
4.976029700000000194e-02
8.525655999999999513e-03
1.225863500000000058e-04
-1.857268600000000144e-02
1.060158200000000002e-02
-2.779526300000000061e-02
5.369490799999999953e-02
-4.633242600000000294e-02
2.733749499999999985e-02
-1.402341799999999930e-02
9.381129600000000235e-02
1.471679199999999894e-03
-6.299538999999999833e-02
6.342093000000000036e-02
-4.679511299999999582e-03
-2.105252399999999868e-03
-2.664257199999999978e-02
1.055096500000000069e-02
-5.265912999999999844e-02
-3.642979300000000198e-02
3.100467000000000153e-02
1.128826900000000008e-02
3.700250800000000340e-02
8.105145399999999500e-02
1.561815849999999978e-02
3.020432400000000114e-02
2.228268599999999947e-02
6.628178499999999931e-03
-5.487128600000000175e-03
-4.930512000000000089e-02
-2.239703599999999864e-02
3.954972999999999649e-03
-8.622931999999999819e-03
-4.282566999999999819e-04
9.752253000000000657e-03
3.974233199999999827e-02
-3.107128500000000057e-02
6.711560499999999485e-02
-1.213688800000000019e-02
2.320068499999999867e-02
3.519764000000000226e-02
-1.201716599999999927e-02
-1.931588700000000033e-02
5.670019600000000132e-02
3.933051600000000286e-02
2.230568000000000134e-02
7.298297400000000601e-02
-4.848466299999999729e-03
4.466470299999999831e-03
-1.269882599999999986e-02
-1.049465800000000046e-02
1.071555400000000040e-02
-1.972489399999999976e-02
8.001308999999999852e-03
1.220692800000000057e-02
-9.402056000000000649e-03
-1.580080799999999952e-02
-6.735443000000000680e-02
-7.285453399999999857e-02
1.567135600000000087e-02
-6.500254399999999717e-03
4.020685300000000073e-02
-3.105408299999999969e-02
-1.077930399999999997e-02
-4.670682000000000306e-02
-2.324677400000000130e-02
3.524069500000000243e-02
3.261460699999999685e-02
-1.499141000000000015e-02
1.121099100000000001e-02
-3.788896299999999773e-02
5.789728000000000235e-02
3.109605400000000144e-02
2.375452399999999908e-02
4.421170800000000234e-02
1.345678299999999994e-02
7.153772999999999382e-02
-4.153010399999999759e-04
-2.025785100000000033e-02
-7.541207599999999629e-03
4.693631999999999665e-02
8.948067000000000520e-03
7.980132500000000628e-03
-8.428355000000000222e-03
-4.052880400000000161e-02
-1.566885800000000079e-02
-3.297906400000000238e-02
3.867658200000000102e-02
2.251142799999999999e-02
4.108721000000000075e-03
-6.330918999999999956e-03
1.969108400000000106e-02
-4.316920800000000058e-02
6.488078000000000421e-03
3.707157999999999981e-02
1.448111499999999927e-02
-3.901960200000000175e-04
-2.957159300000000018e-02
3.352613000000000121e-02
-8.794968999999999704e-03
5.907215999999999856e-02
-8.685308500000000695e-03
-1.559829149999999998e-02
5.311292399999999886e-02
7.363695000000000657e-02
2.963046700000000061e-02
-1.845908200000000166e-02
-1.032245900000000084e-02
-1.120811600000000061e-02
1.132628400000000070e-02
-9.570704400000000500e-02
-1.808674299999999888e-02
6.890970500000000165e-02
1.473231000000000020e-02
2.327082100000000056e-02
-5.165650000000000103e-02
3.798887000000000097e-02
3.107071999999999785e-03
-4.567592599999999864e-02
-1.444782200000000079e-02
-1.188642399999999960e-02
3.240201200000000087e-02
-4.484385300000000296e-02
4.932596499999999939e-02
8.665746999999999686e-03
-3.024391300000000074e-02
-3.545522300000000099e-02
-2.893874600000000130e-02
-8.262146999999999200e-03
3.976282500000000164e-02
8.889603999999999562e-02
-4.653966499999999569e-03
3.460368999999999945e-02
-1.509825000000000013e-03
-1.147517399999999944e-02
5.962207499999999660e-02
-3.577398099999999897e-03
3.257423999999999736e-02
2.302681100000000119e-02
2.739778500000000089e-02
6.063481999999999900e-02
6.490382999999999743e-03
4.410915399999999764e-02
8.545296000000000185e-04
5.392609999999999765e-02
4.909736700000000287e-02
7.463596000000000293e-03
2.258752500000000066e-02
1.591083199999999975e-02
7.084629000000000620e-02
-4.940771499999999788e-03
6.925053999999999932e-02
-2.621027000000000079e-02
4.261358999999999980e-02
-3.397555000000000019e-02
-4.694001999999999897e-02
-7.598539300000000177e-03
-3.561106299999999836e-02
3.931395299999999871e-02
8.727586000000000718e-03
5.577214400000000266e-02
-2.909906199999999846e-02
-3.170380700000000052e-02
-3.959303299999999970e-02
5.175944400000000167e-02
-3.533493699999999682e-02
1.473091399999999947e-02
-2.067244000000000026e-02
-2.268691000000000110e-02
-3.610884400000000105e-02
-2.043831999999999940e-02
3.186423000000000033e-02
-1.877098199999999856e-02
1.916154700000000100e-02
-1.050968899999999914e-02
-6.895329000000000388e-03
3.929327800000000093e-02
-1.259395599999999990e-02
5.683432499999999804e-02
-4.581424199999999808e-02
-6.699671999999999572e-02
1.611613900000000155e-02
6.514665499999999776e-02
3.213935999999999876e-02
2.332432200000000150e-02
-1.321704200000000003e-02
4.503882000000000024e-02
4.122169999999999654e-03
-1.302770900000000016e-02
-2.655674300000000071e-02
2.020639999999999936e-02
-2.650337700000000157e-02
-5.652609700000000084e-03
1.206168200000000065e-02
-1.393467999999999964e-02
3.444144500000000109e-02
-3.858004999999999855e-03
-4.201222999999999763e-02
1.414760800000000075e-02
-3.788884700000000327e-02
-5.033210300000000303e-02
2.472351000000000062e-02
4.054233799999999721e-02
-4.073657599999999830e-03
3.881652700000000344e-02
-3.749124300000000048e-02
2.566792000000000032e-02
-1.639540499999999831e-02
-1.683389399999999855e-02
-3.783144000000000090e-02
-3.460433300000000101e-02
-6.873400000000000343e-02
-1.399849100000000006e-02
2.794287399999999949e-02
-8.458979999999999624e-03
5.044194300000000297e-02
-3.395484399999999792e-02
-3.383283299999999966e-02
-5.470115700000000025e-02
-5.286087299999999746e-03
-6.862575999999999399e-02
-6.082577299999999965e-02
-3.718279299999999871e-02
1.896638200000000038e-02
3.803406000000000148e-02
9.258560000000000748e-03
3.400447999999999665e-02
-1.072540500000000036e-02
-1.646715799999999910e-02
-2.882926999999999972e-03
4.092993200000000220e-02
1.100463100000000083e-02
6.000728999999999785e-02
-4.321814300000000053e-02
-1.324877200000000067e-02
9.983794000000000696e-03
5.880148699999999951e-02
-4.009866699999999756e-02
-1.800326799999999935e-02
-2.925169099999999980e-02
-2.162515400000000060e-02
1.673729700000000167e-02
3.094320199999999951e-02
-3.306190999999999991e-02
2.445719400000000154e-02
6.526766999999999985e-02
9.331034000000000550e-02
3.616468299999999955e-03
-1.329741700000000061e-02
-1.910460400000000072e-02
-5.129480999999999754e-04
-3.031117499999999923e-02
-1.050348499999999990e-02
4.778210399999999886e-02
2.985180700000000104e-02
2.413181400000000143e-02
-3.918065999999999910e-02
2.983053800000000019e-02
-4.647023000000000126e-02
-7.500049999999999859e-04
2.190746199999999907e-02
-2.695819400000000129e-02
6.547032999999999846e-03
2.637806999999999999e-02
1.024543900000000028e-02
-2.249352799999999875e-02
1.689374800000000010e-02
3.881817299999999749e-02
-6.013746000000000369e-03
5.578470999999999777e-03
-4.958967999999999710e-02
2.246281300000000161e-02
-7.992192000000000393e-03
-4.412823500000000176e-02
-5.072012499999999612e-03
-2.026849000000000012e-02
-9.250975999999999297e-03
3.072027499999999828e-02
1.789967500000000031e-02
-7.313787999999999886e-03
2.377328999999999901e-02
2.385972000000000093e-02
-6.348012000000000099e-02
1.950541100000000028e-02
4.508381199999999742e-03
-3.778122999999999985e-03
2.729912099999999911e-02
-4.531186000000000241e-02
-9.001175999999999622e-03
7.033857000000000130e-03
3.971122600000000225e-02
-1.926376999999999950e-02
8.144491000000000230e-03
3.798154399999999903e-02
-1.581143800000000058e-02
-8.594464000000000270e-02
-2.115294499999999939e-02
3.220878499999999672e-02
4.609294600000000269e-02
1.107681799999999939e-01
-3.074686499999999822e-03
-3.882080300000000095e-02
-1.094132240000000037e-04
1.871646199999999968e-02
-2.070091500000000029e-02
-2.719028899999999943e-02
1.725438199999999866e-02
8.942326500000000178e-03
-3.839613600000000172e-03
-1.444931049999999967e-02
5.674968300000000215e-02
3.117956399999999989e-02
-2.005778299999999917e-02
3.138737800000000050e-02
-4.634672799999999676e-02
3.398391600000000290e-02
6.080195299999999886e-02
-2.845585000000000128e-02
5.291320000000000398e-03
-2.779685400000000191e-03
4.856765600000000072e-02
6.374431999999999321e-02
2.296070999999999876e-02
1.415439400000000070e-02
5.320258399999999721e-02
2.719554899999999942e-02
3.534082000000000195e-02
3.544935600000000131e-02
5.185734000000000003e-03
9.997785000000000352e-03
-2.033894099999999927e-02
-7.857488500000000750e-03
-4.856997700000000029e-02
7.307520999999999982e-03
3.590281299999999870e-02
2.893361300000000039e-02
-2.957401600000000158e-02
-2.675344600000000017e-02
-1.435553999999999910e-04
-3.421184000000000031e-02
1.555081399999999961e-02
-2.776035699999999939e-02
-3.268688699999999867e-03
2.733442000000000163e-02
4.329920000000000296e-02
-2.193080600000000061e-02
-1.424786100000000055e-02
-4.151182999999999956e-02
3.052861000000000246e-04
2.798966300000000143e-02
-2.697429399999999935e-02
1.539637500000000034e-02
7.650360499999999883e-03
-5.290939299999999901e-02
-7.537881000000000442e-02
-2.598361300000000089e-03
-6.547783999999999549e-02
9.153603999999999213e-03
5.452846399999999871e-02
1.331115599999999934e-02
-2.080852199999999944e-02
-1.558821649999999996e-02
2.215435500000000058e-02
-1.521789699999999976e-03
2.546042000000000097e-02
8.485795999999999617e-02
-2.839464100000000171e-02
2.695731099999999856e-03
-5.251923199999999903e-02
2.533344400000000010e-02
4.962966600000000283e-02
-3.899124600000000024e-02
