6.043517200000000228e-02
5.430739400000000189e-02
-5.559254799999999858e-02
6.788499699999999727e-03
3.580968000000000345e-02
5.952983700000000211e-02
2.592459299999999925e-02
4.135798300000000094e-02
1.993720400000000004e-02
1.574130199999999868e-02
3.769859700000000036e-02
8.503783500000000606e-02
3.769258999999999804e-02
-3.501037600000000017e-03
2.490582499999999949e-02
-3.773288999999999810e-02
2.602891599999999916e-02
2.310120300000000071e-02
-2.783758799999999992e-02
-3.977263699999999957e-02
-2.886280199999999990e-02
-6.623839999999999763e-03
3.759998999999999980e-02
3.070333199999999985e-02
-2.187779899999999812e-03
-5.852475000000000038e-02
-2.090374199999999946e-02
-4.083744999999999736e-02
1.661260000000000167e-02
-7.299562499999999454e-02
2.519224600000000147e-02
3.291244000000000027e-03
2.807967399999999891e-02
-8.371988000000000346e-03
5.095055300000000259e-02
3.932085399999999905e-05
7.614222000000000351e-03
-3.444547799999999899e-03
1.484592799999999956e-02
-6.073496999999999924e-02
-2.823644499999999891e-02
-2.585538100000000020e-02
8.071466000000000014e-04
5.093603000000000020e-02
-2.626630699999999916e-02
-7.062098399999999776e-02
-3.356190599999999986e-03
1.741862700000000076e-03
-2.028058799999999870e-02
5.516743699999999972e-02
1.059088700000000022e-02
4.907050000000000300e-02
-1.647755000000000053e-02
-2.562473700000000160e-02
-2.788515000000000091e-02
-4.519501000000000074e-02
9.997334999999999555e-03
-4.209703199999999951e-02
7.667633999999999561e-02
-5.248152699999999657e-03
2.755649199999999840e-02
-4.885890700000000003e-02
2.085973699999999972e-02
-4.850695000000000007e-02
1.965761200000000139e-02
-8.296341000000000132e-02
3.061635399999999840e-02
-7.678065399999999679e-03
-7.599923999999999569e-02
8.193049000000000859e-03
-1.814012599999999947e-02
-1.484779399999999923e-02
-2.656384599999999860e-02
1.914596699999999985e-02
2.380998600000000173e-02
3.668037799999999959e-02
-1.866315899999999861e-02
-6.771718599999999909e-04
4.186789999999999956e-02
2.493288000000000101e-02
-6.251018499999999589e-02
-2.929955199999999954e-02
4.055442299999999917e-02
4.319552299999999956e-02
-9.725202999999999973e-03
4.484173300000000167e-02
2.572291999999999981e-02
-3.341440999999999856e-02
-1.485092000000000009e-02
-3.396765600000000145e-03
1.263271599999999939e-01
3.746342999999999895e-02
3.615834799999999901e-03
2.075132199999999913e-02
9.066697999999999424e-02
-2.205798800000000059e-02
-1.100644000000000067e-01
-1.222890799999999945e-01
2.781404000000000168e-02
2.387367400000000098e-02
-1.710456600000000160e-02
-6.775963599999999636e-03
-4.430169999999999941e-02
1.443376199999999929e-02
3.787888600000000050e-02
-2.103213599999999989e-02
1.049555699999999998e-03
-6.961945399999999728e-02
-1.034995499999999957e-01
1.295475899999999972e-02
4.961887999999999715e-02
2.337179899999999866e-02
2.510862800000000089e-02
-3.420183000000000251e-02
-2.779951699999999928e-02
3.431334999999999941e-02
-5.845402000000000237e-02
5.341269399999999667e-02
-2.243385700000000149e-02
-5.062432999999999864e-03
5.267527000000000320e-02
7.083420999999999468e-02
-3.297897799999999907e-02
3.845070700000000063e-02
5.412117400000000106e-02
-1.232305000000000032e-02
2.251302499999999901e-02
-3.342915300000000312e-02
-1.566876000000000033e-02
1.090338499999999981e-02
4.014492000000000060e-02
-4.374881500000000339e-02
3.447232000000000074e-02
2.330513999999999850e-02
-3.578690999999999817e-02
9.854452000000000090e-04
7.634470000000000145e-02
1.979913599999999843e-02
-2.143124500000000154e-02
4.240879000000000176e-02
-2.974096999999999852e-02
-5.474372999999999739e-02
-8.754627399999999338e-02
3.067110699999999867e-03
-4.635884600000000216e-02
-4.703558000000000044e-02
-6.378178499999999709e-03
3.139255999999999991e-02
-2.420960200000000020e-02
-2.082243400000000078e-02
-3.275500199999999834e-02
3.622340500000000105e-03
2.314693300000000148e-02
-1.762839799999999998e-02
-1.815748799999999941e-02
4.974014300000000055e-02
-3.541680299999999844e-03
-1.353506200000000048e-02
5.612811999999999663e-02
-1.612178200000000117e-02
1.020749700000000071e-03
-6.942133600000000015e-02
-1.374491199999999975e-02
8.234046999999999894e-02
-5.937285300000000321e-02
-2.448902299999999865e-02
-1.149682049999999935e-02
-4.901237399999999744e-02
2.067302000000000028e-02
-1.226133299999999926e-02
-3.239427500000000015e-02
-6.900077000000000294e-02
-6.924766000000000254e-02
-9.563389399999999707e-02
1.291288200000000053e-02
2.799965199999999814e-03
-4.188545000000000115e-03
-2.580532400000000101e-02
-3.973280600000000246e-02
1.319448099999999922e-02
5.300425999999999749e-02
-4.151852999999999794e-02
1.129934500000000057e-02
-5.405131700000000150e-02
-1.185246499999999953e-02
-7.213926399999999982e-03
2.039193499999999992e-02
7.119084000000000523e-02
2.520286899999999927e-02
4.007870000000000182e-02
9.652764400000000229e-04
-1.471962599999999954e-02
1.032433900000000009e-02
1.464418900000000016e-02
-6.267535000000000293e-03
7.672515500000000321e-02
2.837034999999999904e-02
-1.557603800000000038e-02
7.766190499999999809e-03
-4.144562799999999825e-02
3.854004300000000299e-02
5.409113699999999747e-02
1.056116099999999947e-02
-2.785458000000000031e-02
3.008302300000000040e-02
4.267449699999999874e-02
-3.059079399999999841e-03
-2.394181999999999907e-02
-2.539550700000000119e-02
5.157393600000000078e-02
-2.360401000000000166e-02
-6.214192999999999800e-02
-2.911310599999999971e-02
-2.029224699999999937e-02
1.887942299999999934e-02
2.929769999999999944e-02
2.691383300000000159e-02
1.089828800000000077e-02
5.754163999999999807e-02
-6.327382500000000576e-02
4.717391700000000271e-02
3.228105600000000242e-02
-3.176532700000000292e-02
5.168234000000000022e-02
-1.251507099999999914e-02
7.736388999999999766e-03
-5.673837999999999798e-02
1.245563300000000068e-02
2.093928100000000056e-02
-6.074166699999999919e-02
-1.369330099999999974e-02
1.779404299999999897e-02
2.250992300000000113e-02
-3.862822999999999951e-02
-2.895265799999999917e-02
3.228961999999999805e-02
1.489378199999999951e-02
-4.495665000000000078e-02
-2.812088999999999908e-02
-2.606823000000000126e-02
8.926942999999999684e-03
-1.546359199999999996e-02
4.081408300000000100e-02
1.629374999999999921e-02
3.013417300000000021e-02
-1.586767700000000017e-02
7.708563999999999694e-02
5.288741999999999749e-02
2.593714699999999807e-03
2.843462999999999893e-02
-4.154491999999999907e-02
7.053761999999999879e-03
-3.620345999999999981e-02
1.706751399999999891e-02
-3.265544000000000086e-02
2.732313600000000134e-02
-1.122244000000000019e-02
5.588476700000000186e-02
-3.973866999999999851e-03
3.246797600000000256e-02
4.601322000000000051e-02
-1.870914200000000152e-02
2.075514399999999968e-02
-2.589571800000000160e-02
-4.246158500000000308e-02
-4.480880999999999753e-02
-2.263392700000000160e-02
-6.657696299999999942e-03
1.039920499999999991e-02
-7.634777600000000608e-02
5.623351399999999833e-02
-5.343421500000000018e-02
-5.278315799999999669e-02
-2.076771000000000172e-02
-4.039170200000000155e-02
5.024917799999999851e-02
-2.086930000000000035e-02
2.299819900000000042e-02
-2.315686299999999975e-02
-6.541763000000000439e-02
3.163836500000000163e-02
-1.047199199999999941e-02
-5.945332299999999889e-03
-2.063721199999999853e-02
2.172166700000000006e-02
-1.578938200000000111e-02
1.651693300000000100e-02
-7.327847600000000385e-03
5.514776600000000518e-04
-6.351890000000000314e-02
4.571864400000000273e-02
1.019125600000000053e-03
-3.412762999999999908e-02
-6.298629999999999507e-02
1.414103400000000024e-02
-4.001994000000000037e-03
4.042153400000000202e-02
4.397639600000000093e-02
1.509540799999999940e-02
-3.634595499999999924e-02
1.942150899999999999e-02
2.977204300000000151e-02
-3.932000699999999710e-02
6.259069600000000122e-02
-2.776554200000000069e-02
-1.679332600000000078e-02
-8.179477999999999749e-02
1.405881699999999949e-02
-3.043314600000000120e-02
-2.581244300000000002e-03
3.525618999999999975e-02
5.177893000000000079e-02
-5.292196999999999873e-02
-2.031968199999999863e-02
-4.186548300000000195e-02
-2.264141899999999943e-02
-1.297518800000000139e-01
-2.690507500000000052e-02
2.184105100000000022e-02
2.737045499999999840e-02
2.981496800000000072e-02
6.755019000000000128e-03
-4.628930199999999745e-02
-4.264808999999999614e-03
2.591332600000000042e-02
-6.908816800000000188e-03
3.271289499999999878e-02
-3.533771000000000134e-02
4.240592199999999867e-02
2.236553999999999973e-02
2.290908399999999970e-02
-1.078488200000000084e-02
2.240425999999999876e-02
-5.714202000000000170e-02
1.484157600000000042e-02
-8.356072399999999465e-04
-7.346883399999999675e-02
8.115061999999999276e-03
8.908093000000000261e-02
-1.184903399999999961e-02
1.934042600000000084e-02
-2.629024000000000204e-03
4.379882999999999693e-02
3.949073000000000166e-02
-2.365295400000000034e-02
-5.726704400000000306e-02
-5.327471000000000290e-02
-1.994722000000000162e-02
3.138591300000000139e-02
-1.150055600000000075e-03
2.286498600000000034e-02
6.107882399999999684e-02
5.722773300000000112e-03
-1.091649800000000017e-02
-5.257467000000000043e-03
5.708624799999999916e-02
2.677632900000000149e-02
2.680646799999999996e-02
2.009899000000000061e-02
2.635654399999999911e-02
2.716861699999999907e-02
2.796279999999999946e-02
7.677930399999999614e-03
4.820614699999999780e-02
6.721099499999999560e-02
2.800576399999999896e-02
3.812051000000000328e-02
5.066069200000000022e-02
-3.252009000000000150e-02
-2.601091700000000145e-02
1.178860799999999947e-03
3.922343300000000199e-02
4.141697300000000276e-02
1.601883600000000157e-02
3.228968399999999905e-02
-2.798184999999999908e-02
-2.890860799999999883e-02
8.311827000000000798e-03
-8.926114000000000617e-03
-1.562617700000000151e-02
-2.691005200000000028e-02
-3.886842000000000075e-02
-2.417186600000000019e-02
1.894192800000000024e-02
-4.424390599999999951e-02
6.319703999999999600e-02
-8.610866000000000353e-02
-6.346573999999999792e-03
-1.860194000000000084e-02
-3.922407299999999819e-02
-2.449729499999999879e-02
5.143364500000000006e-02
1.001073199999999962e-02
1.029076299999999965e-02
-4.580624800000000080e-02
6.091372700000000084e-02
4.127584799999999693e-02
5.263427700000000015e-03
1.697146899999999944e-02
-9.859336999999999268e-03
2.913823200000000002e-02
-2.708740700000000085e-02
2.666013299999999905e-02
-4.531146199999999680e-02
4.853785000000000044e-02
-2.506947600000000026e-03
8.370425600000000466e-02
1.935069400000000162e-02
-4.095772000000000301e-02
4.666345999999999689e-02
-7.245292399999999668e-03
-1.406266299999999955e-02
-9.605103999999999725e-03
1.243402899999999922e-02
-2.973970600000000117e-02
-2.892330099999999848e-02
2.324587700000000159e-02
6.037151000000000149e-03
3.716719999999999746e-02
4.907126400000000332e-02
1.313871500000000046e-02
4.861739300000000180e-02
1.024714950000000027e-02
-4.742672699999999665e-03
-2.802679800000000034e-03
-4.444096000000000157e-02
-5.121675299999999681e-03
-8.314169999999999200e-03
1.448240599999999975e-02
-6.605043500000000282e-03
4.199055599999999833e-02
2.288600799999999935e-02
-1.023060899999999988e-02
5.584792400000000018e-02
-1.084585899999999936e-02
2.803938500000000000e-02
2.303276400000000071e-02
-1.959042399999999864e-02
-3.492107099999999971e-03
8.212571999999999928e-02
3.982618000000000269e-02
1.717656999999999864e-02
7.717883600000000066e-02
-1.274611999999999967e-02
-1.799391599999999869e-02
-1.665786699999999981e-02
-6.215936000000000031e-03
6.195680999999999758e-03
-1.646327399999999996e-02
-7.004963999999999809e-03
1.510111899999999965e-02
1.615056600000000162e-02
-1.916278899999999952e-02
-7.189436000000000437e-02
-8.361897000000000080e-02
2.353001600000000082e-02
-4.709186399999999701e-05
3.416221199999999736e-02
-4.592332600000000042e-02
-1.318989500000000009e-02
-4.565219999999999695e-02
-2.740794599999999900e-02
3.523466399999999887e-02
3.501979599999999887e-02
-2.072285700000000078e-02
1.599767399999999992e-02
-2.107124399999999939e-02
4.069189399999999929e-02
1.674397700000000017e-02
3.278330000000000133e-02
3.467009599999999747e-02
4.178515000000000007e-02
6.788371999999999462e-02
1.310066699999999987e-02
-2.400653000000000162e-02
-9.500387000000000762e-03
1.913465199999999852e-02
8.390315000000000620e-03
-8.949046000000000431e-03
-2.311885199999999876e-02
-5.538442699999999996e-02
-8.202707999999999527e-03
-3.146502400000000116e-02
3.479838700000000007e-02
2.537766500000000064e-02
-1.547963100000000064e-02
1.042970500000000005e-03
9.361467999999999526e-03
-3.549834699999999954e-02
-8.841678999999999858e-03
1.525338499999999951e-02
2.642459199999999848e-03
-1.988010499999999861e-02
-8.363169999999999632e-03
3.062430400000000150e-02
-1.989726500000000078e-02
5.594472999999999807e-02
-2.483105999999999855e-02
-2.371867700000000051e-02
4.809799800000000292e-02
7.013073599999999908e-02
3.059193300000000171e-02
-4.018686700000000112e-02
1.402815599999999996e-02
-7.760468000000000401e-03
-2.004149800000000047e-03
-5.687467999999999690e-02
6.514971999999999734e-04
6.232966999999999674e-02
1.092164800000000081e-02
-4.084646200000000005e-03
-2.875718500000000108e-02
4.973114700000000332e-02
6.211293399999999812e-03
-1.156238599999999915e-02
-3.333050399999999691e-02
5.979418000000000233e-03
1.442100200000000047e-02
-2.297683400000000153e-02
4.405251000000000305e-02
-1.106137400000000055e-02
-2.928083000000000075e-02
-4.601187200000000249e-04
-3.154979299999999959e-02
-2.333831000000000187e-03
9.640331999999999721e-03
7.386682999999999444e-02
-9.956008000000000566e-03
2.358618200000000067e-02
6.961086000000000010e-03
-6.849335500000000403e-03
5.276105600000000062e-02
2.677875199999999942e-02
3.430422799999999911e-02
2.961867500000000056e-02
2.961719999999999978e-02
5.823112300000000269e-02
7.917195000000000352e-04
6.666577999999999393e-02
1.385867200000000070e-02
6.928708399999999878e-02
4.811505600000000327e-02
1.599598899999999865e-02
1.842295000000000044e-02
4.141232499999999636e-03
7.127368500000000329e-02
9.906643999999999335e-05
3.522837999999999664e-02
-1.642496099999999834e-02
4.214745000000000297e-02
-1.754546200000000125e-02
-3.563231000000000037e-02
-1.590990999999999933e-02
-9.145812999999999166e-03
2.079244099999999831e-02
-4.726977599999999599e-03
5.011981399999999864e-02
-3.092997000000000107e-02
-2.368583999999999967e-02
-1.636947500000000139e-02
6.925507000000000191e-02
-2.419109800000000116e-02
1.246032499999999953e-02
-9.295104000000000213e-03
-2.018761999999999987e-02
-3.515631000000000311e-02
-3.105397299999999861e-02
3.929649699999999968e-02
-2.801344999999999877e-02
2.380050300000000063e-02
2.122204600000000135e-02
-1.748441699999999863e-02
3.755011400000000249e-02
-7.460750599999999705e-03
4.131077999999999834e-02
-4.331663300000000022e-02
-5.823503000000000013e-02
2.377885600000000099e-02
7.220408999999999855e-02
1.007022399999999915e-02
1.385147600000000080e-04
-1.704648099999999875e-02
5.041760599999999676e-02
1.070323500000000018e-02
-2.027559500000000042e-02
-1.012106599999999974e-02
3.789230799999999955e-02
-1.887298199999999995e-02
-1.551848649999999948e-02
-1.832303100000000004e-03
8.745502000000000484e-03
1.572614300000000145e-02
2.395194200000000037e-02
-5.126659000000000077e-02
2.032201399999999936e-02
-1.406991500000000055e-02
-5.238283800000000101e-02
1.346692900000000075e-02
6.553952999999999862e-02
-2.895487500000000144e-03
2.460306699999999930e-02
-4.671998000000000123e-02
3.683810299999999704e-02
-2.846271999999999951e-03
-1.264498850000000084e-02
-4.570001399999999714e-02
-3.011221999999999857e-02
-6.208729000000000331e-02
-2.491928599999999796e-03
2.069506800000000049e-02
9.251208000000000348e-03
5.106882000000000088e-02
-1.497684699999999973e-02
-2.890604000000000090e-02
-6.395446999999999937e-02
1.446217299999999961e-03
-2.786454600000000045e-02
-7.020181999999999811e-02
-2.120886599999999983e-02
9.223171000000000494e-03
1.984276000000000095e-02
1.134086800000000048e-02
3.034705999999999862e-02
-1.479548999999999968e-02
-3.367804399999999726e-02
-6.389483300000000157e-03
3.170926000000000300e-02
1.506591000000000007e-02
6.563020499999999702e-02
-3.055915000000000020e-02
-5.875990700000000011e-03
-5.119107999999999818e-03
5.544660600000000245e-02
-3.399216800000000316e-02
-3.326458499999999929e-02
-3.737238999999999839e-02
-1.428860900000000073e-02
1.722285000000000135e-02
4.729987000000000080e-02
-6.974581000000000530e-02
1.634029299999999879e-02
4.929613699999999682e-02
6.679174999999999696e-02
-8.486844000000000332e-03
3.023591999999999860e-03
4.661936299999999873e-03
1.099463300000000018e-02
-2.293738000000000027e-02
-7.763186000000000045e-04
4.860169400000000084e-02
4.430903600000000130e-04
2.558210899999999871e-02
-5.315867400000000298e-02
3.078401999999999875e-02
-2.339219000000000021e-02
-1.005975899999999972e-03
1.382635999999999935e-02
-9.082336999999999355e-03
1.140892500000000032e-02
3.215065999999999757e-02
1.802723100000000120e-02
-8.047461000000000544e-03
1.396617099999999945e-02
1.216638649999999926e-02
-9.306530999999999831e-03
-3.269031899999999807e-03
-4.962426799999999916e-02
2.039702200000000076e-02
-5.999934999999999644e-03
-2.823111199999999918e-02
4.112885299999999821e-03
-3.259547799999999718e-02
-1.216932499999999993e-02
2.463156999999999847e-02
7.405158999999999700e-03
-1.720972499999999863e-02
-2.918593000000000142e-03
3.493099999999999677e-02
-5.979474299999999742e-02
8.910954999999999918e-03
4.434603700000000308e-03
-1.191604100000000048e-02
1.455824300000000023e-02
-2.916208500000000078e-02
-3.830731700000000045e-02
1.247273999999999952e-02
5.066073299999999946e-02
-8.684377999999999542e-03
-5.277578699999999588e-03
3.931237800000000199e-02
-1.556515200000000050e-02
-8.575552999999999648e-02
-2.813128999999999977e-02
3.372735999999999790e-02
1.975910200000000061e-02
8.348566999999999794e-02
-4.266514300000000259e-02
-9.014938999999999591e-03
3.549548799999999865e-03
2.200460400000000052e-02
-3.919475000000000042e-02
-4.599655000000000236e-03
-5.044100299999999815e-03
-1.442410050000000020e-02
-1.946781500000000029e-03
-3.661153500000000061e-02
6.305695000000000050e-02
3.060282400000000069e-02
-2.017679799999999926e-02
3.515096999999999666e-02
-6.394460000000000421e-02
4.600711500000000120e-02
2.881259799999999829e-02
-2.474883799999999870e-02
1.683401099999999942e-02
9.742287999999999989e-03
3.496885300000000113e-02
5.857439999999999869e-02
2.768030800000000069e-02
1.447654900000000001e-02
5.847987000000000324e-02
2.276212700000000005e-02
6.419735999999999498e-02
4.250643800000000055e-02
-1.386374100000000061e-02
2.178468199999999966e-02
-2.174307799999999902e-02
-1.883138200000000068e-02
-6.183272599999999758e-02
1.394353199999999980e-02
5.779531000000000078e-03
2.871995600000000134e-02
-3.434876700000000227e-02
-3.320560000000000178e-02
-9.633588000000000220e-03
-4.785583000000000198e-02
2.185663800000000115e-02
-1.883296900000000149e-02
-1.467374100000000056e-02
4.938787299999999707e-03
3.891471800000000092e-02
-3.134313600000000061e-02
-2.501450499999999938e-02
-3.168071799999999660e-02
-1.937374099999999988e-02
2.042812100000000047e-02
-2.590984899999999869e-02
1.582675199999999949e-02
1.109476799999999921e-03
-2.172334999999999891e-02
-7.452913999999999373e-02
-1.427808000000000029e-03
-7.179800999999999545e-02
-1.439267099999999924e-02
4.712660999999999933e-02
1.992482199999999915e-03
-3.679761299999999985e-02
-1.314388099999999962e-02
2.136736700000000169e-02
-1.092064799999999981e-02
3.297687699999999906e-03
6.696338999999999764e-02
-1.626315899999999925e-02
-6.783276999999999883e-03
-2.980873399999999993e-02
-8.907679499999999681e-03
4.741532999999999859e-02
-5.906841499999999912e-02
