5.790757800000000122e-02
4.554897000000000112e-02
-6.531784999999999675e-02
-1.789838399999999982e-02
3.575819400000000009e-02
5.875260399999999994e-02
2.572336399999999856e-02
2.891739000000000115e-02
1.966624900000000023e-02
2.187908800000000140e-02
4.499948000000000142e-02
7.887599600000000377e-02
2.458941799999999830e-02
-1.855794499999999930e-02
-4.209002499999999619e-03
-3.355599199999999976e-02
2.499552799999999950e-02
5.321420000000000317e-03
-6.159199800000000197e-02
-2.477214000000000152e-02
-2.489145699999999878e-02
-9.676119000000000386e-03
4.451598999999999834e-02
4.439106599999999986e-02
-1.500183000000000072e-02
-5.511104000000000003e-02
-2.627985399999999833e-02
-3.374006599999999911e-02
2.715959600000000113e-02
-8.254877500000000479e-02
3.004041500000000087e-02
-3.693625299999999962e-03
3.200492299999999762e-02
-1.034476999999999966e-02
5.383669600000000333e-02
1.238927700000000062e-02
1.645832900000000071e-02
1.633560499999999957e-02
-3.170668599999999955e-03
-6.644745000000000512e-02
-1.534702500000000025e-02
-2.371095700000000125e-02
1.408720500000000021e-02
3.831779999999999908e-02
-3.560339299999999707e-02
-7.820029000000000563e-02
-1.810298100000000063e-02
1.390240400000000015e-02
-2.182162199999999885e-02
6.303885600000000422e-02
3.902525000000000004e-03
4.564676000000000150e-02
-5.394468000000000353e-03
-9.043775500000000162e-04
-1.448463799999999933e-02
-4.229613399999999912e-02
2.067224600000000089e-03
-1.019150500000000088e-03
6.377536000000000316e-02
-1.102366699999999915e-02
2.662767099999999859e-02
-6.711954000000000531e-02
-7.895675499999999306e-03
-6.345051999999999637e-02
1.715953500000000007e-02
-6.100599999999999773e-02
-1.868586800000000044e-03
-3.360085599999999839e-02
-8.951802600000000054e-02
1.702407400000000015e-02
-4.323322000000000102e-03
5.658551999999999853e-03
-1.946178299999999986e-02
9.272129000000000482e-03
1.964662000000000006e-02
4.147346999999999839e-02
1.089417200000000058e-02
-2.178476000000000024e-02
4.730882499999999879e-02
3.167067500000000230e-02
-4.968407400000000168e-02
-2.671029200000000006e-02
5.044846000000000052e-02
6.921869499999999675e-02
-1.785516200000000081e-02
4.305885000000000268e-02
2.295107199999999945e-02
-4.448048400000000069e-02
-3.732347999999999916e-02
-2.055034600000000058e-02
1.200928400000000063e-01
2.446635399999999919e-02
-1.383656899999999995e-02
2.826575200000000163e-02
9.214366999999999697e-02
-5.604197299999999667e-03
-9.104479999999999518e-02
-1.262552600000000080e-01
3.345854000000000189e-02
3.625372400000000106e-02
-2.562991900000000101e-02
9.373956999999999602e-04
-4.140950399999999976e-02
1.856382000000000171e-02
1.974729299999999910e-02
-1.428901100000000033e-03
6.759364599999999682e-03
-5.911031399999999714e-02
-1.091051999999999994e-01
2.172050600000000053e-02
4.790700600000000198e-02
1.241678499999999963e-02
2.926865999999999843e-02
-3.396621999999999836e-02
-2.999525999999999928e-02
2.293500999999999873e-02
-5.005993699999999880e-02
2.867840400000000109e-02
-2.507035200000000061e-02
3.286984000000000173e-03
3.274733600000000189e-02
8.419590400000000197e-02
-2.752092299999999922e-02
3.927131999999999845e-02
5.606414800000000115e-02
-4.179996300000000248e-02
5.745173999999999594e-03
-2.359817000000000164e-02
-2.417085899999999940e-02
-3.541973400000000046e-03
3.200660999999999784e-02
-4.009221000000000312e-02
1.225324600000000062e-02
3.205117999999999856e-02
-1.261591599999999959e-02
1.667173200000000161e-02
7.518458999999999559e-02
4.078398600000000124e-02
-2.399001599999999942e-02
4.409503599999999718e-02
-2.576668199999999909e-02
-5.929452000000000333e-02
-8.233028000000000568e-02
7.671570400000000088e-03
-4.390533600000000314e-02
-2.165086399999999883e-02
-6.992700000000000131e-03
4.638851000000000085e-02
-4.633579399999999959e-02
-1.971369200000000141e-02
-2.010766599999999973e-02
2.249518600000000035e-03
2.527232700000000068e-02
-4.710852000000000095e-02
-1.188511599999999939e-02
4.009086600000000278e-02
-1.916744999999999907e-02
-2.368400000000000019e-02
4.768745600000000306e-02
6.422217000000000030e-03
6.397185399999999814e-03
-7.142461999999999422e-02
-1.239027200000000078e-02
6.751168000000000446e-02
-6.290885999999999700e-02
-2.614546200000000126e-02
-2.393562499999999857e-02
-6.620407000000000375e-02
1.864694000000000074e-02
-3.497687399999999808e-02
-3.167463499999999960e-02
-6.483392400000000111e-02
-8.863899999999999557e-02
-9.463462999999999736e-02
-8.110525999999999847e-03
9.366131999999999236e-03
-3.786114000000000146e-03
-2.898097399999999962e-02
-5.308593000000000339e-02
9.774062000000000028e-03
7.614302000000000570e-02
-3.594901400000000136e-02
2.697136300000000167e-02
-4.267205300000000145e-02
-3.399893000000000077e-04
4.397954299999999594e-03
1.332538999999999946e-02
6.322977999999999932e-02
3.607802000000000231e-02
5.419749000000000094e-02
-1.151599399999999988e-02
-9.714399000000000298e-03
1.174214999999999938e-03
2.720606299999999908e-02
5.420833400000000038e-03
7.200536999999999910e-02
7.422140300000000350e-03
-2.020924500000000068e-02
3.334095000000000114e-02
-3.213255999999999751e-02
3.116518999999999887e-02
4.250729999999999786e-02
2.763617200000000051e-02
-1.610554200000000047e-02
1.909423199999999918e-02
5.043219799999999753e-02
-1.496564100000000001e-02
-1.840935600000000172e-02
1.555718099999999979e-02
1.449008300000000082e-02
-4.285134000000000165e-02
-6.948862000000000094e-02
-3.040017399999999856e-02
-1.761847199999999961e-02
1.667544199999999865e-02
3.931378600000000334e-02
1.616418999999999842e-02
3.492457999999999674e-02
2.942513500000000157e-02
-6.045860000000000123e-02
4.533954999999999930e-02
2.461074699999999879e-02
-2.893769599999999886e-02
4.996047499999999725e-02
6.879589999999999664e-03
5.776830999999999633e-03
-3.583569500000000074e-02
2.735827700000000029e-02
2.055026199999999970e-02
-5.799141499999999755e-02
-1.121264699999999920e-02
1.352453200000000057e-02
3.275418699999999711e-02
-3.644490000000000229e-02
-1.176163299999999920e-03
4.482344500000000342e-02
1.225739250000000037e-02
-3.177899000000000002e-02
-2.516714999999999924e-02
-3.451633999999999952e-02
2.931509000000000111e-03
7.095467299999999936e-03
4.528698700000000077e-02
1.904930399999999954e-02
3.206211300000000319e-02
-2.329197200000000106e-02
7.247652000000000261e-02
5.275645999999999808e-02
-9.893624000000000168e-03
1.945497699999999830e-02
-5.129997399999999819e-02
-6.451779000000000368e-03
-2.784332399999999916e-02
2.241684500000000121e-02
-2.705616900000000144e-02
3.439575799999999850e-02
-1.856818600000000041e-02
4.037008400000000052e-02
1.017881999999999988e-02
2.918411599999999953e-02
3.159000000000000002e-02
-4.286515500000000027e-03
3.077092199999999916e-02
-4.550817000000000057e-02
-3.686336400000000263e-02
-5.514221600000000084e-02
-3.323386200000000290e-02
-1.585065600000000116e-02
1.546001999999999967e-02
-7.258431599999999595e-02
6.462508999999999615e-02
-3.800995599999999752e-02
-4.244597600000000331e-02
-2.639307400000000161e-03
-1.233748200000000031e-02
2.554858999999999949e-02
-1.786753500000000036e-02
2.036222299999999874e-02
-1.671619300000000072e-02
-3.862366500000000147e-02
4.141266600000000075e-02
8.818129999999999545e-04
-2.642455900000000024e-02
-2.502652299999999844e-02
2.339585699999999907e-02
-1.078528399999999915e-02
1.052932999999999994e-02
4.303638400000000391e-03
-3.216412999999999998e-03
-5.126569999999999738e-02
2.445946599999999915e-02
-1.200012100000000075e-02
-3.581004200000000026e-02
-7.655341000000000229e-02
2.300243500000000163e-02
-6.898589999999999584e-03
5.344850200000000190e-02
3.473314999999999736e-02
-7.931448500000000401e-03
-3.146730999999999834e-02
-1.812477199999999906e-03
1.962109100000000023e-02
-3.771257000000000081e-02
5.415230599999999728e-02
-2.855486600000000166e-02
-1.918240800000000149e-02
-5.494369200000000231e-02
1.716012899999999966e-02
-2.910460999999999951e-02
-1.900006600000000078e-03
4.253144200000000263e-02
4.270881800000000256e-02
-3.079501700000000092e-02
-3.277737299999999854e-02
-3.019070600000000118e-02
-2.549891500000000047e-02
-1.067617299999999991e-01
-1.582938000000000053e-02
2.412490999999999941e-02
1.417085899999999919e-02
2.922788299999999964e-02
8.827533000000000254e-03
-6.160067799999999899e-02
1.637490199999999977e-03
2.648344299999999887e-02
-1.754210499999999881e-02
2.772942999999999936e-02
-1.744838799999999870e-02
2.871706699999999890e-02
8.875851500000000310e-03
1.278953600000000065e-02
-1.814358699999999922e-02
3.273783300000000090e-02
-5.824910500000000241e-02
3.261841599999999904e-03
-1.548441899999999927e-02
-7.532782999999999840e-02
4.139580999999999816e-03
8.108137499999999720e-02
6.068197499999999737e-03
1.076404599999999977e-03
-9.748144999999999727e-03
5.600679699999999706e-02
3.017363899999999863e-02
-2.144189200000000059e-02
-6.189495999999999887e-02
-2.632750400000000157e-02
-3.749786699999999723e-02
2.666618299999999955e-02
5.485296199999999817e-03
3.154050600000000287e-02
4.480920399999999831e-02
3.436631999999999795e-03
-2.655588600000000077e-02
1.053592899999999943e-02
4.039053199999999982e-02
3.528971000000000191e-02
4.614490599999999942e-02
2.913257699999999978e-02
2.171144599999999883e-02
2.886542099999999875e-02
1.247021499999999977e-02
-1.252339599999999914e-02
3.740294000000000257e-02
8.322259999999999380e-02
3.211569000000000229e-02
5.023678399999999961e-02
4.868472699999999709e-02
-5.254937300000000339e-02
-2.438433099999999867e-02
7.807778999999999501e-04
3.528735799999999784e-02
2.738158599999999943e-02
1.987938599999999889e-02
2.919950300000000165e-02
-2.473675599999999863e-02
-3.348712300000000058e-02
-1.722177600000000071e-03
-1.609634199999999959e-02
-1.763955999999999857e-02
-3.499523999999999690e-02
-3.500409399999999949e-02
-8.213497999999999633e-03
3.874393199999999916e-03
-5.443809000000000148e-02
5.262780200000000130e-02
-7.274432999999999594e-02
-7.931987999999999192e-03
-1.539675499999999982e-02
-3.344259000000000120e-02
-2.922395800000000127e-02
4.356116799999999734e-02
6.449102400000000096e-03
2.483642499999999878e-02
-4.561272599999999927e-02
7.289183000000000467e-02
4.525405999999999873e-02
1.237004700000000033e-02
6.394516000000000262e-03
-2.645111500000000074e-02
2.249285599999999857e-02
-3.294323400000000179e-02
1.979281800000000022e-02
-5.509717000000000087e-02
2.403414800000000170e-02
-1.251561850000000066e-02
8.415292000000000605e-02
2.381326300000000118e-02
-6.019263999999999865e-02
4.314912500000000345e-02
4.192083000000000094e-03
-1.585620000000000085e-02
-1.815320000000000128e-02
1.514966499999999966e-02
-4.159070599999999812e-02
-2.305689299999999844e-02
2.125807700000000022e-02
3.405048700000000168e-03
3.022558800000000115e-02
6.280585399999999430e-02
3.107457200000000169e-02
4.916127800000000270e-02
2.910997499999999974e-02
-6.321072999999999970e-03
-1.403286400000000036e-03
-3.741196000000000105e-02
-2.714211899999999927e-02
5.582945399999999884e-03
-4.082091300000000034e-04
-1.566088399999999992e-02
2.562555099999999988e-02
3.199070999999999859e-02
-2.096158999999999870e-02
5.973128199999999666e-02
-2.722679600000000102e-02
1.839119000000000170e-02
2.144430799999999873e-02
-1.768844600000000003e-02
-1.474679899999999967e-02
7.986912000000000178e-02
3.388488700000000242e-02
2.328424700000000097e-02
5.387784500000000060e-02
-1.347551299999999973e-02
-1.667733000000000063e-02
-2.285738000000000006e-02
5.464557999999999569e-03
1.467108999999999948e-02
-1.875434800000000055e-02
-2.881068300000000186e-03
1.006788699999999932e-02
-1.610937800000000113e-04
-9.742943000000000436e-03
-7.032882000000000022e-02
-7.240248000000000517e-02
2.848878100000000121e-02
9.859280999999999254e-03
5.051619599999999932e-02
-4.608554399999999912e-02
-5.752925800000000152e-03
-4.113888999999999740e-02
-1.140051899999999958e-02
4.079226799999999958e-02
3.258880200000000005e-02
-1.027680899999999960e-02
2.589437400000000125e-03
-3.683676000000000311e-02
5.129304999999999976e-02
8.743423999999999641e-03
2.870460799999999951e-02
2.795438000000000089e-02
2.905640799999999885e-02
7.230931999999999638e-02
-1.095888400000000033e-02
-4.062961400000000139e-02
-4.863193699999999835e-03
3.957179999999999725e-02
4.537933000000000071e-03
-1.272938499999999931e-02
-1.573435999999999932e-02
-4.414570300000000141e-02
-1.743522299999999969e-02
-3.538068400000000252e-02
5.272835499999999759e-02
4.703472000000000208e-03
-4.929587000000000031e-03
-4.238564999999999694e-03
1.053919799999999962e-02
-2.855023400000000072e-02
2.351587000000000035e-03
2.491325299999999979e-02
1.229610499999999988e-02
-7.134834999999999962e-03
-7.972457000000000502e-03
2.340883800000000126e-02
-1.207831400000000058e-03
6.954565999999999526e-02
-1.929956899999999906e-02
-1.830111300000000080e-02
4.935578000000000187e-02
7.086430000000000506e-02
3.116434400000000007e-02
-3.121196500000000124e-02
-5.291394999999999953e-03
-1.733168599999999893e-02
6.226372400000000119e-03
-7.360292999999999697e-02
-1.909755900000000050e-03
7.830041999999999558e-02
1.432415750000000029e-02
-4.496540999999999733e-03
-3.378494499999999678e-02
3.864632999999999957e-02
9.531473999999999849e-03
-4.603615800000000063e-02
-1.955965999999999955e-02
-7.603291400000000005e-03
1.661861099999999841e-02
-3.089168999999999943e-02
5.262333000000000288e-02
1.656674300000000009e-03
-1.404141100000000017e-02
-4.005230999999999939e-04
-2.659410200000000141e-02
-4.208177999999999919e-03
1.890272600000000164e-02
7.362741000000000424e-02
-1.517508400000000014e-02
2.840538299999999933e-02
-5.810219299999999816e-03
8.797984000000000013e-03
4.281958599999999976e-02
8.814459999999999656e-03
3.747920300000000260e-02
1.843936200000000081e-02
2.488205200000000172e-02
5.469682800000000289e-02
-5.943746300000000288e-03
6.290592999999999879e-02
9.958567999999999240e-03
5.559336000000000139e-02
3.690879400000000171e-02
-6.774348000000000349e-03
9.655152999999999652e-03
1.699176200000000053e-02
6.220050500000000315e-02
-1.632009299999999906e-03
5.141330000000000205e-02
-2.786982799999999927e-02
3.649702300000000343e-02
-3.965434999999999793e-02
-2.190468799999999855e-02
-3.108945499999999848e-02
-3.007960000000000148e-02
3.157938600000000096e-02
-1.192827599999999981e-02
6.170704199999999667e-02
-3.147637999999999825e-02
-3.230480499999999894e-02
-2.631589999999999971e-02
5.766060600000000314e-02
-3.391726999999999936e-02
1.513917300000000056e-02
-1.631575799999999965e-02
-1.302721800000000013e-02
-2.710083900000000157e-02
-2.982399599999999845e-02
4.092407199999999884e-02
-2.902926999999999938e-02
9.224661000000000319e-03
-1.148098600000000032e-02
-1.489302300000000003e-02
5.050215000000000259e-02
-1.569387100000000160e-02
4.135548000000000002e-02
-2.970582199999999978e-02
-5.782832200000000145e-02
3.159461999999999687e-02
7.118128999999999429e-02
2.457428399999999832e-02
2.555712699999999893e-02
1.249882699999999925e-03
3.533845800000000315e-02
1.129354699999999927e-02
-2.650554000000000104e-02
-1.566290899999999917e-02
1.261327800000000034e-02
-2.654455199999999904e-02
-1.107826200000000018e-02
9.547071000000000723e-03
-5.974058499999999709e-03
4.081073400000000129e-02
2.425929300000000122e-02
-4.364893000000000245e-02
1.563222100000000170e-02
-2.816404999999999950e-02
-5.577882399999999768e-02
3.147428000000000031e-02
5.309872300000000045e-02
-2.154065100000000094e-02
1.499738400000000076e-02
-5.562342299999999823e-02
4.414538999999999963e-02
-7.116708999999999492e-04
-2.276116200000000145e-02
-5.288986500000000118e-02
-4.604060599999999781e-02
-7.098970999999999754e-02
-4.520351500000000314e-03
-1.740117400000000091e-04
-1.318211699999999927e-03
4.041726999999999820e-02
-2.855883000000000033e-02
-2.265318300000000035e-02
-7.711001500000000397e-02
7.698616499999999876e-03
-4.161628700000000181e-02
-5.721724999999999728e-02
-2.649388299999999932e-02
1.301437100000000027e-02
4.461818000000000208e-03
1.938828500000000163e-02
2.480149300000000084e-02
-2.567359599999999992e-02
-4.357621999999999884e-02
-1.709725900000000007e-02
3.561290699999999920e-02
3.427858300000000136e-02
6.099702399999999691e-02
-3.328567699999999963e-02
-3.022430699999999887e-02
1.163137900000000072e-02
4.803853500000000026e-02
-4.687245000000000300e-02
-1.963197800000000132e-02
-3.383729199999999798e-02
-2.526342100000000118e-02
3.394664000000000015e-02
3.395433999999999952e-02
-5.232837800000000178e-02
2.293332099999999957e-02
5.167833699999999780e-02
7.178719999999999546e-02
-1.110704799999999957e-02
1.328711599999999986e-02
-1.471144599999999955e-02
1.369797300000000044e-02
-2.600902999999999896e-02
-9.633331000000000185e-03
5.375300999999999690e-02
2.643171899999999935e-02
4.429541000000000034e-02
-4.842813299999999821e-02
2.623995599999999831e-02
-4.933481299999999820e-02
-5.214764700000000010e-03
1.196920299999999944e-02
-8.991037500000000071e-03
2.270621199999999992e-02
3.652794300000000022e-02
1.679500999999999911e-02
-2.095642500000000075e-02
2.364286200000000060e-02
3.277009000000000172e-02
-2.491858799999999846e-02
4.930556000000000435e-04
-5.903349399999999886e-02
1.134401800000000085e-02
7.811076999999999604e-03
-2.540290400000000046e-02
1.819329999999999906e-02
-2.614861200000000163e-02
-1.124552300000000032e-02
6.718016000000000265e-03
1.082034999999999941e-02
-7.967823000000000613e-03
1.914048200000000076e-03
3.554014999999999952e-02
-6.468292999999999959e-02
1.013064299999999994e-02
1.363119100000000083e-02
3.443241799999999936e-03
3.061677100000000096e-02
-3.597860800000000220e-02
-1.865877200000000055e-02
1.837066199999999941e-02
3.261243999999999948e-02
-1.672232200000000127e-02
1.124385699999999946e-02
4.007936000000000137e-02
-1.811663000000000162e-02
-8.945346599999999537e-02
-4.600792799999999655e-02
3.952347999999999972e-02
5.051904000000000117e-02
9.856614499999999390e-02
-1.716028299999999840e-02
-1.650069700000000167e-02
1.909360499999999961e-02
7.755303300000000385e-03
-4.039374999999999910e-02
-9.427388999999999561e-03
-1.732045800000000038e-02
-2.105221300000000018e-02
4.442287599999999829e-03
-2.239058500000000104e-02
4.184501999999999666e-02
2.248477000000000114e-02
-2.335762799999999834e-02
3.585415299999999972e-02
-6.291892999999999792e-02
3.643362599999999674e-02
4.366965999999999903e-02
-1.661938599999999988e-02
2.105667799999999881e-02
6.489955999999999850e-03
3.042755800000000038e-02
3.496276000000000245e-02
2.824592800000000001e-02
2.327826200000000095e-02
5.076507000000000241e-02
1.161704900000000082e-02
6.348655000000000270e-02
3.026406499999999972e-02
-6.911078999999999660e-03
2.105809700000000131e-02
-2.129131600000000110e-02
-2.940341499999999872e-02
-4.001280699999999746e-02
1.994907099999999878e-02
5.929133999999999967e-03
1.659665999999999919e-02
-4.435213699999999981e-02
-3.814668200000000120e-02
-2.983322100000000091e-03
-4.245947299999999758e-02
9.385456000000000354e-03
-3.895604999999999901e-02
-1.009624899999999985e-02
1.346530200000000017e-02
5.584133000000000152e-02
-2.499126800000000051e-02
-2.363946100000000050e-02
-2.716605000000000061e-02
-1.310529099999999982e-02
2.006756700000000143e-02
-2.703955599999999931e-02
3.519644000000000245e-02
1.399407800000000007e-02
-3.762995499999999965e-02
-5.683892200000000006e-02
7.675645000000000037e-03
-5.463250399999999840e-02
-7.094651000000000429e-03
4.857966999999999841e-02
4.807549500000000108e-03
-4.063546299999999667e-02
-1.917879100000000059e-02
3.635905700000000018e-02
-7.535377999999999694e-03
1.824650400000000020e-02
6.674244999999999484e-02
-3.459013600000000049e-02
-8.534647500000000844e-03
-5.683614000000000027e-02
4.632311000000000067e-03
5.607189600000000301e-02
-6.010356499999999769e-02
