6.994311500000000015e-02
3.047673399999999838e-02
-6.025511399999999851e-02
-1.320496500000000080e-02
-1.669816400000000102e-03
5.378439299999999978e-02
4.985429000000000423e-03
1.525987099999999951e-02
-3.732237299999999897e-03
9.241134999999999280e-03
3.124777399999999900e-02
8.852859999999999896e-02
1.322645100000000018e-02
3.311317800000000006e-02
1.327854499999999924e-02
-8.757363000000000647e-03
5.348626000000000075e-02
2.482918799999999857e-02
-2.201076600000000105e-02
-5.338579799999999820e-02
-4.180551999999999879e-02
-5.437246500000000350e-03
-5.673578999999999775e-03
-1.244431600000000041e-02
-9.331354999999999511e-03
-5.573527999999999816e-02
-1.615854200000000143e-02
-7.511257999999999824e-02
1.353077100000000046e-02
-6.527696500000000623e-02
5.153554999999999942e-02
6.770122000000000639e-02
2.131345999999999935e-02
-2.326049700000000151e-02
4.921331300000000158e-02
2.154691699999999877e-02
-5.825641999999999800e-03
8.830308999999999728e-03
3.669670199999999771e-02
-7.571503499999999998e-02
-1.968896500000000098e-03
-2.323439500000000144e-02
1.084517899999999993e-02
2.531786000000000106e-02
-2.817894300000000143e-02
-7.843611999999999806e-02
-2.821390899999999882e-02
3.606310599999999929e-03
-2.303588599999999847e-02
5.709725999999999690e-02
2.175774200000000005e-02
1.202020049999999972e-02
-4.604255399999999943e-02
1.375179300000000000e-02
-2.931948200000000088e-02
-6.620679999999999621e-02
-3.249549999999999661e-02
-2.404366999999999963e-02
4.029550400000000282e-02
-2.353987800000000019e-02
-2.137529400000000128e-03
-7.030801999999999885e-02
4.814310000000000117e-02
-5.206051999999999902e-02
2.934944299999999937e-02
-5.398838999999999722e-02
-2.209765500000000077e-02
-6.269172800000000212e-03
-7.918060999999999849e-02
3.538906599999999680e-02
-4.953087000000000115e-03
2.171613600000000047e-02
-6.243252999999999824e-03
1.708590999999999929e-02
-2.398291599999999996e-02
1.114063700000000011e-02
-4.853895000000000431e-03
-2.641061100000000050e-02
1.825632900000000169e-02
1.733952000000000063e-02
-5.322541299999999920e-02
-6.722412500000000263e-03
2.688337899999999892e-02
3.667919000000000040e-02
-2.319194200000000011e-02
5.819592600000000199e-02
3.046573699999999968e-02
-7.814915000000000403e-03
-3.478430200000000305e-02
-1.387210699999999984e-02
1.515464499999999992e-01
9.606888500000000664e-03
7.851571999999999371e-03
5.766849000000000107e-03
5.454289999999999833e-02
-2.339559199999999978e-02
-9.944851000000000385e-02
-9.863094999999999501e-02
3.071862599999999888e-02
7.847466000000000858e-03
4.535848700000000115e-03
-1.276104699999999932e-02
-2.653894999999999865e-02
-5.562649999999999713e-03
5.138876700000000186e-02
1.092255599999999993e-02
-2.221929000000000091e-03
-6.487204000000000581e-02
-8.267618000000000189e-02
2.827384499999999884e-02
6.016160999999999731e-02
2.147260000000000141e-02
1.559870600000000038e-02
-2.446018299999999993e-02
-3.479439399999999932e-02
-1.642788599999999918e-02
-1.573870499999999867e-02
2.119889999999999969e-02
-3.037774700000000008e-02
8.491960999999999260e-03
3.521934499999999912e-02
6.775063000000000613e-02
-1.335593599999999924e-03
6.087868300000000288e-02
4.068890599999999691e-02
9.602997999999999743e-03
8.142373499999999362e-03
-4.538079700000000050e-02
-2.580364799999999847e-02
-2.942165400000000194e-03
4.984298999999999674e-02
-2.095747400000000024e-02
-2.995252999999999804e-03
1.575328599999999829e-02
-2.408127700000000163e-02
-1.880590300000000012e-03
7.208840499999999429e-02
-4.148536999999999884e-03
-1.797142399999999973e-02
4.303553000000000239e-02
-2.315661999999999929e-02
-2.809058700000000020e-02
-5.072025599999999829e-02
4.348820500000000373e-03
-2.580637499999999945e-02
-4.619857299999999972e-02
1.092676300000000079e-02
4.509503000000000122e-02
2.874167299999999883e-02
-1.246828399999999962e-02
-2.850097999999999868e-02
-1.935162799999999919e-02
4.374405399999999750e-02
-2.520404000000000047e-02
-3.032980999999999872e-02
7.051522999999999819e-02
3.293341000000000324e-02
-2.628943699999999883e-02
2.674691400000000011e-02
-1.760730500000000018e-02
4.477913299999999874e-02
-6.618024000000000129e-02
-1.831280999999999881e-02
3.379723800000000028e-02
-2.788850500000000093e-02
-3.295077800000000001e-02
7.364551000000000430e-03
-3.100373000000000018e-02
3.226371000000000100e-02
-4.914093999999999927e-03
-5.316562999999999845e-02
-7.263377999999999501e-02
-6.247972699999999879e-02
-7.051311999999999858e-02
1.020708900000000079e-02
2.927441500000000155e-02
-4.011627999999999722e-03
-2.632466899999999846e-02
-4.703655999999999809e-02
-1.674493399999999951e-02
4.620470000000000133e-02
-2.549648100000000139e-02
3.644747000000000264e-02
-5.355943700000000141e-02
-2.049143199999999866e-03
-1.359740899999999954e-02
3.038366899999999857e-02
3.662640999999999813e-02
3.055725000000000108e-02
4.757002999999999926e-02
9.651530499999999915e-03
-2.520816799999999955e-02
-2.704443000000000125e-02
2.973343200000000061e-02
-5.359535599999999678e-03
7.429447999999999608e-02
5.141149299999999908e-03
-1.717087000000000127e-02
-2.472216299999999839e-02
-3.638284299999999805e-02
3.391956499999999874e-02
6.033336699999999886e-02
2.534149399999999913e-02
-2.442815900000000137e-02
-1.388505299999999963e-02
6.423246999999999984e-02
-1.360780200000000044e-02
-2.682023099999999993e-02
2.145077100000000042e-02
3.365460800000000252e-02
-5.308175500000000130e-02
-6.744178400000000462e-02
-3.115160999999999972e-02
-1.335060400000000029e-02
1.575171200000000105e-02
2.899942700000000123e-02
2.520882899999999857e-02
2.923824800000000140e-02
5.498983999999999817e-02
-6.076974000000000264e-02
4.541554300000000266e-02
2.963798399999999830e-03
-4.588434499999999999e-02
4.170981399999999784e-02
-1.129392400000000032e-02
5.841749700000000052e-03
-7.220051399999999342e-02
2.245638999999999968e-02
3.480395299999999859e-02
-5.717872999999999706e-02
-2.266905799999999888e-02
1.702789000000000039e-02
2.932824200000000089e-02
1.879324099999999959e-03
-5.149862000000000190e-02
7.177261600000000089e-03
4.425386700000000229e-02
-5.010315399999999697e-02
-1.378147100000000000e-02
3.577184000000000071e-04
-1.074543399999999989e-02
6.381699299999999894e-03
2.934414299999999962e-02
-1.488003100000000016e-02
1.781133000000000022e-02
-9.996866999999999559e-03
6.424011999999999778e-02
4.025365399999999982e-02
-1.502009950000000003e-02
1.167143099999999947e-02
-1.070603200000000074e-02
-2.126377600000000159e-02
-3.982228799999999735e-02
5.721213000000000166e-03
-4.900529599999999680e-02
2.048505999999999938e-02
2.921281200000000119e-02
4.077047000000000310e-02
-5.508313400000000061e-03
3.751423399999999960e-03
4.301153499999999658e-02
-3.665717000000000281e-02
3.172183199999999929e-03
-2.918680599999999917e-02
-3.242176399999999875e-02
-7.459941000000000488e-02
-1.196548699999999991e-03
4.999339600000000418e-03
1.084579800000000024e-02
-3.932611999999999913e-02
3.924631700000000278e-02
-3.069347099999999995e-02
-5.041553000000000007e-02
-2.236840500000000093e-02
-1.729272999999999921e-02
4.708456200000000341e-02
-2.042189399999999946e-02
2.867562300000000078e-02
-3.267939999999999734e-02
-4.924623000000000195e-02
4.693237699999999735e-02
-6.146951999999999798e-03
2.702423099999999839e-03
-3.302183399999999991e-02
2.251166500000000015e-02
-1.294006099999999923e-02
-7.965049000000000087e-03
-1.521747399999999993e-02
-3.726219499999999969e-03
-6.109833700000000256e-02
4.888544200000000117e-02
2.610907300000000000e-02
-3.345652300000000190e-02
-5.359527499999999778e-02
2.537048600000000112e-02
8.889879699999999642e-04
4.316815699999999867e-02
6.756475000000000675e-02
-5.490918999999999661e-02
-4.595288299999999992e-02
-1.966358599999999852e-03
2.723961499999999827e-02
-5.378187999999999719e-02
3.841804699999999684e-02
-3.252640999999999866e-02
6.062376999999999870e-03
-2.905193000000000011e-02
3.017637000000000097e-02
-3.675148300000000146e-02
1.151371200000000060e-02
2.258603600000000031e-02
3.512510700000000263e-02
-3.526484199999999763e-02
-1.148437100000000016e-02
-5.234192000000000011e-02
-1.684544400000000108e-02
-1.435877200000000020e-01
-2.752601199999999901e-02
4.057851800000000092e-02
1.659806999999999949e-02
1.261484250000000085e-02
2.124184399999999931e-02
-2.692633700000000158e-02
9.618510000000000254e-03
1.010814800000000083e-02
-2.172546499999999936e-02
1.839769600000000158e-02
-4.966905300000000294e-03
4.169577000000000006e-02
-4.629130000000000397e-03
2.789943699999999915e-02
-3.345402699999999729e-02
4.633426999999999685e-02
-3.334713400000000050e-02
1.798338799999999946e-02
-2.306500700000000195e-03
-5.028399499999999800e-02
1.895516699999999846e-02
8.400045000000000428e-02
-1.890735200000000010e-03
1.281259899999999917e-02
2.711599300000000143e-02
5.576021600000000134e-02
1.872347699999999879e-02
4.211119400000000283e-03
-6.042533700000000257e-02
-5.007011000000000100e-02
-7.764003700000000029e-03
1.380084300000000014e-02
-7.307145699999999938e-03
3.610201600000000066e-02
7.440478999999999843e-02
-4.713184999999999944e-03
-6.265483999999999984e-03
-1.134371500000000074e-02
5.147247800000000206e-02
1.935586699999999882e-02
2.949569700000000128e-02
3.917426200000000136e-02
1.124796800000000055e-02
4.601749599999999801e-03
7.158983500000000444e-02
1.426884200000000033e-02
4.216798000000000074e-02
6.593685600000000202e-02
2.061863800000000163e-02
6.275843999999999867e-02
5.254835000000000061e-02
-4.819434000000000044e-03
-2.590798000000000059e-02
4.536616600000000247e-04
4.416874999999999968e-02
3.024057700000000112e-02
1.232657799999999949e-02
2.440354800000000060e-02
-2.438198600000000132e-02
-2.830783300000000099e-02
6.999466000000000195e-03
-2.189760099999999918e-02
-1.377162149999999925e-02
-2.437044199999999824e-03
-4.316123200000000076e-02
-2.220743099999999970e-02
4.538018999999999907e-03
-1.798022399999999951e-02
7.248790600000000472e-02
-1.068046799999999991e-01
6.391612300000000177e-03
-4.052969000000000016e-02
-2.520301200000000033e-02
-2.372856799999999849e-02
4.697178300000000306e-02
-7.513256999999999748e-03
1.464385399999999955e-02
-4.248720999999999748e-02
4.906516500000000086e-02
4.623051999999999717e-02
-1.374344800000000012e-02
9.040579999999999450e-03
-2.931946900000000078e-02
3.145246200000000047e-02
-8.139955000000000801e-03
2.685726999999999906e-02
-4.535718999999999862e-02
4.065076599999999790e-02
-1.985271599999999942e-02
7.645396999999999610e-02
5.063533999999999743e-03
-5.180582400000000032e-02
5.570868799999999926e-02
-1.295615500000000045e-02
-1.867760499999999990e-02
-3.873412999999999856e-02
-2.135974399999999995e-02
-5.766619399999999701e-02
-2.907012999999999958e-02
4.056086400000000203e-02
6.310227300000000386e-03
4.532156500000000116e-02
5.447014399999999812e-02
2.388453899999999977e-02
6.260132000000000196e-02
4.508129999999999776e-02
-2.530739900000000039e-03
-2.385879700000000103e-02
-4.805932999999999733e-02
-6.073923299999999838e-03
-5.611744999999999581e-03
2.608190300000000003e-02
-1.641429800000000078e-02
2.727436800000000022e-02
1.452249599999999932e-02
-3.171019600000000299e-02
7.578661999999999899e-02
-1.458908199999999974e-02
5.502904599999999813e-02
4.580565999999999804e-02
-1.511481200000000004e-02
-2.940273800000000118e-02
6.238470200000000021e-02
4.548776499999999945e-02
2.779392699999999952e-02
7.544177000000000521e-02
-2.333912999999999960e-02
-1.817966600000000058e-02
-2.221375700000000064e-02
-4.977128499999999671e-03
-5.533569999999999808e-03
1.006866300000000027e-02
-2.055629499999999873e-02
1.556718099999999938e-02
-1.683457800000000022e-03
1.157294199999999926e-02
-3.507019000000000108e-02
-8.133267600000000652e-02
5.137026299999999934e-02
1.108425300000000051e-02
1.040858199999999956e-02
-1.676868499999999845e-02
-8.998146999999999743e-03
-7.163200000000000123e-02
-4.051885600000000066e-03
7.732633499999999778e-03
2.602653400000000047e-02
-4.476578500000000238e-02
8.954292000000000848e-03
-3.448003000000000179e-02
4.334120000000000333e-02
4.656022800000000211e-02
3.123794300000000065e-02
4.737635700000000089e-02
2.500487499999999932e-02
7.151332999999999995e-02
1.512645200000000030e-02
-4.051115000000000271e-02
-1.299591699999999919e-02
3.877296300000000057e-02
1.786434799999999865e-02
4.614421999999999968e-03
-6.441583399999999994e-03
-3.632120800000000066e-02
-2.282901099999999975e-02
-2.561228200000000010e-02
1.476219949999999989e-02
3.288455300000000126e-03
-8.213687000000000765e-03
1.323831399999999929e-02
2.596949800000000058e-02
-3.919554999999999914e-03
-1.687505499999999992e-02
2.265624299999999952e-02
3.845264399999999850e-03
-1.701789299999999922e-02
-2.034100100000000091e-02
2.159619100000000069e-02
-1.028750900000000024e-02
6.017900999999999806e-02
-1.607526499999999831e-02
-3.621500999999999887e-02
6.276566999999999563e-02
5.963468599999999925e-02
3.427854600000000002e-02
-2.705194600000000033e-02
-3.629109300000000343e-02
-4.080879999999999924e-02
-3.035722000000000138e-04
-6.414978999999999820e-02
-2.093273799999999935e-02
2.939331900000000108e-02
1.313191399999999974e-02
6.866874000000000242e-03
-3.745705299999999710e-02
2.144031999999999882e-02
6.101231000000000362e-03
-3.971984600000000309e-02
-2.549374500000000168e-02
-1.627576700000000001e-02
1.014284199999999914e-02
-3.041260999999999964e-02
2.260403000000000065e-02
8.161316000000000057e-03
-3.253591799999999701e-02
-1.002673200000000001e-02
-2.388228999999999960e-03
1.798647299999999935e-02
1.036190000000000028e-02
8.015506000000000020e-02
-1.293766000000000013e-02
2.717362699999999881e-02
1.284081500000000021e-03
1.199100099999999940e-02
5.024161199999999800e-02
4.104958000000000218e-02
3.273194000000000103e-02
3.038775399999999946e-02
5.972882399999999981e-02
5.908642299999999903e-02
-1.103765049999999928e-02
5.986111999999999683e-02
1.196295399999999960e-02
5.172477000000000324e-02
4.186104200000000108e-02
-4.906566000000000226e-03
2.341418500000000055e-02
3.349211800000000128e-02
4.945007700000000200e-02
9.897958999999999577e-03
7.002008999999999317e-02
-4.151845700000000167e-02
3.496227799999999941e-02
-3.782118999999999759e-02
-2.215654800000000160e-02
-4.630406000000000105e-02
-2.050964900000000132e-02
2.115172699999999864e-02
-3.027285799999999971e-02
3.918859400000000021e-02
-2.213643300000000050e-02
-1.466504499999999982e-02
-2.036798700000000059e-02
5.248448599999999686e-02
-3.511154999999999832e-02
1.213578400000000015e-02
-1.907261000000000026e-02
-4.202483600000000291e-02
-2.258932799999999880e-02
-1.531337399999999939e-02
5.104527999999999843e-02
-9.483959000000000139e-03
1.563169000000000017e-02
1.236050099999999943e-02
-4.704045500000000185e-02
3.776975300000000313e-02
-2.269339199999999973e-02
2.179972000000000160e-02
-3.021302600000000046e-02
-7.349999000000000116e-02
1.186277399999999954e-02
1.798059000000000116e-02
2.402530199999999838e-02
-1.801166100000000173e-02
-3.248374999999999874e-02
2.101373900000000003e-02
1.771077000000000068e-02
-7.271364300000000315e-03
-2.003225900000000018e-02
3.444532000000000149e-02
-1.963155200000000003e-02
-1.982948000000000002e-03
-1.674858699999999881e-02
1.639637500000000123e-02
6.985540499999999889e-03
1.823839699999999994e-02
-3.994290000000000340e-02
5.824337500000000001e-02
-3.352995599999999965e-02
-3.634878600000000098e-02
2.709975300000000073e-02
3.237898300000000007e-02
1.923823699999999831e-02
3.605694999999999734e-02
-2.354242700000000119e-02
5.536300999999999722e-02
-3.089643699999999903e-04
-4.022333000000000158e-02
-5.480255199999999743e-02
-2.758239200000000071e-02
-5.357238000000000278e-02
-3.289317299999999777e-02
-3.247764700000000011e-03
-8.919303999999999427e-03
2.198779999999999832e-02
-2.704480299999999920e-02
-5.040783399999999859e-02
-7.351156000000000357e-02
-3.687985600000000252e-02
-4.401442400000000338e-02
-8.139815999999999718e-02
5.714562700000000092e-03
-3.802145600000000035e-03
2.739014799999999958e-02
-1.384543100000000006e-02
2.873576000000000082e-03
8.410018999999999481e-03
-4.821890599999999888e-02
4.440017999999999569e-03
4.111845000000000083e-02
2.285004599999999973e-03
6.895705000000000584e-02
-3.968064500000000050e-02
5.134572999999999915e-03
-1.220176000000000073e-02
7.067371999999999543e-02
-2.341767800000000080e-02
-4.615787999999999835e-02
-5.227926699999999732e-02
-4.177521000000000012e-02
3.901807000000000192e-02
1.741211499999999884e-02
-3.758762400000000004e-02
2.849377999999999980e-02
4.772192199999999995e-02
7.364827000000000179e-02
1.752114499999999839e-02
-1.862647400000000050e-02
-8.151393999999999307e-03
7.209214000000000247e-03
-4.824856000000000283e-02
5.118190300000000428e-03
4.392611200000000327e-02
1.707893200000000153e-02
3.107151999999999831e-02
-6.777152000000000176e-02
1.899757200000000076e-02
-2.374882999999999855e-02
-2.596523200000000128e-02
1.744606300000000124e-02
-4.198231999999999658e-02
-7.595825500000000230e-03
-1.164802499999999935e-02
2.295814499999999925e-02
-2.516233000000000011e-02
-2.220253000000000157e-03
6.778687999999999728e-03
-1.392406299999999998e-03
1.256321900000000004e-03
-9.011979999999999991e-02
-5.137104499999999713e-03
-1.118168599999999971e-02
-5.106479700000000205e-02
3.629822700000000235e-02
-2.135890199999999906e-02
3.639779300000000207e-03
1.413635350000000054e-02
-4.862660500000000156e-03
-3.820223700000000000e-02
2.053108999999999837e-02
2.208669300000000099e-02
-5.254781599999999719e-02
-5.360159599999999962e-04
4.053116999999999831e-02
2.253176800000000063e-02
2.858567199999999947e-02
-4.147817000000000170e-02
-9.328160999999999745e-03
-8.552142000000000424e-03
6.190724000000000227e-02
-1.635161599999999937e-02
-3.011385199999999998e-02
2.169320500000000013e-02
1.052955099999999984e-02
-8.120776000000000383e-02
-2.717167499999999930e-02
4.660858999999999835e-02
3.172109099999999814e-03
1.060596600000000000e-01
-2.645631099999999972e-02
7.102557500000000398e-03
-1.438817899999999921e-02
1.965008099999999980e-02
-3.112598299999999943e-02
-7.621634300000000063e-03
-4.901090599999999992e-02
-2.433613000000000096e-02
-5.102582300000000140e-03
-1.756764599999999926e-02
5.193621699999999980e-02
4.709523999999999655e-02
-7.995518999999999543e-03
8.912378000000000314e-03
-6.733850399999999348e-02
2.725846499999999908e-02
2.572623799999999850e-02
-4.452568700000000129e-02
-3.060970699999999902e-03
2.108277799999999993e-02
3.816449599999999914e-02
4.405909000000000214e-02
2.101904200000000167e-02
-1.285121499999999917e-02
3.399435800000000230e-02
2.837912700000000052e-02
4.690557000000000060e-02
4.476658299999999868e-02
7.107692999999999997e-03
5.278428599999999971e-02
-2.621976700000000146e-02
-2.445507599999999920e-02
-3.963429999999999731e-02
2.064318000000000056e-02
8.886201999999999296e-03
2.095032000000000144e-02
-2.863940400000000025e-02
1.319037500000000071e-03
8.168720000000000842e-03
5.618369699999999599e-03
1.230005550000000045e-02
-3.492991299999999993e-02
-3.298314000000000107e-02
2.313496199999999850e-02
4.804071000000000036e-02
-3.142795300000000153e-02
-5.732371000000000211e-04
-4.589764400000000133e-02
-3.500782000000000199e-02
3.546744000000000285e-02
-1.374931400000000033e-02
3.785885499999999682e-02
1.598605700000000143e-02
-5.018447699999999817e-02
-5.108319199999999949e-02
-1.414547700000000005e-02
-3.958472600000000063e-02
4.120573000000000096e-04
4.763382699999999664e-02
5.305533799999999703e-03
-9.804478000000000151e-03
-2.771454300000000120e-02
1.834599500000000036e-02
-1.092860099999999959e-02
1.115808199999999972e-02
9.433263499999999802e-02
-4.913368999999999896e-03
-1.794437700000000094e-02
-3.009496600000000077e-02
2.224997600000000117e-02
4.965522499999999728e-02
-1.496174299999999957e-02
