6.420068399999999398e-02
2.972279499999999977e-02
-3.897888199999999942e-02
-3.288027999999999784e-02
-2.866471199999999844e-02
3.172968300000000158e-02
2.193741899999999967e-02
2.644667200000000093e-02
3.141267999999999838e-02
2.815014500000000142e-02
7.610851400000000211e-03
4.286768700000000154e-02
3.715214000000000016e-02
6.174178400000000094e-02
8.059296999999999989e-03
1.791941699999999998e-02
2.395253400000000102e-02
7.960883500000000279e-02
-6.151618799999999943e-02
-4.256449300000000185e-02
-2.863428200000000048e-02
8.259703000000000184e-03
4.762960600000000315e-03
-1.906321999999999878e-02
2.653584399999999940e-02
9.374361499999999195e-03
1.851940200000000078e-02
-8.540026000000000561e-02
1.073156949999999957e-02
-4.319850399999999868e-02
2.324587499999999918e-02
4.729483300000000140e-02
2.630090499999999942e-02
-1.245159099999999970e-02
1.337206099999999932e-02
2.439418200000000037e-02
-3.683796999999999766e-02
-1.277521400000000001e-02
6.634809499999999929e-03
-7.812615500000000268e-02
1.200265499999999923e-02
-1.489898100000000038e-02
-4.510233599999999982e-02
5.004150400000000054e-02
-3.632359000000000282e-02
-3.307166999999999746e-02
-2.091159100000000021e-02
1.285437099999999985e-02
-5.335011700000000245e-02
2.319263900000000100e-02
3.906075999999999993e-02
3.436769499999999672e-02
-2.922721600000000031e-02
-6.453531299999999866e-03
-7.973849999999999341e-03
-2.134631600000000060e-02
-2.187735400000000163e-02
-4.184344799999999837e-02
2.528343200000000152e-02
-2.731269200000000213e-03
-1.459072800000000072e-02
-2.623326299999999972e-02
2.772807099999999997e-02
-2.048905800000000096e-02
1.929065199999999841e-02
-5.365545699999999668e-02
2.480374800000000046e-02
9.351391000000000564e-03
-8.463242999999999461e-02
4.816575000000000023e-02
-1.409597299999999949e-03
3.852359600000000023e-02
-9.392342999999999179e-03
8.234079999999999525e-03
-7.581146999999999886e-03
6.256573399999999785e-03
-3.219710700000000259e-02
-2.227014100000000024e-02
4.311809300000000317e-02
4.371730000000000060e-02
-5.625159300000000251e-02
-2.654914400000000022e-02
2.585781200000000085e-02
3.789799500000000116e-03
-2.702882900000000074e-02
3.599677200000000327e-02
6.745734999999999926e-02
-1.682818900000000034e-02
-2.444359700000000094e-02
-1.897607200000000008e-02
1.478187099999999921e-01
1.458109800000000067e-02
1.240651099999999984e-03
-2.499672999999999999e-03
9.508387000000000089e-03
-4.660446999999999854e-03
-6.966637999999999997e-02
-7.909728000000000592e-02
1.117724099999999922e-02
1.922258500000000037e-02
1.471530300000000076e-04
-8.985359999999999528e-03
-3.291035999999999961e-02
1.102452500000000030e-02
4.311817999999999901e-02
2.048106499999999969e-02
5.774702399999999750e-03
-6.576896499999999868e-02
-9.484072999999999809e-02
8.992336999999999553e-03
1.470791299999999954e-02
5.128185700000000187e-03
1.137950599999999930e-02
-1.966647599999999871e-02
-4.816001699999999941e-02
-4.149900699999999748e-02
-2.186317600000000153e-02
-7.394842999999999902e-03
3.030788999999999879e-03
-2.358130699999999927e-02
3.209939199999999743e-02
9.509758999999999574e-02
-6.506116000000000156e-03
9.704080999999999818e-03
5.805144500000000013e-02
3.562902700000000061e-02
-4.755627400000000254e-02
-9.245721000000000148e-03
-7.020039000000000140e-02
-7.119438599999999839e-03
2.284475600000000078e-02
-4.653527600000000042e-02
-9.719501999999999656e-03
2.673299599999999845e-02
-3.929043200000000013e-02
-2.434420400000000123e-02
6.963859499999999758e-02
-9.329217000000000759e-03
2.284841599999999986e-02
-3.948588400000000408e-03
-3.090417999999999984e-02
-5.235908599999999913e-02
-6.014677499999999954e-02
2.671405099999999908e-02
-1.357107100000000052e-02
-4.039948399999999940e-02
4.927037000000000083e-02
4.777902700000000169e-02
3.360860000000000236e-02
-4.820565700000000418e-03
-2.252530299999999999e-02
-3.240618600000000002e-03
3.478978600000000310e-02
-7.432818400000000027e-03
-1.556737799999999977e-02
2.924085200000000120e-02
-2.765116600000000081e-05
-4.345422200000000068e-02
1.595562700000000000e-02
-3.155733000000000149e-02
4.329787599999999903e-02
-9.892270999999999703e-02
-1.716361799999999854e-02
4.545142499999999669e-02
-3.050169999999999965e-02
2.330239899999999881e-03
-1.091195600000000043e-02
-6.158003199999999983e-02
-1.766131599999999982e-02
7.046297699999999782e-03
-4.990973700000000263e-02
-4.344736400000000220e-02
-5.840566400000000297e-02
-1.253303050000000030e-02
1.924611000000000030e-02
5.434983000000000175e-02
3.198816599999999843e-02
-1.428590599999999926e-02
-4.972678800000000093e-02
2.182281399999999941e-02
6.006517000000000106e-02
-3.169610399999999925e-03
1.582652000000000017e-02
-4.279390999999999751e-02
9.321536000000000058e-03
-2.306200200000000158e-02
-1.796136799999999839e-02
-2.860614499999999949e-02
5.280899000000000010e-02
3.954279000000000127e-02
1.518420099999999960e-03
-5.075993499999999735e-03
1.205166099999999997e-02
8.217765999999999960e-02
-1.286420199999999993e-03
7.144188999999999401e-02
3.959554800000000124e-02
-1.625993499999999967e-02
-3.805364299999999811e-02
-4.147549700000000006e-02
4.093090399999999712e-02
7.097143000000000201e-02
-1.990348499999999854e-02
-1.635338199999999964e-02
7.066122700000000006e-03
4.750763000000000208e-02
-2.393435000000000007e-02
-1.322103500000000077e-02
3.532190200000000224e-02
3.752023000000000164e-02
9.711432000000000744e-03
-3.223393000000000091e-02
-5.298959000000000308e-02
3.374609399999999905e-03
1.165892600000000001e-02
2.256693099999999841e-02
2.796880200000000094e-02
-5.670662499999999662e-03
6.063981400000000022e-02
-2.821649600000000063e-02
5.039500000000000229e-02
-1.564185699999999860e-02
5.456866999999999794e-03
2.327317400000000064e-02
-5.030273499999999773e-03
-4.002366600000000136e-04
-8.779884999999999773e-02
-3.845443199999999673e-02
1.364418499999999965e-02
-6.483514999999999417e-02
1.580141599999999955e-03
1.481442799999999928e-02
9.419122999999999732e-03
1.577762900000000135e-02
-4.983286600000000344e-02
2.228839100000000115e-02
5.653458499999999831e-02
-3.729455500000000007e-02
-1.282275299999999923e-02
-7.884385000000000698e-03
-1.878642300000000001e-02
1.548709000000000023e-02
3.589611499999999927e-02
-6.420011599999999978e-03
8.275945999999999303e-03
-3.368414000000000130e-02
3.076562000000000047e-02
3.750657000000000296e-02
-1.203425600000000012e-02
5.950890500000000083e-03
-6.338215599999999506e-02
-1.870898500000000089e-02
-2.860559199999999913e-02
2.013159499999999866e-02
-7.103439400000000070e-02
6.530562400000000309e-03
4.251684599999999703e-02
4.929171499999999984e-02
-1.556636949999999978e-02
-1.426686299999999942e-02
6.418029000000000095e-02
1.756042699999999998e-03
6.005150499999999808e-02
-5.980489800000000217e-02
-1.459885950000000022e-02
-6.178977699999999712e-02
-1.523359699999999976e-02
1.252516099999999993e-02
1.264406650000000042e-02
-2.700245600000000107e-02
1.811948199999999926e-02
-2.734142200000000064e-02
-4.436300700000000291e-02
-2.114682799999999946e-02
-4.252113400000000210e-02
3.284788999999999765e-02
-1.446723999999999927e-02
3.061341899999999935e-02
-1.373070849999999919e-02
-3.298915999999999654e-02
2.513113200000000047e-02
-3.220819300000000301e-02
1.828261999999999943e-02
-2.206738299999999944e-02
-1.722658800000000101e-02
-3.595081700000000297e-02
-5.123900999999999716e-04
8.085752999999999344e-03
1.975107300000000083e-04
-3.660568000000000155e-02
4.350722600000000301e-02
3.033680000000000057e-02
-3.046371599999999832e-02
-7.159060999999999897e-02
4.233245599999999748e-02
2.729529699999999962e-02
6.820985000000000242e-02
8.847505999999999426e-02
-7.561199400000000355e-03
-1.642205399999999843e-02
3.074520500000000114e-02
1.417699899999999916e-02
-3.586504000000000081e-02
2.003845199999999827e-02
-3.902615000000000250e-02
2.176975299999999933e-02
5.248532399999999466e-04
2.953673999999999883e-03
-4.013461200000000006e-02
-5.171394000000000164e-03
-1.468417699999999965e-02
7.407261399999999496e-02
-1.191002099999999980e-02
-4.561034199999999816e-02
-7.254779000000000089e-02
-1.571470999999999979e-02
-1.292530100000000015e-01
2.445122200000000162e-03
2.871008400000000030e-02
3.338350999999999819e-03
5.394242199999999682e-03
-9.140967999999999316e-03
-7.657475300000000061e-03
2.686876800000000121e-02
3.478041700000000097e-02
-2.440632299999999973e-03
1.293893299999999968e-02
-2.072524699999999873e-02
1.179776299999999931e-02
3.734529999999999794e-02
4.405278299999999814e-02
4.240076599999999946e-02
3.084793900000000130e-02
3.120612799999999878e-03
1.356956399999999924e-02
-2.383151300000000122e-03
-2.837054599999999996e-02
3.082572999999999910e-02
6.939613999999999505e-02
1.619615400000000080e-02
-4.509093700000000281e-03
1.189894200000000003e-03
2.205504700000000123e-02
2.801771800000000048e-02
-6.880810999999999698e-03
-5.168807499999999999e-02
-4.281297299999999723e-02
-2.431213100000000071e-02
-1.240063299999999945e-02
-5.831157000000000007e-02
2.587264599999999914e-02
4.869745699999999955e-02
-3.950280300000000300e-02
-2.541262700000000013e-02
-4.583768500000000301e-02
4.495591300000000012e-02
1.640119799999999878e-02
1.423564000000000079e-02
3.108462000000000031e-02
2.131110700000000047e-04
-7.362050999999999665e-03
6.847426799999999612e-03
1.545609600000000076e-02
4.652657699999999952e-02
4.695008999999999988e-02
-6.790235599999999705e-03
1.420290800000000020e-02
5.967756999999999923e-02
-1.949467900000000087e-02
2.096745399999999995e-02
9.238787000000000041e-03
4.428483500000000156e-02
6.881740999999999553e-02
-2.544504800000000136e-02
7.875607999999999220e-03
-2.738199599999999873e-02
-2.303326299999999827e-02
-2.284985000000000141e-02
-1.478767700000000081e-02
-1.313509199999999925e-02
-2.209176699999999827e-02
-3.559815000000000201e-02
-5.460320999999999925e-02
9.363362000000000074e-03
-2.767996999999999905e-03
7.289982000000000406e-02
-8.869834000000000052e-02
-3.692143999999999981e-02
1.308149999999999894e-03
1.631387000000000115e-02
-8.372263000000000448e-04
6.870991999999999378e-02
6.433654999999999929e-03
4.708471000000000184e-02
-1.551111900000000030e-02
6.056454399999999794e-02
3.128849999999999687e-02
1.384614999999999978e-02
-2.766631699999999930e-02
-3.645940500000000029e-03
-2.700378399999999943e-02
-2.754934699999999834e-02
5.589864399999999733e-02
-1.637658100000000116e-02
1.740555699999999859e-02
-1.666604199999999897e-02
4.376247500000000207e-02
3.465569000000000288e-02
-4.570033800000000007e-02
6.820433600000000429e-02
8.267276999999999959e-03
-2.398982800000000123e-02
-1.956227400000000102e-02
3.706961999999999757e-02
-8.411623000000000017e-02
-1.297339599999999989e-03
2.825695599999999974e-02
-3.425250600000000201e-02
2.063418699999999828e-02
5.940416500000000183e-02
-9.232710999999999349e-03
5.721387299999999843e-02
4.205754400000000226e-02
1.565657299999999915e-03
-3.400257200000000174e-02
-5.478148000000000045e-02
-9.619710000000000066e-03
2.051325500000000107e-02
2.729398400000000030e-02
-1.167700500000000072e-02
2.063638200000000172e-02
-8.142361000000000737e-03
1.425758999999999967e-03
2.058927899999999853e-02
5.512737000000000409e-04
6.480772999999999395e-02
3.036668199999999901e-02
-7.692540000000000315e-03
-5.446597999999999717e-02
4.355629500000000182e-02
2.796669900000000111e-02
-9.047862000000000265e-03
5.023898999999999726e-02
-1.002248099999999975e-02
1.260025000000000034e-02
-2.052255899999999925e-02
2.947386999999999924e-02
3.015440199999999942e-03
2.784431199999999954e-02
-3.164568000000000242e-02
3.101828100000000171e-02
-3.531911899999999865e-03
-1.925908000000000134e-02
-3.645927999999999669e-02
-9.163184000000000606e-02
4.686718799999999713e-02
1.073552399999999976e-02
9.925997000000000639e-03
-5.651597700000000196e-02
-6.097584600000000021e-02
-7.197604000000000501e-02
-1.230102800000000031e-02
1.964291599999999985e-02
7.241222999999999757e-03
-1.304207699999999914e-02
-1.157031199999999926e-02
-4.215841699999999664e-02
3.728874399999999867e-02
4.540467000000000114e-02
4.604882999999999893e-02
3.314659400000000145e-02
-8.726294000000000758e-03
9.028223999999999971e-02
2.849180299999999957e-02
-2.553007200000000088e-02
-8.117507700000000390e-04
-1.561391500000000078e-02
2.387680999999999831e-02
-8.378901999999999487e-04
-1.881724200000000138e-02
-5.345575500000000063e-02
-2.367573800000000173e-02
-3.345170299999999843e-03
4.166418300000000047e-02
4.359663999999999900e-02
-3.331437000000000287e-02
-2.384532999999999878e-03
9.872503999999999828e-04
-3.718193999999999666e-02
-1.666347899999999840e-02
-3.736616299999999998e-03
-4.809983500000000051e-03
-2.622968999999999995e-02
-2.449037100000000036e-02
1.862933699999999929e-02
-2.707094499999999904e-02
4.038278399999999796e-02
-4.424540999999999891e-02
-1.836957000000000173e-02
5.390079700000000029e-02
4.558598999999999984e-02
5.370451999999999865e-02
-2.562854999999999994e-02
-5.611466600000000055e-02
-3.197815300000000222e-02
1.892276700000000006e-02
-7.036557999999999702e-02
-1.142820999999999941e-02
2.315956400000000054e-02
1.472118600000000069e-02
3.293325400000000208e-02
-3.489901499999999851e-02
3.526928299999999850e-02
1.934494000000000144e-02
-4.139337700000000203e-02
-2.268500400000000167e-02
-4.362802600000000031e-02
-1.561596300000000050e-03
1.371056000000000011e-02
2.943452800000000147e-02
-3.344751999999999881e-03
-4.640994200000000264e-02
-2.737313499999999983e-02
-2.822223600000000211e-03
7.869700000000000306e-03
2.362664199999999978e-02
5.521024800000000343e-02
-3.606776500000000163e-02
-6.932186400000000040e-03
1.495052499999999923e-02
1.366498600000000049e-02
4.063555199999999840e-02
1.244487600000000055e-02
6.362429000000000001e-02
3.370133799999999735e-02
5.780078999999999773e-02
9.241069999999999840e-02
2.840255600000000068e-03
2.935288299999999975e-02
2.285924699999999921e-02
3.787361000000000200e-02
2.621226800000000037e-02
-3.083553900000000035e-03
-1.839878199999999883e-04
2.622014500000000026e-02
4.565179999999999932e-02
3.677994400000000191e-02
4.277242299999999692e-02
-2.402116199999999868e-02
4.931184999999999735e-02
-6.403921999999999393e-02
-6.411795000000000688e-02
-2.365501600000000093e-02
-2.034462999999999896e-02
5.096766600000000175e-03
-2.292515999999999998e-02
5.062445599999999823e-02
-1.308425300000000055e-02
-3.161658999999999997e-02
-3.420315300000000003e-02
5.029395600000000077e-02
-7.055836299999999894e-03
1.725939300000000134e-02
-2.474735499999999866e-02
-6.404450999999999894e-02
-6.849682999999999466e-02
-8.512259000000000318e-04
3.162908600000000070e-02
-3.276429400000000110e-03
2.907295199999999913e-02
1.105062300000000074e-02
-8.692520000000000455e-03
1.104166000000000002e-02
-9.312621000000000093e-04
2.485356299999999866e-03
-1.565819599999999923e-02
-5.984103699999999970e-02
-4.597760000000000041e-02
1.112554800000000073e-02
-6.296234999999999853e-03
3.318652500000000144e-02
-1.333795200000000014e-02
2.955374499999999932e-02
4.254799000000000081e-02
-3.077781799999999846e-02
7.780767000000000065e-03
-2.130901399999999852e-03
-3.673460600000000124e-03
-1.298814099999999992e-02
1.331228599999999956e-02
5.215971300000000338e-03
8.780652999999999375e-03
-1.678221300000000069e-02
3.290053499999999985e-03
7.663900999999999353e-02
-3.061159300000000031e-03
-1.923376099999999853e-02
-2.910438400000000050e-02
3.908633400000000035e-02
3.156090500000000021e-02
3.188030800000000303e-02
-3.541566999999999805e-03
5.778226000000000195e-02
-1.346780199999999964e-03
-3.086783200000000130e-02
-2.767302099999999904e-02
-3.733422599999999814e-02
-8.494142999999999832e-02
1.247797199999999994e-03
3.657857999999999943e-02
-2.240694000000000019e-02
2.730996999999999938e-02
-3.066480200000000142e-02
-4.737312700000000099e-02
-6.644065000000000387e-02
-1.774630699999999936e-02
-3.639134000000000119e-02
-7.474310000000000676e-02
1.023589700000000074e-02
-1.651404199999999961e-02
6.462887999999999966e-02
-2.558326199999999898e-02
-2.729169299999999881e-02
-2.427789799999999915e-02
-5.500039000000000317e-02
2.530195400000000150e-02
3.547205400000000286e-02
-3.057582500000000092e-02
4.291090000000000182e-02
-3.015535000000000090e-02
-9.372834000000000026e-03
2.230686999999999948e-02
8.273531000000000635e-02
-1.018547000000000029e-02
-5.087827999999999795e-02
-2.975733399999999987e-02
-3.813640000000000085e-02
-1.448901700000000019e-04
4.748170300000000010e-03
3.025783499999999942e-03
1.609973499999999957e-03
4.175221500000000224e-02
9.441668999999999756e-02
1.899795599999999987e-02
9.677082999999999519e-03
-1.238540299999999969e-02
2.778499800000000172e-02
-6.055797599999999947e-02
-4.588866599999999810e-03
3.663004599999999944e-02
-2.847904599999999831e-03
7.198808000000000117e-03
-4.495709400000000300e-02
1.400790999999999972e-03
-1.770815599999999920e-02
-6.694648400000000055e-02
4.067641000000000312e-02
-6.443596400000000356e-03
-8.092323000000000224e-03
-7.724419700000000402e-03
2.766470600000000071e-02
8.498152999999999610e-03
-3.062599200000000119e-02
2.258452600000000060e-02
-2.515700200000000122e-03
-2.055916600000000025e-02
-7.260071499999999622e-02
-3.242692400000000280e-02
-3.194106699999999660e-02
-3.263393800000000122e-02
5.219022999999999718e-02
-3.154557599999999878e-02
1.575473999999999972e-02
6.231973700000000005e-02
-3.419201000000000185e-02
-2.055704599999999896e-02
2.934836199999999937e-02
1.862119699999999906e-02
-1.115887049999999929e-02
-4.392505000000000021e-02
3.356784599999999841e-02
4.998475000000000140e-02
1.523185900000000037e-02
-5.248069400000000134e-02
-5.229707799999999684e-02
5.023856999999999629e-03
6.346308400000000294e-02
8.951343999999999967e-03
-5.986031999999999638e-03
-2.487448999999999910e-02
2.055676099999999978e-02
-6.088542200000000154e-02
-7.275208000000000022e-03
5.136879999999999918e-02
-2.537973199999999860e-03
4.319230500000000028e-02
-4.629496999999999779e-02
5.331047000000000216e-03
3.098695500000000005e-03
1.034765699999999969e-02
-3.684814000000000145e-02
-2.441441800000000023e-02
-7.588122999999999396e-02
-3.408516000000000323e-02
1.004414000000000001e-02
3.603210300000000282e-02
8.523907999999999485e-02
7.639576500000000436e-02
-3.974794000000000244e-02
3.916221699999999917e-03
-4.718851999999999769e-02
2.762247400000000103e-02
3.870015999999999734e-02
-3.985953700000000044e-02
-2.844576299999999804e-03
1.630706300000000011e-02
4.177672400000000119e-02
3.610441999999999818e-02
4.345485500000000230e-03
2.718263400000000196e-04
5.266931999999999864e-02
4.681036300000000067e-03
5.499629999999999797e-02
2.716470500000000080e-02
2.048878000000000157e-02
4.101045400000000174e-02
-3.739924399999999816e-02
4.243035199999999887e-04
-4.919304499999999948e-03
-1.360474500000000013e-05
4.240578999999999876e-02
1.468048999999999916e-02
-7.956249999999999781e-03
5.052056500000000339e-02
-1.182384099999999987e-02
-1.071190600000000021e-02
4.058366599999999741e-02
-4.705261399999999955e-02
-1.812535900000000061e-02
3.470422299999999932e-02
3.494591600000000048e-02
-1.438115499999999963e-02
-8.638471999999999471e-03
-1.895648200000000019e-02
-1.940976999999999980e-02
1.183436399999999999e-02
-9.861073999999999187e-03
1.110999300000000030e-02
-2.905362800000000148e-02
-7.792643500000000223e-02
-5.135933000000000165e-02
-2.717396399999999837e-02
-1.363040599999999943e-02
2.752530599999999938e-02
7.293713999999999753e-02
-2.908463799999999946e-02
4.968524400000000341e-03
1.705171000000000117e-02
3.438615800000000000e-02
-8.667850599999999935e-04
-3.029514700000000144e-02
1.079949600000000010e-01
-1.906840099999999871e-02
8.335412000000000377e-03
-2.726793799999999851e-02
-1.844074800000000073e-03
3.757129599999999708e-02
6.019518999999999651e-04
