6.168735799999999769e-02
3.414760000000000018e-02
-5.139090000000000324e-02
-6.043733600000000122e-03
3.571639000000000064e-02
3.744697599999999987e-02
2.100325399999999898e-02
1.242948699999999948e-02
1.955068999999999904e-02
8.847857000000000638e-03
1.967659199999999969e-02
7.462543000000000648e-02
5.150209399999999826e-02
3.268618000000000218e-02
2.533199299999999970e-03
-1.100269499999999984e-02
2.831634300000000076e-02
3.748167699999999797e-02
-3.689241000000000048e-02
-4.036611300000000208e-02
-3.929754700000000212e-02
1.967219300000000101e-02
2.939608299999999994e-02
3.926673000000000316e-03
2.819477600000000125e-03
-5.363305699999999787e-02
-3.041730299999999970e-02
-4.970244000000000051e-02
4.922018999999999700e-03
-7.703669000000000489e-02
3.698465599999999770e-02
4.890211700000000189e-02
2.290645599999999865e-02
-4.870706199999999889e-03
5.368475999999999804e-02
2.150277399999999881e-02
1.671633100000000094e-02
-2.927656099999999956e-02
1.271221800000000082e-02
-7.928324999999999956e-02
-1.578044899999999848e-02
-5.547276500000000027e-02
1.082093299999999959e-02
1.999505799999999958e-02
-1.421085300000000072e-02
-6.498642999999999781e-02
-9.087974999999999873e-03
-4.189280000000000087e-03
-2.917285299999999859e-02
4.547855600000000331e-02
2.195704700000000037e-02
2.921472300000000147e-02
-1.283165000000000000e-02
-9.200763000000000691e-03
-2.454425600000000041e-02
-4.091001999999999833e-02
2.973307200000000188e-03
-2.234014299999999981e-02
7.331674999999999998e-02
-1.618637300000000043e-02
2.938522199999999904e-02
-2.978443199999999957e-02
1.247248200000000001e-02
-4.225228999999999790e-02
4.275149699999999595e-03
-5.318163000000000057e-02
1.663332400000000141e-02
3.695757999999999942e-03
-7.500173999999999730e-02
1.824748299999999837e-02
-2.513040199999999960e-02
2.865808999999999978e-03
-2.553397799999999884e-02
2.352136999999999978e-02
5.313241399999999934e-03
3.387161000000000338e-02
1.412297199999999926e-03
6.139742699999999921e-03
2.057657200000000131e-02
1.078387500000000006e-02
-5.390087500000000087e-02
-1.396551499999999953e-02
2.403453200000000081e-02
4.450689599999999718e-02
1.476797600000000037e-02
4.223347000000000212e-02
2.320815600000000062e-02
-1.893298100000000150e-02
-3.226709400000000311e-02
-2.434671999999999878e-02
9.745645999999999476e-02
2.710829500000000100e-02
-1.367726400000000017e-03
1.853185499999999986e-02
5.479411399999999793e-02
-3.017752199999999829e-02
-1.035833949999999948e-01
-1.110193059999999982e-01
2.556711399999999842e-02
3.009290599999999913e-02
-1.696642500000000026e-02
1.211816699999999913e-02
-3.583309400000000283e-02
-1.378851599999999936e-03
5.351734999999999826e-02
-1.465326100000000076e-02
-8.236348000000000378e-05
-6.254142000000000035e-02
-8.634154500000000565e-02
1.827960000000000002e-02
5.297644800000000237e-02
1.826685000000000114e-02
4.683260599999999885e-02
-1.877465500000000120e-02
-4.874942000000000164e-02
1.001338600000000086e-02
-3.829556299999999774e-02
3.869064500000000267e-02
-2.700360099999999861e-02
-4.884320999999999628e-03
3.804719399999999946e-02
9.827827999999999564e-02
-2.758614900000000078e-02
1.042361259999999984e-01
6.215096299999999657e-02
1.349647999999999950e-03
1.155928200000000058e-02
-3.543228699999999981e-02
-2.008874000000000076e-02
-1.273786399999999978e-02
5.659801500000000152e-02
-3.774030999999999914e-02
2.748444300000000076e-02
2.416634200000000038e-02
-2.006488099999999969e-02
1.429214600000000036e-02
5.358581999999999929e-02
-2.220643900000000143e-02
-7.604398999999999968e-04
4.227008699999999786e-02
-2.055825099999999961e-02
-3.629316800000000065e-02
-8.413645000000000151e-02
1.404008799999999918e-02
-1.905555299999999938e-02
-4.603659000000000223e-02
1.799871000000000110e-02
6.081896299999999672e-02
-3.166220799999999811e-03
-2.490366399999999897e-02
-2.627763699999999952e-02
1.094120900000000035e-02
3.839494699999999872e-02
-1.710696899999999965e-02
-2.428504800000000005e-02
6.121353999999999684e-02
2.349445199999999900e-02
-4.950918300000000001e-03
1.092812800000000049e-02
-1.039877300000000004e-02
2.249058699999999938e-02
-7.562788600000000527e-02
-8.857558499999999488e-03
7.215987999999999569e-02
-3.932719700000000124e-02
-8.240188000000000720e-03
-4.837088300000000340e-03
-3.568807999999999703e-02
1.944130100000000111e-02
-2.762529000000000026e-02
-4.546854000000000173e-02
-6.311400999999999817e-02
-4.389024999999999871e-02
-8.484661000000000286e-02
-1.852278799999999837e-02
-7.744487000000000582e-05
-7.754717000000000381e-03
-1.465049300000000054e-02
-3.988366000000000133e-02
-2.740787700000000063e-02
5.112743000000000149e-02
-1.821290999999999882e-02
1.464170600000000086e-02
-5.480182000000000109e-02
-2.813994699999999849e-02
-2.878006199999999862e-02
3.136312599999999812e-02
3.526263000000000314e-02
8.560734999999999872e-03
4.501699299999999820e-02
-1.310752999999999918e-02
-1.179075800000000014e-02
7.958632000000000206e-03
2.560101799999999969e-02
-4.699820999999999860e-03
8.087081999999999604e-02
3.005016599999999968e-02
-1.384355100000000081e-02
-6.688303999999999517e-04
-2.420686400000000155e-02
4.011457400000000006e-02
5.014508599999999844e-02
1.296489299999999990e-02
-3.187433299999999775e-02
-1.646516500000000036e-02
5.370292399999999911e-02
6.967074699999999988e-03
-3.335215999999999875e-02
-1.222016299999999916e-02
3.319589399999999663e-02
-4.244028999999999857e-02
-5.594309399999999877e-02
-4.514511699999999850e-02
-1.287604900000000052e-02
1.922064500000000148e-02
3.626431000000000099e-02
4.410940000000000000e-02
1.969874799999999856e-02
5.258353400000000122e-02
-8.105038000000000520e-02
2.114374000000000114e-02
-3.070391799999999845e-04
-2.742995299999999997e-02
5.646068199999999815e-02
-2.453326399999999907e-02
-2.571563700000000039e-03
-8.393525999999999765e-02
-3.636487299999999982e-03
1.357185099999999936e-02
-5.989411000000000040e-02
-2.974091300000000077e-02
1.664141400000000021e-02
1.690070100000000061e-02
-2.374175599999999928e-02
-3.136528699999999864e-02
2.726030000000000120e-02
2.896457699999999830e-02
-4.286121600000000059e-02
-2.939452400000000087e-03
-3.558072999999999791e-02
-2.240437799999999910e-02
9.926394999999999316e-03
2.518793600000000105e-02
-4.714996600000000257e-04
5.498912999999999718e-02
-4.421048200000000233e-02
5.792630000000000001e-02
2.075686900000000071e-02
1.447215900000000050e-03
2.947585700000000114e-02
-1.855213199999999896e-02
-4.037866000000000198e-03
-4.023887000000000297e-02
6.588500700000000411e-04
-5.531974499999999656e-02
2.437922400000000142e-02
-2.261271700000000093e-02
4.511372699999999930e-02
4.615145000000000185e-03
1.159691099999999968e-02
5.176523699999999867e-02
-2.019409299999999977e-02
5.804759999999999955e-03
-3.108174699999999985e-02
-2.908597699999999897e-02
-5.942148299999999717e-02
-3.226604300000000206e-03
-3.142389499999999943e-03
1.740099000000000160e-02
-5.180386499999999755e-02
4.818559800000000309e-02
-3.847267499999999785e-02
-4.350781799999999672e-02
-3.073929600000000189e-03
-3.654276199999999947e-02
3.456494599999999917e-02
-1.764811000000000157e-02
2.605497599999999792e-03
-2.916121500000000075e-02
-5.409297700000000042e-02
2.653510499999999980e-02
-8.765761000000000386e-04
5.254929000000000197e-03
-1.102456999999999916e-02
3.384746999999999756e-02
-1.380397099999999995e-02
2.721039000000000097e-02
-1.505632699999999956e-02
2.124971700000000130e-02
-6.523707500000000548e-02
3.855097300000000227e-02
2.874815799999999935e-02
-4.812358700000000239e-02
-6.097289000000000181e-02
1.839286000000000046e-02
1.542994399999999926e-02
5.052512499999999712e-02
5.917580800000000335e-02
-8.980691000000000715e-03
-3.657335999999999920e-02
-2.210799399999999865e-04
3.391463299999999959e-02
-6.551842400000000566e-02
5.772424500000000042e-02
-5.341653999999999847e-02
4.665993999999999697e-03
-3.873689500000000036e-02
2.810285200000000108e-02
-1.559909999999999942e-02
-1.556771600000000054e-02
1.573533800000000149e-02
2.360219100000000153e-02
-4.665639600000000276e-02
-3.640536199999999667e-02
-4.639118999999999882e-02
-2.533829799999999868e-02
-1.325920100000000101e-01
-6.927495399999999796e-03
3.360653999999999725e-02
3.562227999999999922e-02
1.586856299999999872e-02
7.882639000000000312e-03
-5.154041599999999862e-02
-8.004254000000000577e-03
3.372926999999999870e-02
2.607676699999999983e-03
1.384653299999999941e-02
-2.692656599999999900e-02
4.730961999999999668e-02
1.866394700000000018e-02
2.064740799999999904e-02
-2.520357000000000153e-02
2.167159000000000099e-02
-4.284204999999999958e-02
2.376217200000000154e-02
3.652362399999999846e-03
-6.037293700000000152e-02
3.002951699999999863e-02
7.261302000000000034e-02
-1.210265049999999926e-02
3.577554599999999835e-02
1.600633200000000159e-02
5.240852800000000283e-02
2.537176600000000046e-02
-9.279259999999999245e-03
-4.146455000000000279e-02
-5.964703999999999839e-02
-4.027196000000000248e-02
6.187024499999999906e-03
7.136103999999999668e-04
4.802467700000000173e-02
6.403607999999999523e-02
2.792313500000000170e-02
-5.274554199999999943e-03
-5.501838400000000351e-03
4.342216599999999815e-02
5.219783299999999904e-02
3.692156399999999700e-02
4.845898600000000250e-02
2.706726599999999955e-02
4.103722800000000198e-02
3.470098600000000311e-02
2.231190499999999993e-02
4.693373700000000315e-02
6.124526999999999749e-02
2.791243399999999986e-02
3.665124000000000160e-02
5.422346000000000110e-02
-4.112224599999999598e-03
-2.861438999999999996e-02
-8.246867999999999213e-03
3.667125999999999719e-02
2.430509200000000036e-02
7.853679000000000562e-03
1.145579600000000073e-02
-3.474914300000000317e-02
-3.255927000000000127e-02
5.359278000000000305e-03
-2.006470800000000054e-02
-1.076853000000000012e-02
-1.811541800000000119e-02
-2.682069899999999993e-02
-3.379953000000000124e-02
1.105519299999999962e-02
-1.186845800000000013e-02
5.774484199999999762e-02
-1.151163199999999942e-01
-5.360767699999999594e-03
-1.603055400000000068e-03
-2.427936699999999962e-02
-2.588198699999999866e-02
6.510883600000000326e-02
-2.514937500000000159e-02
3.335443600000000206e-03
-4.250002299999999789e-02
3.749356999999999690e-02
5.838626300000000074e-02
2.357108299999999962e-02
-2.925925199999999862e-03
3.436049400000000184e-03
2.843360400000000208e-03
-3.057830200000000165e-02
5.325734599999999708e-02
-4.370000200000000168e-02
3.997661999999999743e-02
-1.398326000000000083e-02
9.786114999999999398e-02
-1.098049149999999995e-02
-5.902642799999999884e-02
5.993032000000000220e-02
5.338747500000000194e-03
-2.155266299999999968e-02
-2.463658300000000009e-02
-5.402363999999999561e-04
-3.559073399999999887e-02
-2.936943599999999877e-02
6.674181999999999337e-02
8.438233999999999319e-03
5.613090500000000177e-02
5.917411699999999830e-02
1.402378900000000005e-02
4.918459800000000298e-02
3.572055999999999842e-02
4.025727500000000382e-03
1.750794199999999856e-02
-5.424066599999999988e-02
-9.544522599999999933e-04
-1.914868100000000073e-02
-1.047117300000000029e-02
-1.883112600000000011e-02
5.727004000000000122e-02
2.783135000000000123e-02
3.709198500000000093e-04
8.479182999999999859e-02
-1.779239399999999957e-02
4.307485400000000270e-02
3.837435699999999783e-02
-3.758477400000000135e-02
-1.481137000000000079e-02
4.804717399999999805e-02
3.257817999999999825e-02
2.526339000000000015e-02
7.499073400000000333e-02
-8.183532000000000306e-03
-7.786500299999999687e-03
2.557846700000000143e-03
-2.102565400000000126e-02
1.253458900000000049e-02
1.129175099999999918e-02
8.995326999999999143e-03
1.524205900000000051e-02
-1.555151899999999933e-03
-5.614905600000000101e-03
-7.379135500000000292e-02
-7.697792999999999997e-02
4.411738999999999938e-02
1.233826900000000067e-02
2.548742500000000105e-02
-3.135284800000000260e-02
-2.841654199999999950e-02
-5.587554000000000132e-02
-2.300227200000000069e-02
2.525773599999999938e-02
3.971124000000000182e-02
-2.517422700000000041e-02
6.261670999999999904e-03
-2.363330699999999923e-02
5.433439500000000061e-02
1.311047400000000043e-02
4.587237499999999996e-02
3.696946999999999733e-02
6.799592600000000341e-03
1.028177100000000066e-01
1.133140099999999963e-02
-2.545530999999999835e-02
-2.501126599999999988e-03
3.340052400000000088e-02
2.743525999999999951e-02
-3.563270699999999958e-02
-2.153523999999999976e-03
-3.841132299999999722e-02
-2.283575800000000114e-02
-3.708569700000000080e-02
2.892361400000000027e-02
1.825473600000000057e-02
-5.128721000000000148e-03
-1.113826799999999978e-02
2.242389100000000135e-02
-3.967692999999999914e-02
-1.991915899999999878e-02
2.762650499999999912e-02
1.018772899999999954e-02
-1.610902499999999904e-02
-2.625028399999999873e-02
1.442119700000000018e-02
-5.373434600000000054e-03
8.023671000000000275e-02
-1.979842799999999986e-02
-1.428678799999999992e-02
3.112655699999999914e-02
5.542204500000000311e-02
4.427335799999999877e-02
-5.589700499999999961e-02
-1.484955900000000002e-02
-4.152625399999999856e-02
1.502938000000000017e-02
-6.823861000000000510e-02
-8.756200999999999915e-03
6.331675500000000234e-02
-8.638952999999999563e-03
-9.963489000000000720e-03
-3.804451600000000044e-02
5.164363200000000181e-02
-3.373688599999999892e-03
-3.399554300000000306e-02
-2.128833000000000114e-02
5.296397500000000168e-03
1.448325800000000059e-02
-3.232406000000000168e-02
4.512777999999999928e-02
-9.992657000000000275e-03
-3.372319000000000011e-02
-1.824744600000000050e-02
-3.169646500000000092e-03
7.571274999999999707e-03
1.110967250000000073e-02
7.784333999999999698e-02
-2.383205000000000046e-02
3.902089200000000146e-02
7.641494000000000411e-03
-9.335510999999999462e-03
3.972809399999999852e-02
1.546981300000000066e-02
6.821441000000000310e-02
4.098058999999999730e-02
4.775411599999999923e-02
6.694822000000000273e-02
-4.475038500000000363e-03
6.528351999999999766e-02
1.659300199999999906e-02
6.711609000000000325e-02
2.675680999999999893e-02
1.913028599999999982e-02
4.724774999999999808e-02
2.216809800000000066e-02
5.789559300000000214e-02
-1.648097800000000008e-04
6.993835399999999425e-02
-2.422959699999999855e-02
4.235041500000000236e-02
-1.417621699999999964e-02
-4.903082999999999747e-02
-1.211799499999999946e-02
-1.414931999999999995e-02
2.549466699999999864e-02
-3.281720999999999814e-04
3.418481000000000297e-02
-4.093519600000000008e-02
-2.256636000000000059e-02
-3.171038300000000171e-02
2.739123400000000041e-02
-5.777793400000000301e-02
1.094071800000000032e-02
-1.812470899999999926e-02
-4.892095999999999945e-02
-2.561979400000000129e-02
-8.550274000000000069e-03
3.661441000000000001e-02
-6.471554299999999690e-03
7.464272400000000231e-03
2.337843400000000002e-02
-2.359668200000000077e-02
3.493603700000000312e-02
-2.208824800000000130e-02
2.360195699999999980e-02
-2.614982799999999996e-02
-7.093797000000000297e-02
2.104050999999999838e-02
4.828803999999999735e-02
9.029593000000000688e-03
-1.058660900000000030e-02
-1.684930399999999898e-02
3.684535299999999736e-02
2.295894399999999849e-02
-4.353855000000000225e-03
-3.191419699999999832e-02
1.050234799999999989e-02
-2.856949699999999925e-02
-1.496548199999999957e-03
-1.337831199999999984e-02
8.266737999999999170e-03
1.484566499999999921e-02
4.030181600000000072e-03
-3.167778999999999734e-02
4.651737000000000233e-02
-3.914516800000000102e-02
-3.142121999999999971e-02
1.335822600000000082e-02
4.890047000000000144e-02
3.412762399999999877e-03
2.526451600000000075e-02
-3.342057799999999940e-02
6.035715700000000156e-02
-5.658164000000000249e-03
-1.576922600000000077e-02
-4.971675600000000084e-02
-2.226401100000000022e-02
-7.481147999999999965e-02
-9.542530000000000456e-03
1.701280999999999974e-02
3.471865599999999965e-03
3.733801500000000217e-02
-2.330431900000000042e-02
-5.265357300000000212e-02
-5.133918700000000140e-02
-1.711590799999999912e-02
-3.495300600000000174e-02
-6.031567599999999862e-02
-1.579622300000000030e-03
1.116416899999999983e-02
2.874291500000000082e-02
1.495829000000000082e-02
2.586173300000000133e-02
4.620684299999999571e-03
-3.304322999999999982e-02
-1.581278599999999881e-02
5.107863199999999881e-02
-9.460665999999999520e-03
5.105552399999999796e-02
-5.595874399999999776e-02
1.058165200000000042e-02
1.485783299999999954e-03
5.645077300000000270e-02
-4.544591500000000339e-02
-3.809521700000000066e-02
-5.684200999999999837e-02
-1.457717000000000040e-02
3.885718999999999979e-02
1.271084700000000081e-02
-5.586978799999999662e-02
3.191016599999999676e-02
5.661408600000000096e-02
8.839695999999999665e-02
-1.119508999999999956e-02
-2.069367299999999923e-02
-3.723615400000000047e-02
-7.220763199999999903e-03
-4.199569000000000218e-02
3.019995799999999984e-03
5.903167699999999768e-02
1.313913000000000060e-02
4.139324300000000317e-02
-6.313106400000000062e-02
1.818015599999999940e-02
-3.154647399999999796e-02
-1.267951600000000005e-03
2.359225599999999895e-02
-4.270458199999999788e-02
5.112265199999999586e-03
-8.241079000000000113e-04
1.393146200000000036e-02
-1.587274699999999955e-02
4.331116999999999780e-03
1.040493800000000073e-02
-1.955618200000000181e-03
5.625518999999999832e-03
-5.164023000000000224e-02
1.693273699999999979e-02
-5.444505300000000193e-03
-3.318342600000000198e-02
-2.508942000000000117e-03
-2.104237000000000121e-02
-7.011343700000000415e-03
1.345233300000000035e-02
3.778502300000000091e-02
-2.636120999999999950e-02
-1.920781899999999967e-03
2.107837200000000147e-02
-5.798174799999999962e-02
9.650383000000000225e-03
-3.959116999999999845e-03
-7.543663399999999634e-04
4.026185999999999654e-02
-2.463550700000000093e-02
-1.887731399999999921e-02
-1.728129800000000049e-02
5.766364200000000106e-02
-1.217495700000000014e-02
4.787151699999999711e-03
2.532515299999999955e-02
-1.314351400000000024e-02
-8.205660400000000521e-02
-1.854035799999999984e-02
5.010069500000000065e-02
2.125080899999999898e-02
8.586094499999999408e-02
-2.132354300000000036e-02
-1.379482199999999999e-02
3.672634299999999810e-03
1.390649700000000030e-02
-3.489239000000000229e-02
-1.458376999999999937e-02
-8.026824999999999585e-03
-1.368260800000000062e-02
-9.396105000000000082e-03
-2.316943200000000022e-02
6.134039000000000158e-02
3.270196499999999951e-02
1.742179300000000052e-03
2.661396699999999879e-02
-3.676124699999999690e-02
3.333379999999999677e-02
1.783329999999999985e-02
-2.307302300000000153e-02
3.541896000000000107e-03
-2.981402699999999989e-03
4.444332000000000144e-02
4.090409999999999879e-02
5.081340000000000162e-02
-1.447567800000000050e-02
5.950935000000000252e-02
1.398250099999999961e-02
5.675767999999999786e-02
3.061278699999999894e-02
-5.629760699999999951e-03
1.546168399999999984e-02
-2.532755600000000107e-02
-1.732908000000000018e-02
-4.618148999999999865e-02
2.175299500000000066e-02
2.279006299999999929e-02
2.058638600000000166e-02
-3.082251399999999877e-02
-1.031159400000000032e-02
-4.188913399999999974e-03
-3.025722900000000007e-02
3.544063499999999811e-02
-1.238134899999999983e-02
-2.335414800000000166e-02
2.465775799999999837e-02
4.257011399999999918e-02
-3.546039399999999925e-02
1.239406800000000027e-03
-4.601498999999999867e-02
-1.117259450000000071e-02
9.177291000000000615e-03
-1.558494199999999920e-02
2.352145500000000014e-02
3.214837000000000250e-02
-5.368835999999999747e-02
-7.091833000000000164e-02
9.964201000000000655e-03
-4.530165299999999728e-02
-3.088755800000000159e-03
1.516747400000000023e-02
3.985345399999999649e-03
-3.668938199999999955e-02
-3.961144800000000049e-02
4.158527399999999846e-02
4.051220599999999679e-03
1.746895499999999999e-03
7.417832000000000592e-02
1.575276600000000138e-02
-1.241688999999999987e-02
-1.893386000000000027e-02
2.670719299999999886e-03
5.762696300000000327e-02
-4.313291600000000031e-02
