7.548011000000000303e-02
-8.676295000000000535e-03
-4.579147299999999920e-02
-1.170785700000000033e-02
-2.544499999999999887e-02
5.075594399999999728e-02
3.814957800000000170e-03
3.631525000000000031e-02
1.724991199999999919e-02
1.904994999999999952e-02
1.338887300000000079e-02
2.474480700000000061e-02
5.106415200000000154e-02
4.501402999999999655e-02
-7.501940000000000344e-03
7.543407000000000237e-03
6.197240200000000282e-02
5.935919700000000243e-02
-4.639692200000000016e-02
-4.929217500000000231e-03
-3.446085000000000120e-02
1.293637400000000048e-02
1.710050700000000090e-02
-1.266995100000000048e-02
-3.487107799999999980e-03
-1.757386099999999922e-03
2.628291400000000097e-02
-6.236876999999999699e-02
1.116768599999999959e-02
-6.839834999999999665e-02
-1.346357299999999951e-03
3.566543999999999964e-02
5.427101599999999831e-02
-2.095871599999999876e-02
3.087942899999999991e-02
2.796246700000000127e-02
-2.585666400000000142e-02
1.401553000000000000e-02
-3.785881999999999963e-03
-4.129855300000000173e-02
4.902751700000000136e-03
-3.208031499999999814e-02
-2.952566699999999850e-02
2.623204700000000139e-02
-4.318009700000000062e-02
-1.971321700000000163e-02
-1.229860200000000049e-02
1.492193699999999970e-02
-1.464179399999999964e-02
1.541604700000000043e-02
2.443957999999999894e-02
4.279864600000000269e-02
-1.350256399999999989e-02
2.838843000000000182e-03
-1.278605900000000066e-02
3.721231099999999792e-03
-2.472791599999999909e-02
-2.628969800000000023e-02
4.961806500000000286e-02
-7.298933999999999978e-02
5.353567000000000048e-03
-8.307788499999999715e-03
3.211618599999999796e-02
8.050698000000000229e-03
4.971530300000000235e-02
-3.010745999999999908e-02
4.574954500000000257e-02
1.336528300000000037e-02
-6.707072000000000034e-02
3.840640599999999710e-02
-1.429061799999999972e-02
4.681687000000000348e-03
-1.952850399999999861e-02
1.592114400000000166e-02
-2.142287000000000043e-04
-1.737326999999999969e-02
-1.451931799999999981e-02
-4.392110999999999758e-03
1.080559700000000012e-02
3.511118500000000309e-02
-3.693527399999999711e-02
1.219500899999999971e-02
1.746958700000000170e-02
-1.187373199999999969e-02
-1.653208200000000003e-02
4.954303999999999653e-03
4.480266599999999794e-02
-4.224134999999999696e-02
-4.031825399999999782e-02
-1.693704999999999863e-02
1.158399660000000025e-01
1.793247499999999980e-02
-3.197970599999999664e-02
1.048580900000000045e-02
4.957977300000000059e-02
1.044562199999999989e-02
-8.033308999999999589e-02
-8.867033600000000237e-02
-3.974654000000000208e-03
3.678519999999999793e-03
4.036282000000000411e-03
-5.846630000000000230e-03
-4.481776800000000088e-02
-1.282763500000000043e-02
4.971416699999999661e-02
3.721491200000000017e-03
-3.615385999999999947e-03
-6.032786500000000135e-02
-7.408969999999999445e-02
4.009164500000000214e-02
1.249600300000000032e-02
4.042848999999999748e-02
2.149609699999999873e-02
2.421280199999999855e-02
-4.656745999999999802e-02
-1.049816899999999990e-02
-3.484120999999999746e-02
-1.548796700000000005e-02
-6.479442999999999661e-03
-2.139728499999999853e-02
4.801204800000000161e-02
9.172571999999999670e-02
-2.907519199999999970e-02
-5.175813599999999799e-03
7.471118999999999677e-02
3.667685999999999863e-02
-3.377274799999999827e-02
-6.202937000000000381e-03
-5.245015000000000094e-02
1.405887300000000081e-03
1.831800899999999968e-02
-5.721053499999999986e-02
2.306331899999999879e-02
3.927999399999999863e-02
-8.175936499999999704e-03
-2.910869799999999882e-02
3.684269600000000117e-02
2.665748299999999918e-02
-1.467178000000000059e-02
8.231630999999999670e-03
-2.552995599999999948e-02
-4.744422999999999696e-02
-8.337590000000000279e-02
4.659786999999999957e-02
-1.631384699999999938e-02
-5.748356000000000299e-02
2.496184799999999829e-02
2.172393200000000135e-02
1.771639300000000042e-02
-3.536671600000000117e-03
-1.747589999999999907e-02
-2.323560200000000103e-02
2.490679200000000051e-02
-1.486785600000000047e-02
-2.170764099999999974e-02
-4.893309400000000337e-03
1.829210900000000084e-02
-6.980255999999999961e-02
4.846026699999999611e-03
-5.002711400000000100e-03
4.135152300000000114e-02
-8.485492000000000035e-02
2.992774000000000129e-02
4.023225600000000096e-02
-2.454133500000000093e-02
5.842898499999999752e-03
-3.220013499999999779e-02
-8.914234499999999783e-02
-1.979136500000000173e-02
1.268251400000000063e-02
-2.315220600000000156e-02
-7.045263999999999693e-02
-4.325662999999999730e-02
-7.117247599999999841e-02
2.624207699999999907e-02
3.038346000000000102e-02
5.436565699999999779e-02
-1.407237000000000071e-02
-2.436614200000000036e-02
-3.550761800000000207e-03
1.019318500000000044e-01
-2.046425600000000011e-02
-1.843237500000000084e-02
-4.610254999999999909e-02
-3.152650500000000067e-03
-2.501757799999999865e-02
-2.779156999999999982e-03
-9.884013999999999994e-03
3.833845000000000308e-02
4.130137999999999865e-02
1.565826200000000048e-03
-1.393628300000000070e-02
1.301055400000000056e-02
1.005718260000000031e-01
7.101014699999999916e-03
7.154505999999999366e-02
-7.979005500000000122e-04
3.766741799999999939e-03
-6.772633999999999599e-02
-3.812223700000000326e-02
6.692613999999999508e-02
8.238647999999999805e-02
-3.018280900000000141e-02
2.404357099999999969e-02
-2.398360500000000159e-03
8.142085400000000084e-02
-2.992765600000000040e-02
-5.358563000000000215e-02
1.179070899999999991e-02
-1.428891399999999978e-02
2.912484099999999854e-02
-3.956669000000000158e-02
-1.042260300000000077e-02
-7.774276999999999577e-03
4.585580399999999827e-03
-2.052308400000000047e-02
4.720702000000000231e-02
-6.193279000000000319e-03
7.064025000000000165e-02
-1.997067400000000076e-02
7.387940599999999469e-02
-1.934870500000000076e-02
3.454935600000000329e-02
4.040621199999999691e-02
8.279477000000000364e-03
1.365708399999999989e-02
-7.446664999999999535e-02
-1.796544500000000003e-02
4.559444000000000170e-03
-6.096401800000000176e-02
1.803553100000000048e-02
2.833736400000000030e-03
-2.300834300000000054e-02
4.642420999999999983e-04
-3.598053999999999836e-02
3.697890799999999784e-02
3.158328700000000155e-02
-7.392016999999999338e-02
-4.558832999999999983e-03
-1.031052900000000057e-02
-4.035099200000000219e-02
3.268551499999999832e-02
5.280892599999999909e-02
5.610535399999999964e-03
4.667726999999999987e-02
-5.511014999999999664e-02
2.734765999999999933e-02
2.545288399999999854e-02
-3.137813500000000144e-02
-2.858498699999999920e-02
-4.867113399999999784e-02
9.788971000000000477e-03
-8.347446999999999506e-02
1.319818600000000064e-02
-7.634167399999999826e-02
-1.290777300000000086e-02
-9.374222999999999237e-03
3.141078700000000251e-02
-3.653563600000000328e-02
-5.987648400000000065e-03
6.912482500000000085e-02
1.306050000000000006e-03
3.592233400000000021e-02
-4.496005599999999824e-02
-1.685151299999999852e-02
-3.373150999999999927e-02
-8.292522999999999561e-03
-3.129881299999999825e-03
6.410748699999999772e-03
-5.555061000000000027e-02
3.616028999999999771e-02
-5.798265300000000205e-02
-4.950011499999999731e-02
2.823049399999999834e-02
-6.443330999999999364e-02
3.338352599999999670e-02
-3.265824200000000139e-03
2.043314499999999805e-03
-1.940551399999999871e-02
-3.810930299999999715e-02
3.110988599999999979e-02
-2.244825099999999893e-02
3.148677600000000104e-02
-1.124158899999999975e-02
-2.756862300000000043e-02
6.041198999999999484e-04
1.844608999999999832e-02
1.883824400000000052e-02
1.668671299999999885e-02
-1.797677400000000049e-03
5.694926000000000155e-02
5.729314700000000260e-02
-4.315883999999999693e-02
-6.669883399999999851e-02
2.762068399999999951e-02
4.568705700000000314e-02
4.623242000000000324e-02
4.923247499999999777e-02
-8.827507000000000062e-03
-1.482389500000000013e-02
2.893320799999999846e-02
8.529174000000000477e-03
-3.969005999999999923e-02
1.568888900000000100e-02
-3.429309299999999672e-02
3.420053800000000255e-02
-2.415312000000000014e-02
-1.611161200000000085e-02
3.450307799999999953e-03
2.628814200000000045e-02
-2.090938399999999961e-02
5.779156500000000307e-02
-1.374571699999999931e-02
-3.029420600000000061e-02
-8.074238999999999722e-02
-2.357810999999999935e-02
-1.242500250000000001e-01
5.594583999999999668e-03
-1.035480700000000059e-02
5.223707500000000087e-02
1.589180499999999843e-02
1.000232499999999941e-02
-7.639782500000000080e-03
6.097919000000000256e-03
5.846012999999999904e-02
-1.274814800000000081e-02
-1.828180300000000098e-03
-2.521784599999999862e-02
3.386836600000000153e-04
1.574612400000000023e-02
1.202170200000000043e-02
4.787198000000000148e-02
2.653865299999999885e-02
-1.792459199999999961e-02
3.941948700000000305e-02
-2.089965599999999823e-03
-5.658678699999999950e-02
-4.673796599999999906e-04
6.472297999999999940e-02
6.314707999999999433e-02
1.991500599999999985e-03
-4.111456000000000138e-02
6.003841800000000312e-02
2.854485000000000008e-02
-1.687521900000000033e-02
-3.468378300000000275e-02
-3.548116600000000148e-02
-1.296381800000000022e-02
2.294318399999999841e-02
-4.093163999999999830e-02
2.521949000000000066e-02
5.433364200000000144e-02
-3.153113899999999796e-03
-2.056778800000000004e-02
-5.211577799999999629e-03
3.506151200000000301e-02
3.165314999999999795e-02
7.774566299999999784e-03
2.066484299999999871e-02
1.177981799999999919e-02
-1.650633300000000150e-02
2.920236699999999904e-03
2.600500199999999928e-02
3.076365600000000033e-02
4.007404999999999995e-02
9.456208000000000452e-04
-8.088467300000000111e-04
4.560754999999999670e-02
9.460255000000000747e-03
1.147008199999999950e-02
8.699671000000000834e-03
5.650377000000000177e-02
2.549921499999999869e-02
-5.905030799999999754e-03
2.966344599999999870e-03
-6.556837999999999556e-02
-2.946027400000000157e-02
5.758654299999999872e-03
5.006351000000000030e-03
-2.592452599999999982e-02
-1.239610200000000086e-02
-2.634105999999999947e-02
-5.613602300000000017e-02
1.879042000000000039e-03
4.868016000000000183e-04
3.296878999999999782e-02
-5.614493400000000051e-02
6.746567999999999879e-04
-1.210091999999999939e-02
-1.021598199999999932e-03
-2.822144999999999862e-02
4.994307500000000344e-02
7.142667299999999782e-04
3.801682599999999662e-02
2.679990000000000150e-02
1.982360299999999867e-02
-7.472950499999999642e-03
3.225207000000000074e-02
-2.872876599999999933e-02
8.337596700000000308e-04
-5.340472599999999959e-02
-2.068450000000000150e-02
6.292040999999999606e-02
-3.014367299999999930e-02
2.966217700000000138e-02
-1.105114899999999969e-02
9.314281000000000643e-02
1.673736199999999869e-02
-6.092573700000000064e-02
4.201632699999999915e-02
-1.447938399999999966e-02
1.230405400000000003e-02
-8.685840000000000227e-03
4.102863400000000133e-02
-5.930003999999999831e-02
-2.552663700000000133e-02
5.535222199999999954e-02
6.338674600000000076e-03
6.012601399999999846e-02
5.156631999999999882e-02
1.836407600000000001e-02
6.594695999999999891e-02
2.862466300000000158e-02
-5.509899000000000394e-03
-1.633348700000000070e-02
-6.242492000000000180e-02
-4.878431999999999907e-02
1.064981999999999908e-03
1.375458400000000025e-02
-2.164790000000000117e-02
-5.924172000000000118e-03
-1.691313499999999928e-02
-7.102172000000000346e-03
4.513207999999999803e-02
8.968987499999999183e-03
5.729795000000000027e-02
3.399323299999999770e-02
4.826694999999999770e-03
-3.007144299999999978e-02
2.872117000000000073e-02
3.102881600000000073e-02
2.017524000000000053e-02
6.191763299999999970e-02
-1.621436999999999878e-02
-1.518251099999999923e-02
-3.463331100000000082e-03
1.630405999999999869e-02
1.084269900000000078e-02
1.155650499999999990e-02
-1.352232599999999944e-02
1.558528699999999975e-02
7.581647500000000123e-03
-2.730742300000000081e-02
-2.237495999999999929e-02
-8.551407599999999443e-02
5.078876799999999803e-02
2.807894999999999835e-02
-4.563643999999999839e-04
-6.050018599999999747e-02
1.925373200000000040e-03
-6.057133499999999698e-02
1.104789259999999947e-04
3.613694399999999723e-02
2.854757999999999948e-02
7.090793500000000353e-03
-1.164602500000000082e-02
-5.499537699999999807e-02
3.079068299999999925e-02
1.402108300000000016e-02
4.660507700000000170e-02
2.811472699999999908e-02
-1.298492000000000103e-04
9.048512599999999906e-02
-1.911760900000000069e-02
-2.307601499999999833e-02
-1.086778899999999923e-03
-1.143430999999999961e-02
2.070042500000000146e-02
-4.866488000000000085e-04
5.518133999999999843e-04
-5.757846300000000334e-02
-2.605261999999999856e-02
-2.404040999999999990e-03
3.562049999999999939e-02
3.326640699999999784e-02
-2.674974100000000049e-02
-1.126124499999999959e-02
-9.836498000000000810e-03
-3.249578000000000189e-02
-5.683219599999999542e-04
6.728597000000000224e-03
4.854672000000000154e-02
-9.188837999999999520e-03
-2.702913599999999875e-02
3.378507000000000038e-02
-2.298853500000000091e-02
4.375238699999999675e-02
-3.280385999999999719e-02
-3.807738000000000095e-02
4.244468400000000335e-02
4.340518599999999838e-02
3.667923000000000017e-02
-4.432167000000000051e-02
-1.083716749999999972e-02
-3.866819700000000137e-02
4.006697299999999705e-03
-5.681506000000000056e-02
-1.795671999999999893e-02
-3.860862499999999798e-03
-2.216805499999999814e-03
2.467062000000000074e-02
-2.322096599999999914e-02
4.879730599999999863e-02
6.289907000000000137e-02
-3.129650300000000329e-02
-1.234600299999999949e-02
-1.216836399999999922e-02
-2.923007500000000120e-02
5.484982400000000362e-03
2.839697899999999928e-02
-5.259135300000000388e-03
-2.319570300000000154e-02
2.248314200000000023e-03
3.906285399999999929e-03
2.358661000000000091e-02
1.269209900000000009e-02
2.692305999999999866e-02
-1.845690399999999967e-02
3.743512000000000228e-02
1.904409400000000099e-02
-9.784805000000000585e-03
3.406962000000000185e-02
-4.305043700000000390e-03
5.747760999999999842e-02
2.544110400000000171e-03
6.787215000000000609e-02
6.886934499999999848e-02
6.325768300000000378e-03
4.670234399999999980e-02
2.109051500000000065e-02
6.328568599999999378e-02
2.538284300000000129e-03
2.531932500000000016e-02
2.514140299999999967e-02
7.311737999999999571e-02
2.823278499999999983e-02
4.014058000000000209e-02
2.413222799999999862e-02
-6.807223400000000403e-03
4.227049600000000289e-03
-3.145585599999999732e-02
-9.454783999999999411e-02
-2.519603399999999910e-02
1.241194500000000062e-02
2.815053799999999926e-03
-1.853329299999999930e-02
3.337002499999999761e-02
-1.462706899999999949e-02
-3.942809299999999739e-02
-1.699462499999999932e-02
6.732720999999999845e-02
-2.543618900000000141e-02
2.062231499999999870e-02
-4.592853600000000244e-03
-7.878530999999999729e-02
-3.652136000000000271e-02
-1.482793399999999921e-02
4.080425599999999708e-02
-6.752043000000000628e-02
9.577439000000000091e-03
2.490691800000000011e-02
1.103376200000000078e-02
4.625060599999999619e-03
-5.306733299999999778e-03
3.702645400000000031e-02
-4.391836400000000140e-02
-2.959002999999999980e-02
-1.878749999999999865e-02
5.138430699999999712e-02
2.455463800000000016e-02
3.528793000000000207e-02
-7.529794999999999718e-03
2.806799000000000099e-02
3.191850999999999716e-02
-3.244381400000000137e-02
-1.823787199999999872e-02
3.199397799999999931e-02
-4.679965999999999987e-02
-3.252044700000000094e-02
1.367771899999999921e-03
-1.175652800000000046e-02
2.409738999999999978e-02
-2.710910700000000034e-02
9.175993000000000344e-03
4.833810399999999979e-02
-9.081430999999999185e-03
-2.944757799999999856e-02
-5.057350000000000040e-02
2.784880400000000131e-02
4.439654000000000343e-03
1.083285550000000035e-02
-7.131082599999999383e-02
5.721016200000000190e-02
2.780365400000000056e-02
-6.382321999999999995e-02
-1.632022899999999860e-02
-5.860409999999999925e-02
-7.699472999999999734e-02
1.364146899999999982e-02
2.161060299999999906e-02
-2.897362200000000183e-03
5.651185699999999867e-02
-9.944444000000000200e-03
-8.459759000000000029e-02
-1.761269600000000060e-02
1.801973800000000042e-02
-1.976849699999999946e-03
-2.218177199999999891e-02
1.086942999999999937e-03
7.625001499999999911e-03
2.511358799999999919e-02
1.686779000000000056e-02
-1.433678600000000067e-02
-2.925866699999999862e-02
-5.055231000000000308e-02
4.383516300000000337e-02
4.673178499999999791e-02
5.142320399999999840e-03
1.131569200000000046e-02
-7.382132999999999924e-03
7.118268399999999781e-03
1.238392599999999996e-02
8.667634400000000239e-02
-5.681479300000000232e-02
-7.246120000000000339e-02
-6.901416999999999968e-03
-2.153796700000000161e-02
-1.150368249999999919e-02
-1.761503299999999869e-02
-4.018461699999999887e-02
4.577409999999999812e-02
6.129372000000000292e-02
8.483001599999999420e-02
-5.264516500000000071e-03
-4.671592600000000223e-04
-2.530386700000000072e-02
-1.070439100000000060e-02
-3.989131700000000252e-02
-6.160952600000000126e-03
3.787869199999999853e-02
-2.413131899999999830e-02
6.945387499999999652e-03
-4.277965000000000240e-02
-2.302183999999999828e-02
-3.791840299999999983e-03
-4.962153400000000186e-02
4.813463199999999664e-02
-2.465159000000000100e-02
7.280551999999999814e-04
2.725065200000000108e-03
7.896164000000000655e-03
1.740390400000000129e-02
4.048350699999999844e-03
2.042090499999999961e-02
-2.219570000000000137e-03
-1.664787499999999948e-02
-6.219192999999999943e-02
-1.859584800000000163e-02
-3.649320500000000078e-02
-2.116948700000000072e-02
4.525605600000000284e-02
-1.106378799999999975e-02
6.368936999999999862e-03
4.932045599999999863e-02
-3.036995799999999898e-02
1.039210299999999976e-02
4.968732199999999904e-02
3.077614700000000023e-02
-6.096627599999999980e-02
-2.093511300000000172e-02
1.438453049999999928e-02
2.695612000000000008e-02
-1.064334299999999955e-02
-4.487093999999999805e-02
-5.897518999999999678e-02
-1.776232000000000158e-02
4.155231000000000202e-02
5.801661999999999965e-03
-8.410647499999999999e-03
1.164320899999999985e-02
2.468527699999999853e-02
-5.657148699999999669e-02
1.147679400000000023e-02
5.087113000000000052e-02
4.111796200000000095e-02
2.856556700000000004e-02
-8.751770000000000382e-02
-1.232861299999999912e-03
6.179600000000000370e-03
3.468065700000000123e-04
-6.808066000000000118e-02
-6.446129999999999569e-03
-4.383536999999999850e-02
-4.175391999999999992e-02
2.869561899999999860e-02
1.199802600000000018e-02
7.226589999999999403e-02
8.368979399999999791e-02
-4.790577000000000030e-02
6.044279999999999965e-03
-5.058264400000000299e-02
1.023190799999999963e-02
2.556268100000000029e-02
-1.797769000000000060e-03
9.845740999999999868e-03
1.463461800000000028e-02
2.436559500000000031e-02
2.981972499999999832e-02
1.340497400000000006e-02
4.715971600000000430e-03
3.937963399999999670e-02
-1.803770500000000110e-02
3.074791300000000172e-02
4.129031999999999841e-02
-1.414926700000000009e-02
-2.592615800000000210e-03
-3.536649800000000315e-02
-1.175938800000000083e-02
-5.919444599999999779e-02
1.174578299999999922e-02
3.388451399999999752e-02
3.080011900000000080e-02
5.655542000000000381e-03
3.897206500000000018e-02
-1.968665999999999992e-03
-4.932456500000000077e-02
5.462111499999999786e-02
-1.218392700000000065e-02
-4.420763600000000154e-02
3.970484999999999987e-02
4.576472200000000073e-02
-4.810532000000000002e-02
2.617211300000000032e-02
-2.129261600000000032e-02
-3.365828500000000306e-02
4.863290499999999711e-02
2.645629000000000036e-02
-1.949163600000000055e-03
-3.492837300000000041e-03
-5.578402400000000150e-02
-6.127022199999999919e-02
-9.972339000000000203e-03
-5.854891999999999779e-04
-2.773943599999999839e-03
3.236951999999999885e-02
-1.512179500000000038e-02
1.580220800000000161e-02
-1.822999900000000020e-02
5.583798999999999707e-02
2.177272699999999866e-02
-4.649699999999999667e-02
1.082180600000000048e-01
-1.034411399999999974e-02
5.970699700000000124e-03
-4.371176300000000070e-02
1.366450100000000077e-02
4.322659200000000118e-02
-2.136448200000000061e-02
