7.338630999999999627e-02
3.177765999999999924e-02
-4.939253300000000235e-02
-6.476201999999999697e-04
4.750671000000000060e-02
4.870846499999999940e-02
3.211832600000000173e-03
1.133737699999999918e-03
8.088240999999999487e-03
2.442180199999999940e-02
2.074780899999999900e-02
6.768433999999999562e-02
3.603290399999999755e-02
2.665245999999999935e-02
4.066564500000000026e-02
-1.998553000000000135e-02
5.088568999999999731e-02
1.619563300000000095e-02
-3.518451400000000007e-02
-6.010682500000000261e-02
-4.513918000000000097e-02
1.770151799999999942e-02
4.659420299999999723e-03
7.562155400000000229e-03
-3.012224799999999817e-03
-5.043740000000000029e-02
-2.641253199999999898e-02
-7.196576999999999835e-02
-9.220779999999999602e-03
-3.542168999999999873e-02
5.591727400000000292e-02
5.351354600000000211e-02
4.094417999999999669e-02
-2.114105800000000077e-02
3.394867499999999760e-02
2.573858600000000080e-02
5.788129300000000033e-03
-2.223549000000000012e-02
4.009531399999999995e-02
-6.236281999999999937e-02
4.577755000000000192e-03
-3.926703000000000138e-02
-1.179601299999999929e-02
3.412448199999999765e-02
4.421629399999999974e-04
-6.794882600000000383e-02
-1.972164200000000103e-02
-3.210085699999999913e-03
-2.934743999999999894e-02
5.274890699999999766e-02
2.292010699999999859e-02
4.138035000000000324e-02
-3.245329500000000006e-02
1.018426700000000032e-02
-2.505166600000000021e-02
-7.966968400000000450e-02
-1.900803900000000088e-02
-4.137820400000000176e-02
4.660089299999999740e-02
-1.667850300000000077e-02
2.902941000000000028e-03
-2.863290199999999827e-02
5.264174199999999831e-02
-6.133508000000000016e-02
2.860139500000000168e-02
-1.507571000000000085e-02
-8.958176999999999460e-03
8.250418000000000682e-03
-7.896553000000000599e-02
1.084383000000000048e-02
-9.140926000000000606e-03
3.018254399999999865e-02
-1.997708999999999943e-02
3.654010600000000275e-02
-1.448232500000000075e-02
1.454780699999999941e-02
4.753643999999999578e-03
1.968697999999999976e-02
-2.891922600000000100e-03
2.091040799999999839e-02
-4.192817199999999966e-02
-5.466092000000000520e-04
2.702454099999999915e-02
1.703565400000000077e-02
-1.672132499999999869e-02
3.702036999999999689e-02
4.625372600000000195e-02
6.877892000000000033e-03
-1.991338499999999873e-02
-4.144570999999999672e-02
1.144104199999999988e-01
1.134482199999999920e-02
6.292224400000000044e-03
1.349327499999999945e-03
5.417011299999999890e-02
-3.882043400000000088e-02
-1.169864240000000055e-01
-1.265468999999999899e-01
3.516074300000000125e-02
2.690595800000000065e-02
4.362570999999999984e-03
1.406032599999999973e-02
-2.502019299999999960e-02
2.080859299999999947e-04
4.728692799999999891e-02
-9.892362000000000030e-03
-1.621473600000000043e-02
-3.776194000000000078e-02
-7.559150500000000328e-02
4.563550699999999877e-02
4.545355200000000123e-02
7.054562999999999806e-03
1.438245999999999969e-02
1.164745200000000085e-03
-6.641030000000000544e-02
1.319003900000000062e-02
-8.215227000000000293e-03
1.647061299999999853e-02
-1.218597400000000046e-02
2.215622700000000056e-02
2.714340200000000050e-02
8.401048999999999323e-02
-2.903948699999999924e-02
8.802935000000000620e-02
4.474183000000000326e-02
3.114781299999999989e-02
8.767565999999999207e-03
-2.127700700000000056e-02
-2.665102000000000096e-02
-1.594533000000000061e-02
4.199817000000000133e-02
-2.343625800000000148e-02
3.194963800000000156e-03
3.144229199999999669e-02
-2.189297800000000044e-02
2.961317600000000147e-02
6.484219400000000577e-02
-8.880528000000000380e-03
-2.538338000000000053e-02
3.681893599999999656e-02
-1.182260899999999955e-02
4.869712999999999906e-04
-6.657654000000000349e-02
5.644455999999999952e-04
-1.238593900000000032e-02
-5.804977000000000054e-02
3.494106599999999979e-02
5.081493399999999910e-02
2.553105500000000042e-02
1.944693200000000011e-02
-1.729643900000000026e-02
-2.848495700000000172e-02
3.434967600000000260e-02
-1.857506700000000066e-02
-3.048729299999999864e-02
4.037882799999999855e-02
2.425427399999999928e-02
-4.024744999999999712e-02
2.841120600000000135e-02
-2.971784599999999915e-02
5.425131300000000240e-02
-6.660217000000000220e-02
9.046270999999999826e-03
2.979369299999999957e-02
-1.636435799999999899e-02
-1.875365699999999997e-02
4.739439600000000009e-03
-4.628841000000000205e-02
1.712628600000000098e-02
-2.050230000000000108e-02
-1.339267799999999987e-02
-6.197240200000000282e-02
-5.431206000000000228e-02
-5.422352300000000264e-02
3.066416799999999859e-02
5.901565299999999778e-03
1.012844300000000086e-02
-2.563203299999999851e-02
-2.192199200000000125e-02
1.825784300000000103e-03
8.070386999999999700e-02
-7.875945999999999989e-03
3.544004600000000282e-02
-5.693088999999999789e-02
-2.609729800000000141e-02
-1.264637149999999974e-02
2.168803500000000134e-02
4.054171200000000058e-02
4.816337999999999869e-02
7.309469999999999856e-02
2.698382699999999842e-02
-2.069456700000000052e-02
6.254678999999999968e-03
4.767662999999999762e-02
5.477334999999999843e-03
6.023902999999999897e-02
4.560843500000000272e-02
-1.958907400000000146e-02
-9.604282999999999917e-03
-3.905348000000000153e-02
3.749446199999999924e-02
7.235387000000000068e-02
3.185456599999999909e-03
-1.432347200000000029e-02
-2.079228699999999957e-02
7.463731999999999311e-02
-9.279054999999999595e-03
-3.354145199999999938e-02
-1.068179600000000035e-02
2.810493299999999861e-02
-1.898924600000000129e-02
-5.511128500000000291e-02
-3.984468000000000037e-02
-2.436397400000000005e-02
-5.542562000000000010e-03
2.528499400000000161e-02
4.574728000000000128e-02
2.599629599999999860e-02
4.422237400000000179e-02
-4.377252599999999910e-02
2.972150600000000170e-02
1.062236199999999978e-02
-2.862881999999999927e-02
5.955308299999999971e-02
-1.357303200000000050e-02
-2.458603700000000156e-02
-6.087267799999999951e-02
-7.699366500000000410e-04
2.624787799999999879e-02
-7.716887399999999841e-02
-2.980492499999999947e-02
-1.550594100000000052e-02
1.587983000000000103e-02
-2.362830999999999959e-02
-6.219029999999999697e-02
-4.514314000000000174e-03
2.720764999999999989e-02
-5.583987800000000251e-02
-7.600375500000000097e-03
-2.636884899999999976e-02
-2.126507599999999908e-04
-3.529412000000000001e-03
1.641166000000000152e-02
-8.045336000000000154e-03
4.152831399999999673e-02
-3.074686300000000188e-03
5.212537600000000104e-02
2.046868799999999877e-02
-1.687913799999999839e-02
1.367459350000000025e-02
-2.444729799999999925e-02
-9.090328999999999424e-03
-7.588340999999999836e-02
-1.302779300000000105e-03
-5.794625999999999943e-02
1.912978499999999984e-02
8.156854999999999314e-03
2.403800700000000012e-02
1.444086800000000080e-02
2.064096400000000123e-02
4.833945299999999751e-02
-3.311949599999999827e-02
5.423347999999999711e-03
-8.034985499999999434e-03
1.165890799999999995e-03
-7.014765000000000583e-02
2.492072299999999793e-03
4.069422999999999964e-03
2.411775999999999850e-02
-4.200831800000000282e-02
3.257589999999999791e-02
-4.692509999999999737e-02
-6.070128500000000066e-02
-1.838276200000000041e-02
-1.407110999999999952e-02
4.431104699999999924e-02
-1.161096999999999997e-02
-6.194095000000000197e-06
-4.477334399999999964e-02
-6.151131499999999697e-02
6.632868999999999571e-02
8.620894999999999947e-03
1.805657999999999916e-02
-3.864614699999999875e-02
2.029856999999999842e-02
4.210736999999999987e-03
2.442449899999999882e-02
-1.658948699999999998e-02
9.199161000000000837e-03
-6.811172499999999796e-02
5.363235000000000224e-02
1.053893900000000064e-02
-6.352500599999999498e-02
-6.001544699999999954e-02
3.943041999999999901e-03
1.133189499999999982e-02
2.660321800000000139e-02
6.994058000000000219e-02
-2.518441199999999977e-02
-1.794844099999999901e-02
7.322266699999999823e-03
3.684140000000000331e-02
-5.649850499999999748e-02
4.152130300000000246e-02
-5.056889999999999996e-02
-3.669292399999999916e-03
-2.946889800000000031e-02
4.682560999999999668e-02
-2.001840599999999901e-02
-1.117614299999999949e-02
1.192094500000000050e-02
2.385677199999999831e-02
-3.894141999999999743e-02
-2.200242499999999907e-02
-4.564688699999999710e-02
2.416030000000000000e-03
-1.455307499999999865e-01
-2.810330700000000098e-02
2.569557000000000091e-02
3.074353200000000050e-02
7.440785400000000244e-03
4.127580699999999769e-02
-3.826741000000000170e-02
2.119223600000000145e-03
2.864648800000000120e-02
-1.034846399999999993e-02
1.992002500000000093e-02
-1.273435449999999955e-02
5.037098999999999743e-02
1.419964500000000032e-02
3.147840500000000097e-02
-2.516900999999999861e-02
1.948428199999999860e-02
-4.214134800000000208e-02
1.572167899999999882e-02
8.153353000000000336e-03
-4.838973299999999728e-02
1.948681500000000108e-02
8.204993600000000387e-02
-4.178240499999999794e-04
3.022234500000000115e-02
4.886507000000000003e-03
5.938962999999999881e-02
2.861503899999999836e-02
8.261498000000000366e-04
-3.599455599999999700e-02
-4.751403299999999719e-02
-3.160010299999999744e-02
2.247969199999999904e-02
-1.643553600000000059e-02
4.452774699999999947e-02
7.337211000000000427e-02
1.517362099999999998e-03
9.933334000000000261e-03
-3.865620800000000006e-03
4.222121499999999944e-02
9.482109000000000718e-03
2.081339200000000000e-02
3.711344300000000290e-02
8.932314000000000226e-03
2.558828700000000123e-02
6.949162000000000394e-02
3.661300199999999866e-02
4.501788699999999949e-02
4.057539999999999758e-02
1.852428399999999850e-02
4.517290399999999984e-02
5.538734000000000018e-02
1.101612949999999924e-02
-5.656585599999999769e-03
-4.527342499999999909e-03
2.827153500000000041e-02
2.053823299999999949e-02
-1.096722500000000058e-02
1.730448000000000056e-02
-3.900470000000000326e-02
-2.021993000000000054e-02
-2.670104100000000001e-03
-7.527570199999999989e-03
-2.986895900000000048e-02
1.567260700000000159e-02
-1.494690700000000060e-02
-4.412067699999999704e-02
6.590301600000000003e-03
3.395205000000000098e-03
6.479280399999999551e-02
-9.603973500000000108e-02
1.258983900000000024e-02
-1.950820299999999827e-02
-3.251388999999999668e-02
-1.972861600000000090e-02
6.022304299999999694e-02
-2.296009800000000170e-02
2.926050999999999826e-03
-2.436051499999999925e-02
3.737140399999999696e-02
5.334555700000000178e-02
7.615127600000000385e-03
-1.151073500000000024e-03
-4.439965399999999847e-03
1.134584899999999986e-02
-1.004884900000000032e-02
3.630362000000000172e-02
-3.160900600000000199e-02
3.829453499999999760e-02
-2.769563900000000106e-02
8.205081499999999917e-02
1.660536400000000082e-04
-6.218420999999999671e-02
4.148063400000000234e-02
4.462657499999999819e-03
-2.776112000000000024e-02
-4.672179399999999705e-02
-2.738179199999999942e-03
-4.013798799999999944e-02
-1.484976699999999983e-02
7.606643000000000432e-02
1.725385700000000092e-02
5.529254000000000113e-02
3.809905000000000236e-02
-2.654508500000000038e-03
5.336661000000000182e-02
4.747639000000000026e-02
2.807534999999999892e-03
1.013491799999999938e-04
-4.815110200000000118e-02
-3.723252000000000245e-04
-3.241473999999999744e-02
2.831002999999999992e-02
-1.860917399999999916e-02
4.725797000000000331e-02
1.818559999999999968e-02
-9.319365999999999501e-04
6.841286000000000589e-02
1.229450300000000003e-02
6.498250999999999333e-02
1.955702000000000135e-02
-2.225875100000000023e-02
-8.717384999999999370e-03
3.656470800000000132e-02
2.632727300000000173e-02
2.559851000000000140e-02
8.553399000000000418e-02
-5.305134700000000217e-03
8.627777999999999142e-03
8.635243000000000779e-03
-2.535190999999999834e-02
1.483581100000000083e-02
1.559058600000000003e-02
7.846749000000000085e-03
2.581599700000000025e-02
-3.417383400000000102e-04
-2.600155299999999930e-03
-5.605639500000000192e-02
-7.619512000000000507e-02
6.179510800000000137e-02
2.538340000000000041e-02
1.981427400000000151e-03
-1.428135200000000063e-02
2.523353999999999788e-03
-5.774906300000000325e-02
-8.534686999999999135e-03
2.674855300000000130e-02
3.591145200000000343e-02
-2.130892300000000045e-02
5.815016600000000313e-03
-1.949797600000000020e-02
3.370828000000000019e-02
6.357954000000000383e-02
4.615850400000000298e-02
4.837246600000000285e-02
1.725194400000000169e-02
8.345416999999999419e-02
3.118795800000000000e-03
-3.896666299999999861e-02
-6.393983500000000389e-03
3.425862300000000193e-02
2.190954800000000091e-02
-1.563847000000000154e-02
5.967023999999999592e-03
-3.511097299999999671e-02
2.084389299999999962e-03
-4.409462599999999788e-02
2.153050700000000081e-02
1.324450400000000069e-02
6.322111499999999787e-03
-9.473178999999999975e-03
1.639115999999999837e-02
-7.260751000000000184e-03
-2.819440499999999877e-02
3.315330300000000202e-02
7.897616999999999138e-03
-1.663969300000000054e-02
-1.127800399999999946e-02
2.972713999999999912e-02
8.555296000000000428e-03
6.866946999999999635e-02
-2.967364999999999933e-02
-2.996220600000000164e-02
6.399454000000000253e-02
5.372384599999999871e-02
3.231910000000000338e-02
-4.282685700000000290e-02
-1.751198600000000022e-02
-4.772184399999999938e-02
1.966077299999999944e-02
-5.778554000000000329e-02
-1.566358799999999912e-02
6.850261000000000544e-02
2.304503100000000054e-02
2.271261999999999934e-02
-4.372042799999999868e-02
5.187846299999999966e-02
1.872992000000000060e-02
-2.907204299999999880e-02
-3.256607999999999725e-02
1.519012800000000066e-02
4.403353999999999949e-03
-2.452504299999999984e-02
3.815709400000000251e-02
7.061127599999999713e-03
-3.911536999999999653e-02
-1.485211600000000028e-02
-4.881269300000000248e-03
3.403951200000000094e-02
1.228090000000000084e-02
5.447649000000000241e-02
-3.125656999999999741e-02
2.792708199999999891e-02
2.800393999999999887e-03
2.101261199999999996e-02
3.565800200000000114e-02
3.358809599999999784e-02
4.488214499999999829e-02
3.623375000000000207e-02
6.544395999999999547e-02
5.719772399999999840e-02
-2.872655200000000068e-03
6.018336999999999992e-02
3.567673300000000214e-02
3.779590000000000033e-02
3.019762800000000066e-02
-1.212511999999999965e-02
6.318002000000000340e-02
2.585722699999999999e-02
4.304083000000000214e-02
1.456328299999999978e-02
6.508274999999999477e-02
-1.546779199999999931e-02
4.961105799999999955e-02
-8.877339999999999190e-03
-3.845144400000000129e-02
-3.370607300000000306e-02
5.870213699999999798e-03
9.743935000000000443e-03
-3.837490000000000345e-02
3.472812499999999858e-02
-2.152024400000000087e-02
-2.151395600000000075e-02
-2.440711300000000111e-02
4.070772000000000279e-02
-2.485137200000000005e-02
-9.059654999999999792e-03
-3.782483600000000057e-02
-7.649422000000000166e-02
-1.866663300000000062e-03
-2.666905099999999917e-02
3.621259300000000125e-02
-1.618397800000000164e-02
2.648963600000000043e-03
2.957341600000000167e-02
-3.594572499999999782e-02
3.459907300000000102e-02
-2.599989399999999909e-02
1.906721100000000058e-02
-3.017242599999999872e-02
-6.520836000000000687e-02
1.257671699999999941e-02
3.032086200000000051e-02
2.531172500000000020e-02
-2.913741599999999932e-02
-1.933411299999999999e-02
4.051634700000000117e-02
1.367604700000000020e-02
5.743281000000000254e-03
-3.008188300000000023e-02
4.970445999999999892e-02
-1.649253300000000019e-02
4.432311700000000215e-03
-1.759103000000000055e-02
1.316308799999999987e-02
-1.587686399999999965e-03
1.558030399999999968e-02
-6.129542699999999955e-02
5.847153800000000345e-02
-3.874921399999999710e-02
-2.429747800000000083e-02
-1.883207999999999876e-04
3.133755500000000305e-02
-1.408888999999999975e-03
2.284529799999999999e-02
-2.215173000000000142e-02
6.413183999999999552e-02
-2.153500400000000169e-03
-4.085860999999999660e-02
-6.555450999999999639e-02
-1.435802400000000048e-02
-8.899058399999999758e-02
-6.302244499999999985e-03
-1.480596399999999904e-04
6.130608699999999869e-03
3.319825600000000237e-02
-2.054735800000000168e-02
-2.116301300000000135e-02
-5.955657000000000312e-02
2.196467500000000024e-04
-2.392932799999999971e-02
-6.768884499999999749e-02
2.466619600000000134e-02
1.054552999999999957e-03
2.738677499999999862e-02
-9.184510999999999370e-03
-2.920511199999999835e-03
-5.966429700000000247e-05
-2.210613900000000034e-02
1.395241799999999942e-02
1.464033600000000032e-02
6.691696999999999923e-03
5.615249299999999777e-02
-4.012044499999999764e-02
2.094680800000000079e-02
-1.385343449999999928e-02
8.925060999999999412e-02
-3.614128999999999953e-02
-4.794717600000000107e-02
-3.336147600000000102e-02
-3.477641599999999750e-02
3.740099399999999991e-02
2.356885200000000125e-02
-6.785985999999999407e-02
3.731554000000000121e-02
5.645386000000000154e-02
8.489591000000000498e-02
1.190561600000000081e-02
-2.439604100000000025e-02
-2.001950499999999994e-02
1.303590200000000025e-02
-2.418096399999999924e-02
1.405587600000000013e-02
5.199955400000000338e-02
1.912750900000000087e-02
3.344629999999999825e-02
-7.719380400000000475e-02
1.524402600000000080e-02
-3.744576499999999891e-02
-2.426857899999999846e-02
5.158859000000000014e-03
-4.221075400000000311e-02
-2.396566799999999900e-02
-3.668644699999999703e-02
2.313719599999999876e-03
-2.085752199999999987e-02
-1.269497699999999965e-02
3.100612999999999980e-02
-3.871572700000000013e-03
-4.004169999999999952e-02
-7.755684999999999663e-02
-7.775752999999999832e-03
-1.297610499999999993e-03
-2.708491700000000002e-02
2.042072799999999910e-02
-2.767727899999999908e-02
-3.601419700000000040e-03
-8.112272999999999706e-04
1.074380800000000052e-02
-5.416473699999999752e-02
-6.980946800000000299e-03
3.261827999999999950e-02
-5.187500300000000286e-02
9.377853000000000230e-03
2.063894000000000145e-02
-1.410702200000000031e-02
3.100040199999999982e-02
-5.445333000000000118e-02
-3.236414499999999694e-02
4.370236000000000433e-03
5.217875000000000291e-02
-2.033897999999999956e-02
-1.368565300000000075e-02
2.461093899999999834e-02
7.412758699999999999e-03
-5.894231800000000049e-02
-1.525508499999999983e-02
4.791717599999999883e-02
1.098056099999999979e-02
9.393912599999999780e-02
-2.540094000000000032e-02
-4.471613000000000150e-03
-3.255700300000000103e-02
3.498650300000000213e-02
-4.985176999999999664e-02
-1.386416400000000000e-02
-5.056324000000000062e-03
-1.666187300000000066e-02
-1.061238599999999969e-02
-3.580693499999999807e-02
4.681061999999999723e-02
3.022556800000000127e-02
2.634120599999999982e-03
2.500696000000000169e-02
-2.613838799999999851e-02
3.131177000000000266e-02
7.271381999999999846e-03
-2.791881699999999855e-02
4.973944000000000108e-03
-5.663328300000000128e-03
4.795239999999999919e-02
3.726291999999999799e-02
2.503300300000000159e-02
-6.620072999999999756e-03
6.047330000000000066e-02
1.640467500000000051e-02
2.802020100000000152e-02
4.767446999999999657e-02
1.434240799999999920e-02
4.621399999999999814e-02
-2.149526599999999898e-02
-2.422737100000000102e-02
-6.192109400000000291e-02
3.500241999999999937e-02
3.373480999999999702e-02
2.153223599999999974e-02
-2.449676199999999832e-02
2.546184500000000031e-02
-7.553297999999999957e-03
-3.198557300000000325e-02
3.663160299999999869e-02
-1.196270099999999920e-02
-2.171747799999999839e-02
2.028555599999999973e-02
3.330371499999999763e-02
-6.723885000000000278e-02
1.119246150000000051e-02
-3.121228100000000144e-02
-2.180727600000000044e-02
3.996531999999999862e-02
-1.561193599999999987e-03
1.514909400000000010e-02
2.952831999999999853e-03
-3.095158199999999832e-02
-5.896102300000000129e-02
-1.521977600000000083e-02
-5.347065599999999835e-02
8.003939999999999319e-03
-1.539187200000000089e-03
9.333503999999999412e-03
-2.796499399999999996e-02
-3.043604499999999838e-02
1.638275000000000148e-02
1.033325700000000021e-02
-2.064817199999999936e-02
9.586583999999999384e-02
6.883203499999999801e-03
-1.930872399999999933e-02
-2.891751799999999969e-02
1.458659099999999945e-02
5.347041400000000083e-02
-2.153954500000000022e-02
