6.928826000000000429e-02
2.925321300000000013e-02
-5.190621000000000124e-02
-1.164130900000000073e-02
1.650841700000000092e-02
7.229207499999999731e-02
1.491805499999999951e-02
1.609596199999999838e-02
6.748576600000000258e-03
-8.364880999999999359e-03
3.565028700000000272e-02
5.712455500000000047e-02
5.588365700000000325e-02
4.619251199999999807e-02
4.243727399999999705e-02
-1.071632999999999961e-02
4.689647499999999758e-04
8.063579999999999359e-02
-4.325474800000000258e-02
-3.693779600000000191e-02
-2.447776000000000118e-02
2.284869200000000031e-02
1.157937900000000075e-02
1.027340199999999919e-02
-4.995608200000000408e-03
-3.355280299999999910e-02
-4.017637999999999765e-02
-4.062758799999999920e-02
2.302134400000000088e-03
-8.359534999999999882e-02
4.583012699999999828e-02
4.551892700000000069e-02
4.030564799999999948e-02
5.522639499999999931e-03
4.812887300000000257e-02
4.035404299999999916e-02
-1.299501300000000100e-03
-9.612290000000000764e-03
1.152987400000000072e-02
-9.409270000000000134e-02
1.028751700000000080e-03
-4.157773000000000024e-02
1.376289500000000068e-02
2.342032000000000141e-02
-7.309073699999999721e-04
-4.661086999999999869e-02
-1.537020000000000053e-02
5.467660299999999723e-03
-4.651667599999999986e-02
4.867190500000000142e-02
1.170316000000000065e-02
2.669461299999999898e-02
-4.582287699999999797e-02
-2.118283500000000055e-02
-2.885810499999999848e-02
-5.673545599999999661e-02
-2.499165600000000098e-02
-2.085201600000000099e-02
4.898670000000000108e-02
-3.469118000000000201e-02
1.946060700000000129e-02
-3.197058299999999686e-02
8.471951000000000134e-03
-2.726077099999999961e-02
2.401834499999999997e-02
-4.074895399999999696e-02
1.040850699999999913e-02
9.707903500000000590e-05
-6.858835000000000626e-02
2.982110199999999864e-02
-2.889141599999999963e-02
1.980039100000000052e-02
-4.876671700000000109e-02
3.022342999999999905e-02
-1.348899899999999978e-02
1.040356599999999951e-02
-1.470569799999999969e-02
3.662709799999999943e-03
1.963706999999999953e-02
7.732332700000000419e-03
-3.255086799999999669e-02
-2.475366400000000161e-02
1.349466300000000049e-02
2.181633700000000162e-02
3.678536300000000148e-03
4.604257999999999962e-02
1.059732399999999998e-02
9.645044000000000187e-03
-3.267309999999999659e-02
-2.146087400000000131e-02
1.239724199999999998e-01
2.949784899999999960e-02
5.746541499999999712e-03
7.734428599999999994e-03
7.730351000000000583e-02
-1.698583999999999858e-02
-7.511213399999999707e-02
-8.793349999999999778e-02
-2.473919000000000205e-03
1.664200600000000085e-02
3.892140200000000164e-03
4.331606000000000345e-02
-1.942229300000000020e-02
-3.191309400000000296e-02
5.130990199999999751e-02
1.762048299999999929e-02
-1.868116499999999958e-02
-6.658862499999999851e-02
-8.890818999999999805e-02
4.485900300000000146e-02
3.330369300000000227e-02
-3.155528299999999994e-03
5.368820199999999737e-02
-4.189842400000000182e-03
-4.021635700000000119e-02
-8.327935999999999325e-03
-1.457537700000000047e-02
3.696229699999999813e-02
-1.713560500000000167e-02
1.517129600000000078e-03
2.223729500000000067e-02
9.401402000000000370e-02
-2.485012799999999911e-02
8.735653000000000168e-02
5.428429700000000219e-02
1.839963699999999994e-02
-1.366755700000000032e-02
-2.558778999999999915e-02
-2.219845399999999941e-02
5.450868999999999680e-03
4.633964000000000139e-02
-2.768282600000000065e-02
1.210878200000000023e-02
2.054237199999999972e-02
-1.392849600000000028e-02
1.503979499999999990e-02
7.228766999999999832e-02
-1.400056799999999969e-02
3.613995599999999826e-03
4.315564000000000205e-02
-1.847726300000000071e-02
-4.758032400000000023e-02
-5.696807799999999838e-02
-3.891753500000000136e-03
-2.448713599999999962e-02
-6.144514300000000068e-02
2.868028699999999875e-02
5.804385599999999784e-02
-9.527468000000000742e-03
-1.393789800000000065e-02
-6.019764999999999838e-02
-1.732594700000000126e-02
5.795378600000000019e-02
-1.612492299999999934e-02
-4.786987999999999834e-03
3.799843800000000243e-02
2.943278800000000139e-02
-2.272704999999999864e-02
3.497154599999999919e-02
-1.152333300000000019e-02
3.761102000000000195e-02
-7.342546399999999585e-02
-2.889698999999999914e-03
5.017136999999999986e-02
-4.531356300000000115e-02
-3.350848299999999863e-02
-2.072122499999999937e-02
-8.930576599999999476e-02
2.279499999999999929e-02
-4.030744700000000319e-02
-4.128558000000000228e-02
-4.882380000000000053e-02
-5.669576999999999950e-02
-9.381109499999999712e-02
-1.451763900000000058e-02
1.029674899999999914e-02
1.176100599999999920e-02
-7.339654999999999617e-03
-5.194743000000000277e-02
-2.666866199999999923e-02
4.126935500000000062e-02
1.651526400000000172e-02
2.060416899999999857e-02
-8.010362000000000038e-02
-1.389521399999999948e-02
-2.372722099999999973e-02
4.792297000000000223e-02
3.925247500000000195e-02
1.847773200000000018e-02
3.281081000000000275e-02
1.575096999999999955e-02
-2.353622199999999900e-02
9.034380000000000058e-04
1.984585800000000094e-02
5.704231400000000065e-04
9.001335000000000586e-02
4.829093400000000064e-02
-3.629373799999999900e-02
-3.366995999999999878e-02
-3.303996000000000016e-02
3.536779799999999890e-02
5.238878400000000074e-02
6.120113699999999747e-03
-1.776762100000000080e-02
-1.082568149999999993e-02
5.418188000000000171e-02
1.554854000000000045e-03
-6.165732000000000157e-02
1.202472299999999931e-02
1.671384799999999990e-02
-5.026781599999999989e-02
-1.408741999999999980e-02
-3.381648999999999766e-02
-3.202147799999999905e-02
6.594946600000000173e-03
3.591194699999999962e-02
6.261970999999999510e-02
1.790086000000000108e-02
5.695543399999999923e-02
-3.220372999999999986e-02
4.404388399999999842e-02
6.904987599999999788e-03
-7.626306000000000231e-03
6.341194999999999471e-02
-2.701530400000000040e-02
-2.780024700000000015e-02
-8.605065000000000630e-02
-1.794074200000000076e-05
2.826028999999999868e-03
-4.698854000000000225e-02
-2.057350800000000077e-02
3.574470800000000004e-02
7.081210999999999582e-03
-1.568733500000000017e-02
-5.815780499999999992e-02
2.494286399999999862e-02
4.273326699999999839e-02
-2.773398200000000077e-02
-7.452345499999999713e-03
-7.496808699999999576e-03
-1.825451000000000157e-02
2.777898700000000151e-02
-1.014633800000000084e-03
1.486794800000000062e-02
4.474124299999999999e-02
-3.432450000000000084e-02
6.451234999999999609e-02
3.519301800000000126e-03
-2.805660899999999972e-02
2.404579100000000039e-02
9.311743000000000797e-03
-2.486046399999999879e-02
-6.248975999999999836e-02
-1.331467700000000046e-02
-4.231838000000000266e-02
2.278295899999999846e-02
1.323668700000000045e-02
4.111075799999999725e-02
1.575761700000000154e-02
-2.447218600000000232e-04
6.005934999999999746e-02
-2.675234699999999924e-02
2.128013900000000087e-03
-1.706398699999999921e-02
-2.780811099999999994e-02
-5.470879700000000345e-02
9.638439000000000381e-03
3.484113599999999825e-03
1.546422800000000000e-02
-5.738228000000000079e-02
2.993395999999999904e-02
-1.896356000000000083e-02
-7.119784999999999309e-02
-1.304422400000000096e-03
-2.254560400000000034e-02
3.813910999999999690e-02
-1.143756699999999918e-02
3.235675400000000146e-02
-2.019351000000000132e-02
-4.797337200000000024e-02
4.294391699999999812e-02
4.280077999999999661e-03
1.016638400000000053e-02
-7.632458600000000155e-03
7.518264499999999934e-03
-4.254745299999999897e-02
5.038647000000000264e-03
-1.064186100000000072e-02
6.862576999999999913e-03
-4.938619600000000026e-02
5.098287399999999747e-02
2.183375900000000119e-02
-3.313675499999999691e-02
-6.318577999999999695e-02
1.409584749999999963e-02
2.528538700000000118e-03
4.747281200000000312e-02
4.682738000000000178e-02
-2.398685999999999874e-02
-3.150417700000000126e-02
-1.257934599999999993e-02
3.524492700000000228e-02
-8.764650000000000218e-02
3.502972800000000303e-02
-5.474361999999999978e-02
-7.645780999999999931e-03
-1.698282400000000053e-02
3.372189800000000015e-02
-2.577087999999999948e-02
-1.060239999999999967e-02
1.519889299999999978e-02
5.546466299999999738e-02
-3.382670000000000121e-02
-1.681022500000000156e-02
-5.443128600000000233e-02
-3.391905499999999657e-02
-1.454778899999999986e-01
-8.084970999999999824e-03
4.370178999999999730e-02
2.981320000000000150e-02
2.620975099999999988e-02
2.958992100000000167e-02
-2.451176799999999975e-02
-5.583569999999999939e-04
3.443386799999999942e-02
-1.073680800000000046e-02
1.164731400000000063e-02
-2.182579399999999906e-02
3.669673600000000063e-02
-6.718889300000000127e-04
6.551969300000000038e-03
-4.325202999999999687e-02
1.888369599999999843e-02
-5.081766499999999798e-02
2.097805999999999976e-02
-1.588016000000000080e-02
-4.332691400000000109e-02
2.516374600000000072e-02
9.235100000000000253e-02
-2.387956000000000106e-02
2.600867299999999951e-02
8.189438999999999746e-03
4.803260799999999747e-02
1.435573100000000005e-02
-4.121940599999999815e-04
-5.109412599999999666e-02
-7.139486999999999917e-02
-3.634405000000000274e-02
1.762503799999999912e-02
-7.903788000000000133e-03
3.811311299999999708e-02
8.096979999999999456e-02
8.642877000000000198e-03
-1.173272499999999940e-02
-6.510957999999999850e-03
1.033382499999999961e-02
5.406052599999999764e-02
1.337759900000000043e-02
4.444869199999999798e-02
2.365982200000000049e-02
2.735984500000000069e-02
7.328524299999999991e-03
1.129940150000000032e-02
6.310569500000000331e-02
4.715567500000000106e-02
1.488593199999999929e-02
3.061276699999999906e-02
6.275587000000000526e-02
1.393026200000000055e-02
-3.396169000000000271e-02
-1.026142000000000026e-02
2.308645000000000141e-02
2.846283999999999967e-02
4.257043000000000285e-03
1.720897299999999894e-02
-3.439947200000000038e-02
-5.019850700000000332e-02
3.023366400000000124e-03
-1.179035299999999994e-02
-3.899616399999999983e-02
2.016706599999999825e-03
-3.256733700000000176e-02
-2.262874999999999956e-02
2.485536199999999890e-02
-1.867034799999999981e-02
5.163321299999999725e-02
-8.716261000000000148e-02
1.749382799999999903e-03
-1.971365699999999901e-02
-1.028322899999999963e-02
-4.112597999999999948e-02
6.306741400000000219e-02
-2.651848500000000136e-02
3.166954599999999981e-02
-2.213876899999999912e-02
3.036697000000000007e-02
2.317511100000000171e-02
8.125808999999999463e-03
-3.856348200000000309e-02
-4.109373000000000366e-03
1.397677299999999963e-02
-3.087137800000000140e-02
4.335413999999999934e-02
-2.715858199999999882e-03
4.199110000000000342e-02
4.226187000000000173e-03
8.552706999999999671e-02
-2.456001799999999943e-02
-6.123319599999999668e-02
4.491755699999999685e-02
2.454699399999999906e-02
-3.949198000000000291e-02
-3.480648199999999970e-02
1.064407199999999921e-02
-3.456761700000000187e-02
-2.463538599999999870e-02
4.317236299999999832e-02
1.546440999999999961e-02
3.764785999999999827e-02
4.370069000000000037e-02
4.125145000000000092e-04
4.362255300000000141e-02
4.638496400000000075e-02
1.827395299999999903e-02
-9.741438999999999307e-03
-5.365586299999999809e-02
1.090619699999999942e-03
-3.271749000000000011e-03
2.526067199999999964e-03
-1.983533599999999855e-02
1.378227799999999937e-03
1.587193300000000126e-02
-1.778612799999999827e-02
7.543412600000000412e-02
-2.328962000000000046e-02
5.711775999999999659e-02
3.759691999999999895e-02
-3.558864400000000261e-02
-1.049862099999999965e-02
3.944301000000000057e-02
2.850685999999999845e-02
1.592605199999999957e-02
5.734270000000000339e-02
-1.038526000000000032e-02
1.098282000000000078e-02
1.914841100000000060e-02
-1.118708300000000044e-02
1.685470299999999866e-02
7.016149000000000170e-03
-7.177124299999999672e-03
3.033325300000000099e-02
1.580071799999999832e-02
2.557656499999999902e-02
-5.004630999999999663e-02
-7.266839599999999622e-02
3.621782999999999947e-02
-5.384161000000000155e-03
2.772334599999999941e-02
-2.550835699999999887e-02
2.903509400000000001e-03
-6.199110299999999879e-02
-1.792537199999999845e-02
5.044756999999999714e-02
3.286378000000000216e-02
-1.387422399999999924e-02
-9.243671000000000179e-03
-3.690494200000000308e-02
4.320363299999999823e-02
2.577868000000000173e-02
2.826815099999999831e-02
2.530009999999999898e-02
1.001016499999999969e-02
9.184330000000000271e-02
3.149855000000000016e-02
-3.552729300000000145e-02
-1.623544000000000029e-02
2.995808800000000077e-02
-1.285002599999999920e-03
-3.478044599999999958e-02
7.545784500000000429e-04
-5.896194700000000066e-02
-2.847021199999999995e-03
-2.936627899999999861e-02
2.862056500000000146e-03
2.500424000000000049e-02
-2.089311599999999977e-02
7.437989999999999576e-05
4.043119800000000152e-02
-3.077072299999999982e-02
-2.451758299999999904e-02
5.597359500000000272e-03
4.637754000000000008e-03
2.621811300000000036e-03
-4.252628199999999858e-02
2.579777299999999954e-02
-2.602402900000000061e-02
6.881835000000000035e-02
-1.929105600000000087e-02
-3.454052299999999659e-02
5.734024599999999749e-02
6.704512999999999445e-02
2.050658899999999868e-02
-5.412254500000000107e-02
-3.010306700000000071e-02
-3.599788200000000188e-02
1.162585300000000023e-02
-6.283776500000000376e-02
-2.982245799999999961e-02
3.393186599999999803e-02
-9.728937000000000002e-03
3.205801400000000013e-03
-3.023966599999999838e-02
3.184548799999999819e-02
2.765977999999999840e-02
-4.428976800000000019e-02
-1.011558700000000054e-02
-1.452849700000000003e-03
6.143735699999999800e-03
-1.443092999999999980e-02
3.467194999999999999e-02
-7.217483000000000232e-04
-1.937240700000000121e-02
-1.936862799999999885e-02
2.462501500000000010e-02
-1.135111200000000001e-02
1.059201799999999992e-02
3.821849000000000079e-02
-1.279266899999999957e-02
3.241972999999999990e-03
-7.068235400000000106e-03
-1.445397699999999980e-02
4.128355999999999693e-02
2.973862700000000012e-02
4.460887200000000080e-02
2.755499800000000069e-02
4.951205999999999663e-02
5.913647600000000032e-02
6.953233999999999977e-03
4.176145800000000130e-02
2.793244500000000019e-02
6.448603999999999448e-02
2.710954000000000141e-02
6.822266599999999778e-03
3.613219799999999732e-02
5.471306699999999718e-02
3.890424199999999860e-02
1.995901600000000217e-03
5.673176399999999703e-02
-3.482314200000000137e-02
5.572419199999999878e-02
-5.147617000000000165e-02
-1.786604500000000054e-02
-2.137440599999999857e-02
-1.176063999999999929e-02
2.178956599999999980e-02
-2.520593600000000170e-02
3.074268800000000065e-02
-2.111145500000000206e-03
-1.280155300000000024e-02
-1.941170000000000048e-02
4.307576300000000302e-02
-5.656413700000000044e-02
2.258360400000000018e-02
-2.498372999999999913e-02
-7.593264399999999359e-02
-4.621944000000000052e-02
-3.848836600000000302e-02
3.760065499999999672e-02
-9.285866000000000259e-03
2.438546299999999958e-02
9.841852999999999366e-03
-1.444772300000000086e-02
3.194797800000000187e-02
-1.595709999999999837e-02
9.335147000000000236e-03
-3.103993500000000114e-02
-6.481592999999999383e-02
1.583491000000000065e-02
3.173683599999999744e-02
1.700892299999999871e-02
-3.107699200000000120e-02
-1.157360200000000054e-02
1.727064999999999850e-02
1.211660999999999988e-02
-1.305932800000000026e-02
-3.601540999999999770e-02
1.586898000000000128e-02
-2.116879300000000172e-02
2.419404699999999978e-02
-4.485247999999999839e-03
1.484032799999999985e-02
-2.431428499999999972e-03
6.715726999999999678e-04
-5.161421699999999696e-02
6.538394999999999624e-02
-4.410135999999999917e-02
-1.694970599999999841e-02
5.023146800000000134e-02
4.091604799999999653e-02
3.639060999999999858e-03
4.006835999999999731e-02
-3.284706999999999905e-02
6.849025000000000252e-02
5.374511200000000287e-03
-2.164842599999999839e-02
-6.208130700000000224e-02
-1.831214499999999842e-02
-8.667745999999999784e-02
-8.122959000000000776e-03
1.837538199999999913e-02
-3.623949100000000041e-03
3.355531999999999959e-02
-2.957168599999999981e-02
-5.000403999999999960e-02
-7.784162000000000026e-02
-1.372458600000000042e-02
-5.123541999999999680e-02
-5.579501800000000178e-02
2.916199900000000095e-02
1.287180999999999916e-02
-1.204574799999999951e-04
1.654564400000000171e-02
5.736117600000000200e-04
2.571847099999999969e-02
-4.192971999999999672e-02
-1.068412399999999970e-02
4.186772600000000094e-02
1.915884400000000126e-02
5.269717399999999941e-02
-1.603282799999999897e-02
-7.786605499999999999e-03
-1.891691200000000100e-02
7.200808000000000209e-02
-2.638061900000000098e-02
-5.519307400000000169e-02
-6.642967499999999359e-02
-2.575859999999999955e-02
2.376626399999999875e-02
2.008754399999999884e-02
-3.351569000000000076e-02
6.006120200000000277e-03
3.969594500000000331e-02
8.657608999999999444e-02
1.157415200000000075e-02
-3.134873500000000257e-02
1.764460799999999913e-02
-8.723819000000000712e-03
-5.138428999999999913e-02
6.997253000000000153e-03
4.755683200000000027e-02
1.863919600000000024e-02
4.446760000000000296e-02
-5.258153399999999922e-02
-4.585365299999999769e-03
-2.540853399999999998e-02
-4.281463999999999583e-03
2.536971299999999860e-02
-2.984078399999999867e-02
4.943712000000000280e-04
-3.071882199999999979e-02
2.369332700000000014e-02
-1.576222500000000123e-02
-8.617925999999999712e-03
-1.333058000000000029e-03
-1.331604550000000005e-02
-2.000671399999999836e-02
-6.553405499999999384e-02
6.060966000000000097e-03
-1.313748699999999978e-02
-1.602361500000000147e-02
5.584641999999999905e-03
-2.134915399999999866e-02
1.003723959999999971e-04
2.801978800000000033e-02
5.260022999999999956e-03
2.750082499999999958e-02
-3.068105700000000246e-04
1.109613700000000071e-02
-3.198804000000000231e-02
1.330610699999999931e-02
7.329043500000000100e-03
1.284572200000000039e-02
1.905714299999999861e-02
-2.960352399999999912e-02
-2.789677100000000076e-02
-1.005517499999999953e-02
6.930102000000000484e-02
-4.270570999999999916e-03
1.290393249999999964e-02
1.127454699999999935e-02
-1.653125899999999954e-02
-6.316244999999999499e-02
-8.432610000000000106e-03
6.799476000000000131e-02
-1.553793250000000056e-02
9.612241400000000324e-02
-2.983881899999999907e-02
6.876772700000000418e-03
-4.356778000000000386e-03
1.238919599999999989e-02
-2.783690800000000048e-02
-2.222228199999999945e-02
-3.901353999999999933e-02
-3.183078400000000086e-02
2.375370800000000185e-03
-1.161737200000000081e-02
6.243491999999999792e-02
4.663806999999999675e-02
7.219882700000000188e-03
2.048347699999999993e-02
-2.430670500000000137e-02
2.966834399999999927e-02
4.279866400000000015e-02
-6.771166300000000006e-03
-1.091524800000000022e-03
3.521384699999999951e-02
6.062072000000000294e-02
1.866966700000000090e-02
5.030657000000000184e-02
-1.948589599999999908e-02
7.903810999999999476e-02
1.187310999999999922e-02
4.441705700000000284e-02
4.867989200000000238e-02
1.804401699999999900e-02
1.054988400000000069e-02
-2.093660300000000155e-02
-1.198988299999999979e-02
-4.524463399999999885e-02
1.730148899999999976e-02
4.079235999999999973e-02
1.910169800000000029e-02
-4.642285399999999951e-02
4.077451600000000045e-04
-1.237020399999999923e-02
-2.052789199999999897e-02
4.428206400000000292e-02
-2.386696799999999882e-02
-4.043309400000000275e-02
4.113912599999999808e-02
3.710489000000000148e-02
-3.447617000000000043e-02
-1.145843700000000014e-02
-2.769177199999999991e-02
-1.161163299999999968e-02
1.566237200000000079e-02
-3.914019500000000262e-02
1.105288199999999912e-03
1.431985799999999955e-02
-4.952295999999999782e-02
-8.493584399999999646e-02
5.653450699999999773e-03
-1.789045800000000014e-03
3.810408300000000040e-03
1.661816799999999913e-02
-1.421960400000000027e-03
-1.563611800000000093e-02
-4.170307999999999654e-02
2.668824800000000122e-02
4.441679999999999934e-03
-3.085305199999999887e-02
7.340319500000000441e-02
2.449137700000000167e-02
-2.658124599999999935e-02
-1.795195000000000124e-02
1.512312999999999939e-03
9.130549000000000304e-02
-4.902975300000000231e-02
